/*--------------------------------*- C++ -*----------------------------------*\
  =========                 |
  \\      /  F ield         | OpenFOAM: The Open Source CFD Toolbox
   \\    /   O peration     | Website:  https://openfoam.org
    \\  /    A nd           | Version:  10
     \\/     M anipulation  |
\*---------------------------------------------------------------------------*/
FoamFile
{
    format      ascii;
    class       volScalarField;
    location    "64000";
    object      yPlus;
}
// * * * * * * * * * * * * * * * * * * * * * * * * * * * * * * * * * * * * * //

dimensions      [0 0 0 0 0 0 0];

internalField   uniform 0;

boundaryField
{
    right
    {
        type            cyclic;
    }
    left
    {
        type            cyclic;
    }
    outerWall
    {
        type            calculated;
        value           nonuniform List<scalar> 0();
    }
    stirrerWall
    {
        type            calculated;
        value           nonuniform List<scalar> 
398
(
0.461009
0.301171
0.199561
0.147592
0.124674
0.114118
0.108085
0.104143
0.101757
0.100995
0.101841
0.104211
0.107959
0.11302
0.119232
0.126515
0.134828
0.143928
0.153802
0.164413
0.175646
0.187427
0.199592
0.211953
0.224364
0.236627
0.248559
0.259955
0.270564
0.280074
0.288202
0.295096
0.300552
0.304547
0.307104
0.308456
0.30881
0.308128
0.306547
0.304533
0.302019
0.297007
0.289069
0.279872
0.270244
0.259725
0.248785
0.238153
0.227526
0.217093
0.206822
0.196872
0.187302
0.178106
0.16925
0.160664
0.15221
0.143963
0.136054
0.128525
0.121375
0.114577
0.108106
0.101892
0.0960349
0.0902377
0.0846594
0.0792102
0.0738875
0.0687584
0.0638234
0.0592815
0.0554086
0.0523102
0.0498001
0.0472871
0.0436598
0.0374568
0.0272453
0.00787214
0.00787214
0.0209921
0.00901208
0.0128117
0.0162664
0.0212218
0.0261834
0.0305355
0.0337171
0.0358756
0.037139
0.037629
0.0374845
0.0368368
0.0357978
0.0344605
0.0329011
0.0311308
0.0293656
0.0275549
0.0258645
0.0243242
0.0228871
0.021535
0.0202687
0.0191012
0.0180679
0.0172141
0.0165988
0.0163058
0.0164584
0.0173483
0.0192101
0.0220408
0.0257157
0.0299508
0.0344378
0.0389569
0.0434072
0.0478551
0.0523506
0.0569281
0.0615712
0.0663973
0.0713892
0.0767267
0.0822472
0.0884298
0.0964575
0.107169
0.120088
0.136297
0.155425
0.177427
0.203272
0.233691
0.268437
0.307423
0.350619
0.398019
0.449604
0.505608
0.566633
0.633609
0.707614
0.789708
0.881381
0.985021
1.10401
1.24264
1.40547
1.59651
1.81786
2.06944
2.34789
2.63847
2.92294
3.19269
3.44206
3.67607
3.88485
4.06929
4.23121
4.37257
4.49611
4.6056
4.70436
4.79637
4.88542
4.97405
5.06335
5.15331
5.24429
5.33502
5.41848
5.48675
5.54577
5.59803
5.63779
5.66519
5.67746
5.68157
5.67866
5.66853
5.65082
5.62558
5.59391
5.55391
5.50504
5.4473
5.38062
5.30484
5.21971
5.125
5.02049
4.90566
4.77975
4.65125
4.51748
4.37641
4.22722
4.0699
3.90493
3.73303
3.55527
3.37305
3.18825
3.00331
0.0318779
0.039663
0.0255594
0.0263406
0.0489213
0.101906
0.187257
0.272705
0.341818
0.388998
0.415275
0.423375
0.415984
0.393261
0.359143
0.320094
0.292193
0.265417
0.237523
0.20906
0.181396
0.155637
0.132395
0.111851
0.0938923
0.078415
0.065666
0.0559191
0.0485819
0.045484
0.057552
0.118372
0.255497
0.386276
0.457023
0.486356
0.486457
0.477423
0.49042
0.527333
0.577864
0.625314
0.668929
0.709615
0.751567
0.801133
0.874354
1.01621
1.25778
1.96512
3.80576
6.60275
9.3696
10.8479
10.4783
10.4326
9.79833
10.0429
11.3445
11.913
12.4851
12.7002
11.1915
11.2092
11.013
11.8138
12.0823
12.2094
12.0978
11.7609
12.3394
11.8045
12.0931
12.3845
12.6759
12.9597
13.2314
13.4927
13.7444
13.9874
14.2227
14.4511
14.6735
14.8906
15.1032
15.3123
15.5192
15.7257
15.9311
16.1353
16.3389
16.5421
16.7453
16.9489
17.1531
17.3583
17.5646
17.7725
17.9822
18.1943
18.4094
18.6268
18.8471
19.0707
19.2978
19.5287
19.7639
20.0037
20.2486
20.4987
0.0318779
0.0945302
0.145868
0.20208
0.206835
0.198376
0.189915
0.177113
0.206554
0.251038
0.308728
0.380221
0.466265
0.567156
0.682029
0.809336
0.947256
1.09394
1.24715
1.40466
1.5645
1.72522
1.8863
2.0479
2.21154
2.38157
2.55592
2.72225
2.8811
3.03365
3.18224
3.32473
3.46232
3.5967
3.73458
3.87681
4.02187
4.16672
4.33506
4.48391
4.59119
4.72253
4.87163
5.04815
5.26138
5.51673
5.83832
6.26027
6.83224
7.6297
8.55203
9.56566
10.7325
9.91037
11.2636
10.2443
11.0041
10.1864
11.2114
11.4214
11.5308
11.6663
11.5153
11.3148
10.412
10.0831
9.92201
12.2094
12.4168
10.4302
12.0461
9.8433
11.3015
10.3534
7.80095
3.7191
1.23926
0.806321
0.753089
0.640288
)
;
    }
    top
    {
        type            empty;
    }
    bottom
    {
        type            empty;
    }
    procBoundary1to0
    {
        type            processor;
        value           uniform 0;
    }
}


// ************************************************************************* //
