/*--------------------------------*- C++ -*----------------------------------*\
  =========                 |
  \\      /  F ield         | OpenFOAM: The Open Source CFD Toolbox
   \\    /   O peration     | Website:  https://openfoam.org
    \\  /    A nd           | Version:  10
     \\/     M anipulation  |
\*---------------------------------------------------------------------------*/
FoamFile
{
    format      ascii;
    class       volScalarField;
    location    "68000";
    object      yPlus;
}
// * * * * * * * * * * * * * * * * * * * * * * * * * * * * * * * * * * * * * //

dimensions      [0 0 0 0 0 0 0];

internalField   uniform 0;

boundaryField
{
    right
    {
        type            cyclic;
    }
    left
    {
        type            cyclic;
    }
    outerWall
    {
        type            calculated;
        value           nonuniform List<scalar> 0();
    }
    stirrerWall
    {
        type            calculated;
        value           nonuniform List<scalar> 
398
(
0.527508
0.344571
0.225347
0.164998
0.136153
0.121616
0.113155
0.10806
0.105245
0.104314
0.105086
0.107398
0.111074
0.116039
0.122147
0.129322
0.137519
0.146658
0.156626
0.167282
0.178564
0.1904
0.202604
0.21502
0.227501
0.23984
0.251847
0.263319
0.27401
0.283601
0.291802
0.298793
0.30435
0.308429
0.311037
0.312396
0.312695
0.311919
0.310327
0.308348
0.305708
0.300417
0.292266
0.282844
0.272996
0.262263
0.251291
0.240526
0.229772
0.21922
0.208843
0.198796
0.189142
0.17987
0.170938
0.162279
0.153754
0.14545
0.137484
0.1299
0.122698
0.115851
0.109329
0.103065
0.0971467
0.0913101
0.0856785
0.0801868
0.0748043
0.0696223
0.064631
0.0600283
0.0560938
0.0529405
0.0503842
0.0478306
0.0441562
0.0378788
0.0275467
0.0079572
0.0079572
0.021218
0.00911652
0.0129612
0.0164656
0.0214887
0.0265219
0.0309456
0.0341933
0.0364112
0.0377285
0.0382661
0.0381618
0.0375468
0.0365331
0.0352129
0.0336626
0.0318871
0.0301191
0.0282882
0.0265655
0.0249964
0.0235318
0.0221549
0.020865
0.0196718
0.0186107
0.0177276
0.0170817
0.0167567
0.0168703
0.0177113
0.0195497
0.0223977
0.0261384
0.0305
0.0351669
0.0398927
0.0445799
0.0492399
0.0539273
0.0586441
0.0634009
0.0682642
0.0733446
0.0787412
0.0843368
0.0906075
0.0987425
0.109645
0.122768
0.139157
0.158724
0.181174
0.20752
0.238648
0.274277
0.314292
0.358668
0.40738
0.460415
0.518019
0.580834
0.649848
0.726205
0.811034
0.905974
1.0137
1.13799
1.28363
1.45557
1.65797
1.8931
2.16054
2.45585
2.76292
3.06194
3.34384
3.60326
3.84418
4.05827
4.24629
4.41058
4.55345
4.67792
4.78782
4.88626
4.97748
5.06557
5.15331
5.24198
5.33172
5.42296
5.51451
5.60033
5.67073
5.73174
5.78572
5.82788
5.85952
5.87326
5.87909
5.87818
5.87014
5.85451
5.83107
5.80111
5.76311
5.71616
5.6601
5.59484
5.5202
5.43595
5.34175
5.23742
5.12252
4.99649
4.86452
4.72833
4.58512
4.43368
4.27369
4.10549
3.92968
3.74719
3.55936
3.36789
3.17504
0.0325705
0.0397289
0.0257278
0.0273968
0.0522839
0.111361
0.202457
0.292022
0.36329
0.411103
0.437035
0.444046
0.435052
0.410314
0.373663
0.332689
0.303135
0.274761
0.245278
0.215286
0.186254
0.159346
0.135178
0.113901
0.0953635
0.0794584
0.0664868
0.0566924
0.049295
0.0470474
0.063903
0.137142
0.287755
0.418478
0.485
0.508788
0.501761
0.489197
0.502153
0.541276
0.594423
0.648123
0.701771
0.755999
0.802367
0.85461
0.933567
1.09366
1.36049
2.22133
4.22231
6.97397
9.2933
10.0762
10.8762
9.70608
10.0348
11.3052
11.654
12.2766
12.5892
11.4965
12.9235
11.5611
12.8158
11.504
13.0275
11.3199
11.7538
12.2677
11.7404
12.0319
12.3258
12.6214
12.9171
13.2051
13.481
13.7463
14.0018
14.2485
14.4874
14.7194
14.9453
15.1657
15.3816
15.594
15.8041
16.0138
16.2224
16.4298
16.6366
16.8429
17.0493
17.2561
17.4635
17.6718
17.8814
18.0925
18.3056
18.5212
18.7396
18.9604
19.1842
19.4113
19.642
19.8766
20.1155
20.3591
20.6078
20.862
0.0325705
0.0969233
0.150196
0.208661
0.213692
0.204124
0.19377
0.181422
0.212935
0.26018
0.321566
0.397821
0.489739
0.59756
0.72015
0.855603
1.00194
1.15705
1.31836
1.48349
1.65044
1.81786
1.98516
2.15255
2.32172
2.49751
2.67524
2.84421
3.00559
3.16121
3.31165
3.45627
3.59621
3.73271
3.87347
4.01933
4.16673
4.31658
4.4883
4.63613
4.75355
4.89566
5.05994
5.25614
5.49148
5.78012
6.15038
6.64306
7.32024
8.25363
9.22727
10.3248
9.74568
9.69079
9.91176
9.97956
10.0252
10.1242
10.2834
10.3892
10.2131
10.1236
10.0478
9.99832
11.3854
11.4561
10.2675
9.92816
9.84021
12.1995
12.2683
11.1806
11.4082
10.6362
10.3375
6.05659
2.13768
0.937659
0.769701
0.692929
)
;
    }
    top
    {
        type            empty;
    }
    bottom
    {
        type            empty;
    }
    procBoundary1to0
    {
        type            processor;
        value           uniform 0;
    }
}


// ************************************************************************* //
