/*--------------------------------*- C++ -*----------------------------------*\
  =========                 |
  \\      /  F ield         | OpenFOAM: The Open Source CFD Toolbox
   \\    /   O peration     | Website:  https://openfoam.org
    \\  /    A nd           | Version:  10
     \\/     M anipulation  |
\*---------------------------------------------------------------------------*/
FoamFile
{
    format      ascii;
    class       volScalarField;
    location    "59000";
    object      yPlus;
}
// * * * * * * * * * * * * * * * * * * * * * * * * * * * * * * * * * * * * * //

dimensions      [0 0 0 0 0 0 0];

internalField   uniform 0;

boundaryField
{
    right
    {
        type            cyclic;
    }
    left
    {
        type            cyclic;
    }
    outerWall
    {
        type            calculated;
        value           nonuniform List<scalar> 0();
    }
    stirrerWall
    {
        type            calculated;
        value           nonuniform List<scalar> 
398
(
0.426922
0.286919
0.20058
0.146463
0.113037
0.0980149
0.0928801
0.0920309
0.0930411
0.0949692
0.0975652
0.100876
0.104966
0.109893
0.115683
0.12236
0.129965
0.138529
0.147844
0.157833
0.168393
0.179431
0.19084
0.202478
0.214185
0.225768
0.237057
0.247852
0.257903
0.266968
0.274878
0.281445
0.286709
0.29062
0.293193
0.294652
0.295182
0.294738
0.293215
0.291135
0.288755
0.283935
0.276453
0.268004
0.258867
0.248935
0.238506
0.228346
0.218257
0.208302
0.198496
0.188989
0.179837
0.171024
0.162514
0.154248
0.146097
0.138131
0.130482
0.123198
0.116285
0.109717
0.103462
0.0974677
0.0917835
0.086184
0.0808084
0.0755164
0.07041
0.0654709
0.0607469
0.0564542
0.0528572
0.0500135
0.0477221
0.0453903
0.041944
0.0360007
0.0261999
0.00757457
0.00757457
0.020201
0.00865313
0.0122775
0.0155128
0.0201863
0.0248806
0.0290116
0.0320421
0.0340985
0.0353041
0.0357745
0.0356403
0.0350263
0.034039
0.0327663
0.0312809
0.0296003
0.0279058
0.026175
0.0245601
0.0230874
0.0217124
0.020412
0.0191888
0.018057
0.017049
0.0162061
0.0155833
0.0152582
0.0153406
0.0160968
0.0177727
0.0203843
0.0238444
0.0278873
0.0321925
0.0365385
0.0407414
0.0449343
0.0491151
0.0533385
0.0575813
0.0620103
0.0665573
0.0714456
0.0765693
0.0823371
0.0897829
0.0998268
0.111924
0.127076
0.14505
0.165647
0.189776
0.218111
0.250473
0.286822
0.32716
0.371496
0.419805
0.472255
0.529329
0.591816
0.660681
0.736876
0.82164
0.91679
1.02501
1.14985
1.29541
1.46558
1.66307
1.88875
2.1408
2.40709
2.67151
2.92593
3.16488
3.39088
3.59633
3.77976
3.9421
4.08508
4.21037
4.3215
4.42212
4.51544
4.60518
4.6939
4.78275
4.87169
4.96084
5.04955
5.13203
5.19915
5.25664
5.30731
5.34569
5.37233
5.38347
5.38622
5.38187
5.37029
5.35115
5.32507
5.2922
5.25111
5.2015
5.14344
5.07688
5.00169
4.91761
4.82459
4.72233
4.61021
4.4875
4.36421
4.23549
4.09971
3.9563
3.80544
3.64774
3.48407
3.31557
3.14373
2.97055
2.79847
0.0308169
0.0395904
0.0253217
0.0248002
0.0439164
0.0878087
0.164282
0.242992
0.308599
0.354713
0.381526
0.391346
0.386521
0.367076
0.337063
0.300954
0.275594
0.251297
0.225886
0.199827
0.174328
0.150384
0.128619
0.109259
0.0922625
0.0775117
0.0651132
0.0554893
0.048429
0.0445963
0.0509919
0.0994435
0.212678
0.336598
0.413869
0.450929
0.455773
0.442688
0.446696
0.475902
0.526308
0.58252
0.635106
0.680774
0.7201
0.759701
0.810909
0.912521
1.10925
1.52542
2.79388
5.13199
7.94206
10.2255
11.0244
9.79344
11.8095
11.4217
9.87017
10.5869
11.9585
12.4882
12.6728
11.1838
11.3428
11.6419
12.9505
11.4359
12.0793
11.959
11.491
11.7751
11.7677
12.0527
12.3381
12.6159
12.8818
13.1374
13.3836
13.6213
13.8515
14.0751
14.2927
14.5051
14.7132
14.9179
15.1203
15.3224
15.5234
15.7234
15.9226
16.1215
16.3204
16.5197
16.7196
16.9204
17.1224
17.3258
17.531
17.7385
17.9489
18.1616
18.3772
18.5959
18.8181
19.044
19.2741
19.5087
19.7482
19.9928
0.0308169
0.0908519
0.139218
0.192124
0.196613
0.189718
0.18365
0.170835
0.197328
0.23787
0.29031
0.355061
0.432796
0.52386
0.627711
0.743286
0.868972
1.00328
1.14444
1.29042
1.43944
1.58998
1.7413
1.8937
2.04849
2.2094
2.37809
2.53943
2.69419
2.84269
2.98634
3.12544
3.25919
3.39123
3.52495
3.66279
3.8059
3.94689
4.10339
4.25287
4.3599
4.47828
4.61135
4.76547
4.95003
5.16778
5.43382
5.77477
6.22785
6.84652
7.71316
8.61427
9.63523
10.8293
11.3444
10.1499
10.7753
10.8529
10.0574
11.0318
11.1507
11.2512
11.3938
11.4584
11.24
10.2855
10.1095
9.70869
11.8546
10.1439
9.51901
9.29323
11.2931
11.2341
7.78194
3.43378
1.11744
0.750811
0.702637
0.592912
)
;
    }
    top
    {
        type            empty;
    }
    bottom
    {
        type            empty;
    }
    procBoundary1to0
    {
        type            processor;
        value           uniform 0;
    }
}


// ************************************************************************* //
