/*--------------------------------*- C++ -*----------------------------------*\
  =========                 |
  \\      /  F ield         | OpenFOAM: The Open Source CFD Toolbox
   \\    /   O peration     | Website:  https://openfoam.org
    \\  /    A nd           | Version:  10
     \\/     M anipulation  |
\*---------------------------------------------------------------------------*/
FoamFile
{
    format      ascii;
    class       volScalarField;
    location    "27000";
    object      yPlus;
}
// * * * * * * * * * * * * * * * * * * * * * * * * * * * * * * * * * * * * * //

dimensions      [0 0 0 0 0 0 0];

internalField   uniform 0;

boundaryField
{
    right
    {
        type            cyclic;
    }
    left
    {
        type            cyclic;
    }
    outerWall
    {
        type            calculated;
        value           nonuniform List<scalar> 0();
    }
    stirrerWall
    {
        type            calculated;
        value           nonuniform List<scalar> 
398
(
0.254495
0.192173
0.137006
0.0966006
0.0710456
0.0567282
0.04898
0.044713
0.0423629
0.041227
0.0409812
0.0414569
0.042533
0.0441481
0.0462591
0.0488383
0.0518632
0.0553114
0.0591512
0.0633418
0.0678352
0.0725813
0.0775418
0.082693
0.0880325
0.0934809
0.0988664
0.104088
0.109225
0.114137
0.118782
0.123062
0.126903
0.130232
0.132968
0.134987
0.136314
0.13715
0.137205
0.13597
0.133669
0.131041
0.128879
0.12659
0.123625
0.120235
0.116544
0.112498
0.108139
0.103702
0.0992061
0.0946732
0.0901174
0.0856861
0.0813345
0.0770404
0.0727756
0.0684912
0.0642803
0.0602054
0.0563369
0.0526903
0.0492602
0.0460551
0.0430454
0.0402087
0.0375474
0.0350939
0.0329025
0.0309997
0.0294072
0.028153
0.0272631
0.026676
0.0261698
0.0253254
0.0235842
0.0203477
0.0148904
0.00432777
0.00432777
0.0115515
0.00484701
0.00673572
0.00787577
0.00963875
0.0113389
0.012822
0.0138506
0.0144793
0.0147783
0.0147978
0.0145876
0.0141954
0.013663
0.0130265
0.0123151
0.0115574
0.0107722
0.0100191
0.00934083
0.00870722
0.00811194
0.00755605
0.00704172
0.00657917
0.00618375
0.0058748
0.00567771
0.00562638
0.00578928
0.0062507
0.0070201
0.00806515
0.00930101
0.0106205
0.011941
0.0132087
0.0144086
0.0155442
0.0166537
0.0177485
0.0188921
0.0201344
0.0215733
0.0232751
0.0253376
0.0279439
0.0312083
0.0352966
0.0400428
0.0458117
0.0523532
0.0598022
0.0682102
0.0775566
0.0878695
0.0991719
0.111506
0.124928
0.139516
0.155374
0.172626
0.191422
0.21193
0.234348
0.258899
0.285834
0.315428
0.348015
0.383891
0.423293
0.466814
0.515169
0.568951
0.628077
0.690536
0.756297
0.825543
0.898218
0.973311
1.04849
1.1248
1.20302
1.27853
1.3508
1.41809
1.47865
1.53526
1.58824
1.63804
1.6863
1.73271
1.77806
1.82271
1.86643
1.90925
1.95051
1.98885
2.02188
2.0502
2.07585
2.09611
2.10689
2.11042
2.10825
2.10027
2.0871
2.06895
2.04618
2.01912
1.98805
1.95304
1.91346
1.86992
1.82354
1.77416
1.72108
1.66543
1.614
1.56001
1.50417
1.44742
1.39068
1.33463
1.27978
1.22651
1.17519
0.016188
0.0298525
0.0191545
0.0150211
0.014711
0.0169114
0.021382
0.0285798
0.0399552
0.0524843
0.0631112
0.0713627
0.0770469
0.0801261
0.0806929
0.0796799
0.0779744
0.0754822
0.0726203
0.0693549
0.0656777
0.0616923
0.057511
0.0532643
0.0491143
0.0452028
0.0416553
0.0386491
0.036444
0.035409
0.0376027
0.0458732
0.0607986
0.0824885
0.107455
0.132389
0.155632
0.176009
0.195621
0.215845
0.236581
0.257967
0.279902
0.30125
0.322724
0.346716
0.37178
0.400393
0.430782
0.464726
0.505804
0.551037
0.612863
0.694382
0.795595
0.915572
1.10105
1.49265
2.2931
3.57828
5.22946
7.0283
8.74694
10.162
11.039
11.3504
11.2243
10.9071
11.1598
11.1622
11.5302
11.8691
11.7371
9.63644
9.96273
10.3715
11.7031
12.2404
11.4636
11.668
11.9572
12.216
12.4159
12.4219
11.4545
12.6295
12.3895
11.0302
11.566
11.7258
11.7775
11.6193
11.4005
11.758
12.0826
11.9158
11.5813
11.7401
11.9022
12.066
12.2313
12.3984
12.5676
12.7392
12.9138
13.0912
13.2706
13.4503
13.6321
13.8164
0.016188
0.0467752
0.067804
0.0910721
0.098406
0.0953929
0.0968783
0.104632
0.118952
0.136878
0.15781
0.18187
0.209044
0.23934
0.272705
0.309067
0.348324
0.390351
0.434987
0.481967
0.531106
0.582323
0.635819
0.692525
0.75579
0.824396
0.893904
0.964067
1.03445
1.10525
1.17611
1.24578
1.31267
1.37462
1.43589
1.49772
1.561
1.62653
1.69684
1.77098
1.86985
1.92439
1.93063
1.95423
1.97314
1.97604
1.978
1.99032
2.00491
2.01677
2.02659
2.03793
2.05008
2.06046
2.06704
2.06778
2.06316
2.05204
2.03303
2.00175
1.96882
1.9185
1.84272
1.7392
1.60803
1.45384
1.28922
1.12808
0.978618
0.857905
0.768374
0.699405
0.675693
0.695362
0.678445
0.602405
0.515903
0.441952
0.375928
0.315759
)
;
    }
    top
    {
        type            empty;
    }
    bottom
    {
        type            empty;
    }
    procBoundary1to0
    {
        type            processor;
        value           uniform 0;
    }
}


// ************************************************************************* //
