/*--------------------------------*- C++ -*----------------------------------*\
  =========                 |
  \\      /  F ield         | OpenFOAM: The Open Source CFD Toolbox
   \\    /   O peration     | Website:  https://openfoam.org
    \\  /    A nd           | Version:  10
     \\/     M anipulation  |
\*---------------------------------------------------------------------------*/
FoamFile
{
    format      ascii;
    class       volScalarField;
    location    "34000";
    object      yPlus;
}
// * * * * * * * * * * * * * * * * * * * * * * * * * * * * * * * * * * * * * //

dimensions      [0 0 0 0 0 0 0];

internalField   uniform 0;

boundaryField
{
    right
    {
        type            cyclic;
    }
    left
    {
        type            cyclic;
    }
    outerWall
    {
        type            calculated;
        value           nonuniform List<scalar> 0();
    }
    stirrerWall
    {
        type            calculated;
        value           nonuniform List<scalar> 
398
(
0.176044
0.121604
0.0910904
0.0756559
0.0673612
0.0624583
0.0593886
0.0576062
0.0569069
0.0572045
0.0584307
0.0605322
0.0634514
0.0671203
0.0715089
0.0764886
0.0820383
0.0881442
0.0948063
0.101984
0.109596
0.117548
0.125832
0.134088
0.14239
0.150548
0.158498
0.1661
0.173218
0.179713
0.185458
0.190354
0.194342
0.197361
0.199389
0.200927
0.202025
0.202286
0.201136
0.198522
0.19496
0.191095
0.186855
0.18202
0.176371
0.170077
0.163525
0.156816
0.149878
0.143148
0.136549
0.130073
0.12374
0.11755
0.111505
0.105573
0.0996545
0.0938562
0.0883044
0.0830376
0.0780479
0.0732988
0.068812
0.0644605
0.0603225
0.0563009
0.0524721
0.0488001
0.0453088
0.0420997
0.0393227
0.0370715
0.0353732
0.0341888
0.0332723
0.0320808
0.0298297
0.0256689
0.0187222
0.00542489
0.00542489
0.0144748
0.00614123
0.00857817
0.0104353
0.0132653
0.0161647
0.0188521
0.0208741
0.0222346
0.0230279
0.023328
0.0232152
0.0227711
0.0220683
0.0211681
0.0201222
0.0189748
0.0177641
0.0165423
0.0154277
0.0144051
0.0134361
0.0125089
0.0116309
0.0108093
0.0100592
0.00940554
0.00887718
0.00851119
0.00836236
0.00854612
0.00926689
0.0105762
0.0124605
0.0147724
0.0172953
0.019842
0.0222974
0.0246293
0.0268506
0.0291092
0.031379
0.0336357
0.0360151
0.0385932
0.0415344
0.0448651
0.0490523
0.0544362
0.061365
0.0696721
0.0801185
0.0919072
0.105446
0.121019
0.138623
0.158336
0.180277
0.204543
0.231201
0.260334
0.29206
0.326562
0.364131
0.405164
0.450148
0.499618
0.554108
0.614269
0.680836
0.755023
0.838201
0.932021
1.03919
1.15737
1.28306
1.41333
1.54514
1.67435
1.80538
1.93052
2.04681
2.15286
2.25
2.33788
2.41903
2.49494
2.5677
2.63861
2.70804
2.77649
2.8432
2.90748
2.96927
3.02421
3.0694
3.10834
3.14018
3.16262
3.17188
3.17238
3.16567
3.15294
3.13412
3.10845
3.07643
3.03816
2.99492
2.94677
2.89359
2.83521
2.77107
2.70041
2.62617
2.54588
2.4692
2.38861
2.30454
2.2174
2.12803
2.03755
1.94694
1.85713
1.76917
1.6843
1.60379
1.52836
0.0205071
0.0336972
0.0219811
0.017666
0.0199759
0.0283453
0.044432
0.0710381
0.101048
0.127384
0.147646
0.161367
0.168273
0.169759
0.165539
0.156555
0.148014
0.139663
0.130878
0.121643
0.112075
0.102302
0.0925995
0.083194
0.0742391
0.0659529
0.0584123
0.0516976
0.0460258
0.0416381
0.038947
0.0398289
0.0524655
0.077944
0.117306
0.161523
0.201987
0.231778
0.252285
0.270864
0.291979
0.319461
0.350711
0.383843
0.416379
0.447488
0.476739
0.503077
0.533881
0.570143
0.622236
0.709598
0.839779
1.09795
1.77659
3.23286
5.36867
7.70448
9.73048
11.018
11.1459
9.17903
9.39815
9.83628
11.9045
11.5072
11.2164
12.3136
12.6983
12.4852
11.5841
12.0402
12.4439
12.7343
12.8175
12.719
13.0418
12.502
11.0694
11.5173
11.3747
12.1565
12.9692
11.4103
11.5751
11.5259
11.6943
11.8639
12.0323
12.1996
12.3664
12.533
12.6996
12.8666
13.0342
13.2027
13.3721
13.5427
13.7147
13.8882
14.0635
14.2409
14.4209
14.6039
14.7895
14.9783
15.1705
15.3661
15.5646
15.7644
0.0205071
0.0584322
0.0853287
0.116726
0.122018
0.120657
0.123846
0.127819
0.140782
0.161698
0.187737
0.219047
0.255258
0.29644
0.342636
0.393846
0.45004
0.511001
0.57637
0.64576
0.718822
0.795143
0.874453
0.95672
1.0421
1.13225
1.23193
1.33635
1.43971
1.54153
1.64158
1.73886
1.83298
1.92645
2.02203
2.11213
2.20002
2.29368
2.39409
2.4943
2.61085
2.6802
2.70972
2.75873
2.7994
2.83847
2.88385
2.92848
2.97365
3.02348
3.08163
3.1509
3.23317
3.33034
3.44186
3.5684
3.71045
3.86885
4.04306
4.22812
4.41536
4.58683
4.7106
4.73368
4.58992
4.21523
3.57905
2.74628
1.90081
1.29179
0.990299
0.806906
0.709798
0.727148
0.709015
0.627778
0.537311
0.446419
0.351619
0.256558
)
;
    }
    top
    {
        type            empty;
    }
    bottom
    {
        type            empty;
    }
    procBoundary1to0
    {
        type            processor;
        value           uniform 0;
    }
}


// ************************************************************************* //
