/*--------------------------------*- C++ -*----------------------------------*\
  =========                 |
  \\      /  F ield         | OpenFOAM: The Open Source CFD Toolbox
   \\    /   O peration     | Website:  https://openfoam.org
    \\  /    A nd           | Version:  10
     \\/     M anipulation  |
\*---------------------------------------------------------------------------*/
FoamFile
{
    format      ascii;
    class       volScalarField;
    location    "35000";
    object      yPlus;
}
// * * * * * * * * * * * * * * * * * * * * * * * * * * * * * * * * * * * * * //

dimensions      [0 0 0 0 0 0 0];

internalField   uniform 0;

boundaryField
{
    right
    {
        type            cyclic;
    }
    left
    {
        type            cyclic;
    }
    outerWall
    {
        type            calculated;
        value           nonuniform List<scalar> 0();
    }
    stirrerWall
    {
        type            calculated;
        value           nonuniform List<scalar> 
398
(
0.169962
0.118502
0.0904492
0.0764175
0.0686705
0.0639511
0.0609721
0.0592528
0.0586461
0.0590735
0.0604747
0.0627924
0.0659674
0.0699454
0.074617
0.0798868
0.0857181
0.0921214
0.0990938
0.106597
0.114585
0.122946
0.131603
0.14023
0.148896
0.157421
0.165726
0.173662
0.181087
0.187856
0.193835
0.198911
0.202996
0.20602
0.208127
0.209732
0.210846
0.211156
0.210146
0.207685
0.204354
0.200248
0.195635
0.19066
0.184711
0.178111
0.171253
0.164173
0.156947
0.149919
0.143007
0.136226
0.129609
0.123149
0.116847
0.110668
0.104512
0.0984707
0.0926795
0.0871835
0.081978
0.0770172
0.0723483
0.0678095
0.0634848
0.059304
0.0552873
0.0514425
0.0477678
0.0443507
0.0413448
0.0388792
0.0369905
0.03564
0.0345912
0.033295
0.030938
0.0266194
0.0194173
0.0056271
0.0056271
0.0150147
0.00637134
0.00892172
0.0109057
0.0139052
0.0169677
0.0197935
0.0218849
0.0232882
0.0240951
0.0243846
0.0242426
0.0237562
0.0230017
0.0220437
0.0209351
0.0197247
0.0184497
0.0171728
0.0160215
0.0149584
0.0139494
0.0129842
0.0120714
0.0112198
0.0104463
0.00977821
0.00924629
0.00889195
0.00877666
0.00904122
0.00989334
0.0113688
0.0134322
0.0159059
0.018572
0.0212347
0.023794
0.0262091
0.0285475
0.0309486
0.0333276
0.0357043
0.0381886
0.0409398
0.0440241
0.0476251
0.0521117
0.0580122
0.0653855
0.074404
0.0854779
0.0979848
0.1124
0.128949
0.147638
0.16857
0.191847
0.21756
0.245766
0.276545
0.310022
0.346408
0.386031
0.429336
0.476851
0.52912
0.586728
0.650456
0.721093
0.800083
0.88874
0.988998
1.10362
1.22982
1.36328
1.50071
1.63897
1.77369
1.91012
2.03829
2.15674
2.26469
2.36279
2.4518
2.53416
2.61143
2.68591
2.75866
2.83006
2.90049
2.96885
3.03459
3.09756
3.15171
3.19605
3.2346
3.26444
3.2847
3.29087
3.28936
3.28083
3.26649
3.24584
3.21828
3.18425
3.14396
3.09849
3.04797
2.99229
2.93125
2.86417
2.79047
2.71294
2.63012
2.55028
2.46602
2.37793
2.28659
2.19301
2.09825
2.0033
1.90911
1.81683
1.72779
1.64336
1.56434
0.0212032
0.034374
0.0224417
0.0180329
0.0207292
0.0300455
0.0480992
0.0778005
0.110099
0.138022
0.159453
0.173551
0.180393
0.181229
0.176213
0.166021
0.156295
0.147123
0.137538
0.127473
0.117083
0.106527
0.0961066
0.0860598
0.0765386
0.0677614
0.0597987
0.0527311
0.0467641
0.0421403
0.0392633
0.0398058
0.0530207
0.0802138
0.122329
0.168815
0.211117
0.241397
0.261726
0.280692
0.30305
0.332452
0.365055
0.397476
0.427659
0.458464
0.489106
0.517494
0.550229
0.589264
0.647858
0.74774
0.897167
1.21559
2.05302
3.69875
5.92352
8.15508
9.81561
10.4208
10.3341
11.0887
11.5038
10.0675
11.7783
9.75465
10.2229
11.5298
10.8388
12.7261
11.9883
12.3911
12.5247
11.2521
12.6967
13.0537
12.4834
10.9077
11.1657
11.5595
12.3327
13.5641
13.538
13.135
11.5498
11.721
11.892
12.0625
12.2321
12.4007
12.5688
12.7367
12.9047
13.0731
13.2421
13.4118
13.5826
13.7547
13.928
14.103
14.2797
14.4586
14.6403
14.8246
15.0117
15.202
15.3957
15.593
15.7935
15.9959
0.0212032
0.0602554
0.0879254
0.120172
0.124799
0.123608
0.127041
0.130616
0.143252
0.164708
0.191533
0.223877
0.261487
0.304361
0.352551
0.406069
0.464854
0.528661
0.597159
0.669903
0.746364
0.826148
0.908987
0.994761
1.08361
1.17712
1.27982
1.38811
1.49508
1.60038
1.70387
1.8045
1.9014
1.99697
2.09416
2.18875
2.27941
2.37622
2.48008
2.58367
2.70192
2.77161
2.80527
2.85762
2.90184
2.94785
2.99758
3.04811
3.10112
3.16077
3.23075
3.31293
3.41132
3.52941
3.66871
3.83032
4.01715
4.23233
4.47833
4.75332
5.05181
5.35524
5.62737
5.8017
5.78919
5.48439
4.79934
3.74591
2.5393
1.55734
1.06036
0.83649
0.709481
0.719694
0.708124
0.630686
0.53924
0.445567
0.346595
0.249195
)
;
    }
    top
    {
        type            empty;
    }
    bottom
    {
        type            empty;
    }
    procBoundary1to0
    {
        type            processor;
        value           uniform 0;
    }
}


// ************************************************************************* //
