/*--------------------------------*- C++ -*----------------------------------*\
  =========                 |
  \\      /  F ield         | OpenFOAM: The Open Source CFD Toolbox
   \\    /   O peration     | Website:  https://openfoam.org
    \\  /    A nd           | Version:  10
     \\/     M anipulation  |
\*---------------------------------------------------------------------------*/
FoamFile
{
    format      ascii;
    class       volScalarField;
    location    "15000";
    object      yPlus;
}
// * * * * * * * * * * * * * * * * * * * * * * * * * * * * * * * * * * * * * //

dimensions      [0 0 0 0 0 0 0];

internalField   uniform 0;

boundaryField
{
    right
    {
        type            cyclic;
    }
    left
    {
        type            cyclic;
    }
    outerWall
    {
        type            calculated;
        value           nonuniform List<scalar> 0();
    }
    stirrerWall
    {
        type            calculated;
        value           nonuniform List<scalar> 
398
(
0.134553
0.118257
0.1049
0.0942076
0.0857302
0.0784258
0.0718412
0.0656338
0.0596369
0.0537244
0.0478526
0.0420428
0.0363584
0.0309064
0.0258698
0.0215226
0.018139
0.0158324
0.0144936
0.013879
0.0137595
0.0139864
0.0144797
0.0151957
0.0161076
0.0171943
0.0184397
0.0198422
0.0213933
0.0230963
0.0249762
0.0270067
0.0291781
0.0314849
0.0338883
0.0363568
0.0388638
0.0414289
0.0440597
0.0467195
0.0493705
0.0519631
0.0544422
0.0568189
0.0590681
0.0611364
0.0629906
0.0644614
0.0652135
0.0651971
0.0647825
0.0644093
0.0642821
0.0641225
0.0635733
0.0626177
0.0612425
0.059589
0.0576588
0.055465
0.0530362
0.0504631
0.0477182
0.0449033
0.0420921
0.0393368
0.0366787
0.0341502
0.0317789
0.0295913
0.02761
0.0258523
0.0243188
0.0229792
0.0217426
0.0204222
0.0187014
0.0161066
0.0118848
0.00348592
0.00348592
0.00931523
0.00374758
0.00516835
0.005437
0.00584699
0.00579006
0.00541495
0.0048707
0.00425368
0.00363268
0.003067
0.00261139
0.00223746
0.00194539
0.00174565
0.00165216
0.00167192
0.00179323
0.00198692
0.00222052
0.00247342
0.00274596
0.00304662
0.00339396
0.00379745
0.00426785
0.00481885
0.0054509
0.00618095
0.00701425
0.00796187
0.00903373
0.0102398
0.0115878
0.0130848
0.0147349
0.01654
0.0185019
0.0206224
0.0229017
0.0253411
0.0279427
0.0307087
0.0336441
0.0367567
0.0400539
0.0435443
0.047231
0.0511247
0.0552387
0.0595562
0.0640804
0.068825
0.0737882
0.0789593
0.0843889
0.0901289
0.0962473
0.102441
0.10852
0.114696
0.120747
0.126549
0.132106
0.137341
0.142245
0.146685
0.150531
0.153867
0.156627
0.158831
0.160457
0.161198
0.160803
0.160145
0.159569
0.158262
0.156221
0.153791
0.151089
0.148243
0.145363
0.142513
0.139689
0.13697
0.134482
0.131987
0.130198
0.128713
0.12437
0.121522
0.119821
0.119037
0.118328
0.117464
0.117394
0.118808
0.120399
0.121818
0.123573
0.126388
0.127666
0.127598
0.126753
0.12454
0.120835
0.115237
0.108142
0.101095
0.0968393
0.0930202
0.0895981
0.0867682
0.085335
0.0857517
0.0880964
0.0920284
0.0969524
0.102175
0.10818
0.113597
0.1173
0.120007
0.1219
0.123023
0.123385
0.123254
0.00438321
0.00958022
0.00616657
0.00451752
0.00377987
0.00337762
0.00312267
0.00299723
0.00299867
0.0031116
0.00330877
0.00355087
0.00380612
0.0040495
0.00427259
0.00446786
0.00462063
0.00471787
0.00475377
0.00472733
0.00464413
0.00451025
0.00433305
0.0041261
0.00390723
0.00369834
0.00353132
0.00346756
0.00372575
0.00514282
0.00862611
0.013919
0.019513
0.024205
0.0277649
0.0306962
0.0335628
0.0364168
0.0392129
0.0418858
0.0446051
0.047448
0.0505435
0.0542116
0.058808
0.0648179
0.071733
0.0799922
0.0900219
0.101011
0.113412
0.127608
0.143507
0.161081
0.1804
0.201491
0.224357
0.249005
0.275457
0.303757
0.333975
0.366213
0.400621
0.437407
0.476794
0.519034
0.564388
0.61315
0.665676
0.722365
0.783597
0.849811
0.921663
1.00022
1.08641
1.17881
1.27581
1.37779
1.48515
1.59807
1.71662
1.84114
1.97186
2.10892
2.25232
2.40224
2.55846
2.7208
2.88891
3.06202
3.2394
3.42048
3.60459
3.79098
3.97894
4.16797
4.35753
4.54711
4.73634
4.92492
5.11213
5.29758
5.48158
5.66527
5.84966
6.0332
6.21612
6.39857
6.58074
6.76283
0.00438321
0.0128804
0.0183266
0.0237683
0.0281158
0.0269943
0.0246598
0.0249659
0.0287747
0.0355032
0.0384105
0.0426195
0.0514621
0.055271
0.0608002
0.0713375
0.0767922
0.0838654
0.0943527
0.102411
0.11135
0.121596
0.132751
0.144849
0.157991
0.171896
0.186392
0.200593
0.213938
0.226604
0.238615
0.249797
0.260015
0.26995
0.279132
0.287688
0.294849
0.30093
0.30692
0.312246
0.317031
0.321465
0.325518
0.329176
0.332504
0.335596
0.338469
0.341042
0.343299
0.345183
0.346509
0.347215
0.347402
0.347137
0.346502
0.345587
0.34419
0.341991
0.338759
0.334888
0.330921
0.326582
0.32184
0.316736
0.311205
0.305142
0.298514
0.291397
0.283824
0.275771
0.267201
0.258248
0.249315
0.240668
0.231832
0.220248
0.206799
0.191278
0.17375
0.154398
)
;
    }
    top
    {
        type            empty;
    }
    bottom
    {
        type            empty;
    }
    procBoundary1to0
    {
        type            processor;
        value           uniform 0;
    }
}


// ************************************************************************* //
