/*--------------------------------*- C++ -*----------------------------------*\
  =========                 |
  \\      /  F ield         | OpenFOAM: The Open Source CFD Toolbox
   \\    /   O peration     | Website:  https://openfoam.org
    \\  /    A nd           | Version:  10
     \\/     M anipulation  |
\*---------------------------------------------------------------------------*/
FoamFile
{
    format      ascii;
    class       volVectorField;
    location    "0";
    object      Urel;
}
// * * * * * * * * * * * * * * * * * * * * * * * * * * * * * * * * * * * * * //

dimensions      [0 1 -1 0 0 0 0];

internalField   uniform (0 0 0);

boundaryField
{
    right
    {
        type            cyclic;
    }
    left
    {
        type            cyclic;
    }
    outerWall
    {
        type            rotatingWallVelocity;
        origin          (0 0 0);
        axis            (0 0 1);
        omega           
        {
            type            table;
            values          
3
(
(0 -5.23598775)
(2500 -7.853981625)
(5000 -20.943951)
)
;
        }
        value           nonuniform List<vector> 
200
(
(1.41343017 -1.545312683 0)
(1.409724553 -1.548695936 0)
(1.405900491 -1.552170306 0)
(1.401954588 -1.555737369 -1.685390736e-21)
(1.397882454 -1.559399502 0)
(1.393680043 -1.563158657 0)
(1.3893426 -1.567017304 0)
(1.384865586 -1.570977593 -1.472809268e-21)
(1.380244636 -1.575041393 0)
(1.375474546 -1.579211176 1.376181107e-21)
(1.370549864 -1.583489475 1.328959116e-21)
(1.36546597 -1.587877946 -1.284026122e-21)
(1.360216917 -1.592379235 0)
(1.35479712 -1.596995499 0)
(1.349200582 -1.60172906 2.311639469e-21)
(1.343421299 -1.606582056 0)
(1.337452786 -1.611556823 -2.152597506e-21)
(1.331288523 -1.616655512 -2.076460761e-21)
(1.324921687 -1.621880292 2.00274536e-21)
(1.318345019 -1.627233456 0)
(1.311551206 -1.632717077 -1.860665393e-21)
(1.304532743 -1.638333118 0)
(1.297281414 -1.644083829 0)
(1.289789276 -1.649970939 0)
(1.282047432 -1.655996612 1.600359069e-21)
(1.274047358 -1.662162383 0)
(1.265779663 -1.668470109 0)
(1.257234623 -1.67492152 0)
(1.248402674 -1.681517833 2.736862706e-21)
(1.239273216 -1.688260624 2.628549865e-21)
(1.22983582 -1.695150903 -2.524116948e-21)
(1.220079064 -1.702189942 0)
(1.209991752 -1.709378357 -2.322483698e-21)
(1.19956172 -1.716716939 -2.225668636e-21)
(1.188776787 -1.724205947 -2.132078865e-21)
(1.177623968 -1.731845625 0)
(1.166089988 -1.739635807 0)
(1.154160973 -1.74757609 1.866138819e-21)
(1.141822643 -1.755665668 0)
(1.129060107 -1.763903423 3.401656964e-21)
(1.115857985 -1.772287801 0)
(1.102200339 -1.780816813 0)
(1.088070584 -1.789488039 -2.939334446e-21)
(1.073451631 -1.798298485 -2.793671825e-21)
(1.058325712 -1.80724464 0)
(1.042674511 -1.816322338 0)
(1.02647902 -1.825526784 0)
(1.009719616 -1.834852447 0)
(0.9923759406 -1.844293057 2.12267765e-21)
(0.9744270168 -1.853841473 0)
(0.9558513574 -1.863489558 1.879508756e-21)
(0.9366262919 -1.873228447 0)
(0.916728955 -1.883047957 -1.648566927e-21)
(0.8961356232 -1.892936849 0)
(0.8748216323 -1.902882765 2.861032237e-21)
(0.8527619708 -1.91287186 0)
(0.8299306434 -1.922888994 2.448334851e-21)
(0.806301082 -1.932917451 0)
(0.7818460214 -1.942938878 0)
(0.7565375613 -1.952933156 1.869691241e-21)
(0.7303470731 -1.962878318 0)
(0.7032453888 -1.972750344 1.509577289e-21)
(0.6752027285 -1.982523072 0)
(0.6461888247 -1.992168013 0)
(0.6161729228 -2.001654212 0)
(0.5851237748 -2.010948104 0)
(0.5530100157 -2.020013247 0)
(0.5197997763 -2.028810277 0)
(0.4854612781 -2.037296576 0)
(0.4499626399 -2.045426154 0)
(0.4132720794 -2.053149424 0)
(0.3753581522 -2.060412954 0)
(0.3361898884 -2.067159261 0)
(0.2957369881 -2.073326569 0)
(0.2539700512 -2.078848567 0)
(0.2108608438 -2.083654157 2.594274845e-22)
(0.1663826861 -2.087667195 3.17118652e-22)
(0.1205105785 -2.090806245 0)
(0.07322175106 -2.092984306 2.136110167e-22)
(0.02449604045 -2.094108555 0)
(1.547722994 -1.410781307 0)
(1.544385397 -1.414460467 1.103303057e-20)
(1.541038271 -1.418131205 0)
(1.537681591 -1.421793545 0)
(1.534315848 -1.425446954 9.24475708e-21)
(1.53094057 -1.429091944 0)
(1.527555998 -1.432728254 0)
(1.524162019 -1.436356004 0)
(1.520758756 -1.439975063 0)
(1.517346331 -1.4435853 6.263347501e-21)
(1.513924505 -1.447186968 0)
(1.510493642 -1.450779685 0)
(1.507053512 -1.454363692 0)
(1.503604118 -1.457938983 -3.877492426e-21)
(1.500145697 -1.461505314 0)
(1.496678024 -1.465062917 0)
(1.493201333 -1.468611551 0)
(1.489715516 -1.472151326 1.491331672e-21)
(1.486220812 -1.475682002 0)
(1.48271675 -1.479204051 0)
(1.479204051 -1.48271675 0)
(1.475682002 -1.486220812 0)
(1.472151326 -1.489715516 1.491331672e-21)
(1.468611551 -1.493201333 0)
(1.465062917 -1.496678024 0)
(1.461505314 -1.500145697 0)
(1.457938983 -1.503604118 -3.877492426e-21)
(1.454363692 -1.507053512 0)
(1.450779685 -1.510493642 0)
(1.447186968 -1.513924505 0)
(1.4435853 -1.517346331 6.263347501e-21)
(1.439975063 -1.520758756 0)
(1.436356004 -1.524162019 0)
(1.432728254 -1.527555998 0)
(1.429091944 -1.53094057 0)
(1.425446954 -1.534315848 9.24475708e-21)
(1.421793545 -1.537681591 0)
(1.418131205 -1.541038271 0)
(1.414460467 -1.544385397 1.103303057e-20)
(1.410781307 -1.547722994 0)
(2.094108555 -0.02449604045 0)
(2.092984306 -0.07322175106 2.136110167e-22)
(2.090806245 -0.1205105785 0)
(2.087667195 -0.1663826861 3.17118652e-22)
(2.083654157 -0.2108608438 2.594274845e-22)
(2.078848567 -0.2539700512 -3.996166785e-22)
(2.073326569 -0.2957369881 0)
(2.067159261 -0.3361898884 0)
(2.060412954 -0.3753581522 0)
(2.053149424 -0.4132720794 0)
(2.045426154 -0.4499626399 0)
(2.037296576 -0.4854612781 0)
(2.028810277 -0.5197997763 0)
(2.020013247 -0.5530100157 0)
(2.010948104 -0.5851237748 0)
(2.001654212 -0.6161729228 -1.005252345e-21)
(1.992168013 -0.6461888247 0)
(1.982523072 -0.6752027285 0)
(1.972750344 -0.7032453888 1.509577289e-21)
(1.962878318 -0.7303470731 0)
(1.952933156 -0.7565375613 1.869691241e-21)
(1.942938878 -0.7818460214 0)
(1.932917451 -0.806301082 0)
(1.922888994 -0.8299306434 2.448334851e-21)
(1.91287186 -0.8527619708 0)
(1.902882765 -0.8748216323 0)
(1.892936849 -0.8961356232 0)
(1.883047957 -0.916728955 0)
(1.873228447 -0.9366262919 0)
(1.863489558 -0.9558513574 1.879508756e-21)
(1.853841473 -0.9744270168 0)
(1.844293057 -0.9923759406 2.12267765e-21)
(1.834852447 -1.009719616 0)
(1.825526784 -1.02647902 0)
(1.816322338 -1.042674511 0)
(1.80724464 -1.058325712 0)
(1.798298485 -1.073451631 -2.793671825e-21)
(1.789488039 -1.088070584 -2.939334446e-21)
(1.780816813 -1.102200339 0)
(1.772287801 -1.115857985 0)
(1.763903423 -1.129060107 3.401656964e-21)
(1.755665668 -1.141822643 0)
(1.74757609 -1.154160973 0)
(1.739635807 -1.166089988 0)
(1.731845625 -1.177623968 0)
(1.724205947 -1.188776787 -2.132078865e-21)
(1.716716939 -1.19956172 -2.225668636e-21)
(1.709378357 -1.209991752 -2.322483698e-21)
(1.702189942 -1.220079064 0)
(1.695150903 -1.22983582 -2.524116948e-21)
(1.688260624 -1.239273216 0)
(1.681517833 -1.248402674 2.736862706e-21)
(1.67492152 -1.257234623 0)
(1.668470109 -1.265779663 0)
(1.662162383 -1.274047358 0)
(1.655996612 -1.282047432 1.600359069e-21)
(1.649970939 -1.289789276 0)
(1.644083829 -1.297281414 0)
(1.638333118 -1.304532743 0)
(1.632717077 -1.311551206 -1.860665393e-21)
(1.627233456 -1.318345019 0)
(1.621880292 -1.324921687 2.00274536e-21)
(1.616655512 -1.331288523 -2.076460761e-21)
(1.611556823 -1.337452786 -2.152597506e-21)
(1.606582056 -1.343421299 0)
(1.60172906 -1.349200582 2.311639469e-21)
(1.596995499 -1.35479712 0)
(1.592379235 -1.360216917 0)
(1.587877946 -1.36546597 -1.284026122e-21)
(1.583489475 -1.370549864 1.328959116e-21)
(1.579211176 -1.375474546 1.376181107e-21)
(1.575041393 -1.380244636 0)
(1.570977593 -1.384865586 -1.472809268e-21)
(1.567017304 -1.3893426 0)
(1.563158657 -1.393680043 0)
(1.559399502 -1.397882454 0)
(1.555737369 -1.401954588 -1.685390736e-21)
(1.552170306 -1.405900491 0)
(1.548695936 -1.409724553 0)
(1.545312683 -1.41343017 0)
)
;
    }
    stirrerWall
    {
        type            noSlip;
    }
    top
    {
        type            empty;
    }
    bottom
    {
        type            empty;
    }
    procBoundary2to3
    {
        type            processor;
        value           uniform (0 0 0);
    }
}


// ************************************************************************* //
