/*--------------------------------*- C++ -*----------------------------------*\
  =========                 |
  \\      /  F ield         | OpenFOAM: The Open Source CFD Toolbox
   \\    /   O peration     | Website:  https://openfoam.org
    \\  /    A nd           | Version:  10
     \\/     M anipulation  |
\*---------------------------------------------------------------------------*/
FoamFile
{
    format      ascii;
    class       volScalarField;
    location    "57000";
    object      yPlus;
}
// * * * * * * * * * * * * * * * * * * * * * * * * * * * * * * * * * * * * * //

dimensions      [0 0 0 0 0 0 0];

internalField   uniform 0;

boundaryField
{
    right
    {
        type            cyclic;
    }
    left
    {
        type            cyclic;
    }
    outerWall
    {
        type            calculated;
        value           nonuniform List<scalar> 0();
    }
    stirrerWall
    {
        type            calculated;
        value           nonuniform List<scalar> 
398
(
0.381601
0.247279
0.167278
0.128852
0.111515
0.102932
0.0980768
0.0951536
0.0936638
0.0935337
0.0947802
0.0973427
0.101106
0.106055
0.112082
0.119088
0.127012
0.135777
0.145225
0.155477
0.16625
0.177572
0.189266
0.201165
0.21312
0.224939
0.236445
0.247426
0.257654
0.26685
0.274813
0.281455
0.286741
0.290673
0.293267
0.294745
0.295323
0.294931
0.293471
0.291469
0.289128
0.284378
0.276931
0.268471
0.259379
0.249459
0.23903
0.228866
0.218732
0.208757
0.19892
0.189369
0.180171
0.171318
0.162779
0.154493
0.146326
0.138345
0.13068
0.123381
0.116455
0.109873
0.103605
0.0975935
0.0919009
0.0862914
0.0809086
0.0756181
0.0705065
0.0655651
0.0608338
0.0565243
0.0529013
0.0500306
0.0477154
0.0453682
0.0419181
0.0359808
0.0261908
0.00757352
0.00757352
0.020199
0.00864856
0.0122799
0.0155301
0.0202193
0.0249187
0.0290421
0.0320531
0.0340863
0.0352646
0.0357042
0.0355371
0.0348892
0.0338674
0.0325611
0.0310423
0.0293335
0.0276067
0.0258558
0.0242378
0.0227618
0.021378
0.020063
0.0188229
0.0176757
0.0166543
0.0158009
0.0151726
0.0148489
0.0149474
0.0157676
0.0175207
0.0202197
0.0237712
0.0278815
0.0322177
0.0365398
0.0407121
0.0448267
0.0488982
0.0529699
0.0570559
0.0613417
0.0657393
0.0705665
0.0756703
0.0815229
0.089094
0.099195
0.111367
0.126668
0.144568
0.165139
0.189288
0.217526
0.249682
0.28575
0.325717
0.36958
0.417326
0.469133
0.52549
0.587177
0.655126
0.730246
0.813722
0.907317
1.01358
1.13588
1.27803
1.44368
1.63513
1.8532
2.09661
2.35359
2.60898
2.85501
3.08579
3.30607
3.50573
3.68447
3.84296
3.98273
4.10545
4.21467
4.3142
4.40725
4.49728
4.58648
4.67568
4.76469
4.85376
4.94191
5.02152
5.08611
5.14223
5.19088
5.22702
5.24954
5.25896
5.26019
5.25421
5.24089
5.22004
5.19288
5.15832
5.11548
5.06429
5.00484
4.93705
4.86075
4.77582
4.68212
4.5791
4.46582
4.34482
4.22306
4.09532
3.96044
3.81808
3.66863
3.51283
3.35166
3.18627
3.01837
2.85006
2.68379
0.0304127
0.0392974
0.0250816
0.0242372
0.0423774
0.0838531
0.157895
0.235016
0.299825
0.345734
0.372739
0.38308
0.379013
0.360536
0.331682
0.296223
0.271538
0.247932
0.2232
0.197762
0.172783
0.149242
0.127779
0.108633
0.0917739
0.0770956
0.0647227
0.0550642
0.0478329
0.0434887
0.0480886
0.0876878
0.196831
0.325407
0.407744
0.447819
0.454213
0.44002
0.436676
0.457105
0.500293
0.554804
0.612761
0.669015
0.718421
0.756558
0.801829
0.881677
1.04979
1.33777
2.2528
4.27705
7.07493
9.69418
11.1305
11.1733
10.2056
10.6745
11.1632
11.4513
11.7148
12.2911
12.5483
11.1586
11.4118
11.762
13.0737
12.9238
11.3771
12.3489
13.3867
11.4303
11.614
11.8972
12.1798
12.4549
12.7181
12.9712
13.2148
13.4501
13.6779
13.8991
14.1144
14.3246
14.5305
14.733
14.9334
15.1333
15.3322
15.53
15.7271
15.9238
16.1206
16.3178
16.5156
16.7143
16.9141
17.1153
17.3183
17.5235
17.7315
17.942
18.1553
18.3716
18.5914
18.8149
19.0425
19.2746
19.5115
19.7535
0.0304127
0.0895263
0.136903
0.188968
0.193719
0.187242
0.181691
0.168406
0.193657
0.232757
0.283353
0.345791
0.420722
0.508498
0.608687
0.720374
0.842013
0.972229
1.10942
1.25162
1.39712
1.54437
1.69258
1.84193
1.99352
2.15066
2.31798
2.4781
2.63184
2.77922
2.92118
3.05908
3.19109
3.32125
3.45232
3.58754
3.72841
3.86551
4.01422
4.16204
4.26784
4.3776
4.50131
4.6429
4.81151
5.01064
5.2505
5.55471
5.95543
6.49708
7.24848
8.11598
9.07269
10.1891
11.5001
10.0336
11.5474
11.6376
12.1242
10.3593
9.93029
9.89292
11.1282
11.2903
12.3345
12.664
12.6852
10.6115
12.2026
11.9666
12.1564
11.7563
10.7031
9.42795
5.49913
2.02345
0.882881
0.71068
0.662646
0.537612
)
;
    }
    top
    {
        type            empty;
    }
    bottom
    {
        type            empty;
    }
    procBoundary1to0
    {
        type            processor;
        value           uniform 0;
    }
}


// ************************************************************************* //
