/*--------------------------------*- C++ -*----------------------------------*\
  =========                 |
  \\      /  F ield         | OpenFOAM: The Open Source CFD Toolbox
   \\    /   O peration     | Website:  https://openfoam.org
    \\  /    A nd           | Version:  10
     \\/     M anipulation  |
\*---------------------------------------------------------------------------*/
FoamFile
{
    format      ascii;
    class       volScalarField;
    location    "72000";
    object      yPlus;
}
// * * * * * * * * * * * * * * * * * * * * * * * * * * * * * * * * * * * * * //

dimensions      [0 0 0 0 0 0 0];

internalField   uniform 0;

boundaryField
{
    right
    {
        type            cyclic;
    }
    left
    {
        type            cyclic;
    }
    outerWall
    {
        type            calculated;
        value           nonuniform List<scalar> 0();
    }
    stirrerWall
    {
        type            calculated;
        value           nonuniform List<scalar> 
398
(
0.580061
0.363128
0.229917
0.164806
0.137218
0.12494
0.118741
0.115035
0.112711
0.111605
0.11182
0.113468
0.116519
0.12088
0.12651
0.133325
0.141305
0.150391
0.160373
0.171074
0.182414
0.194325
0.206658
0.219217
0.231862
0.244371
0.256543
0.268209
0.279074
0.288785
0.297096
0.304225
0.309866
0.313965
0.316593
0.317966
0.318222
0.31732
0.315685
0.313729
0.310967
0.305425
0.29699
0.287182
0.277022
0.265981
0.254852
0.243862
0.232902
0.222169
0.211628
0.201422
0.19161
0.182191
0.173129
0.164356
0.155725
0.14733
0.13928
0.131617
0.124343
0.117429
0.110844
0.104522
0.098527
0.0926368
0.086928
0.0813784
0.0759136
0.0706646
0.0656021
0.0609214
0.0569073
0.0536853
0.0510731
0.0484722
0.044742
0.0383731
0.0278944
0.00805378
0.00805378
0.0214739
0.0092403
0.0131369
0.016714
0.0218386
0.0269849
0.0315202
0.0348605
0.0371495
0.038519
0.0390914
0.0390069
0.0383996
0.0373845
0.0360555
0.034491
0.0327025
0.0309052
0.0290528
0.0272973
0.0257012
0.024212
0.0228153
0.0215093
0.0203009
0.0192248
0.0183271
0.0176672
0.0173286
0.0174273
0.0182406
0.0200649
0.022924
0.0267146
0.0311688
0.0359591
0.0408213
0.0456322
0.0503965
0.0552052
0.0600748
0.0650403
0.0701868
0.0756349
0.0813331
0.0871633
0.0935196
0.101766
0.112809
0.126146
0.142788
0.162827
0.185807
0.212773
0.24477
0.281479
0.322753
0.368565
0.418866
0.473645
0.533168
0.598127
0.669583
0.74875
0.836852
0.935723
1.04843
1.17923
1.33354
1.51668
1.73301
1.9849
2.27116
2.58607
2.91167
3.22626
3.52045
3.78897
4.03565
4.25306
4.44239
4.60667
4.74868
4.87187
4.98016
5.07675
5.16606
5.25234
5.33853
5.42606
5.5152
5.60638
5.6984
5.78569
5.85879
5.9216
5.97726
6.02211
6.05633
6.0722
6.07999
6.08098
6.07486
6.0612
6.03975
6.01112
5.975
5.92996
5.87558
5.81171
5.73819
5.65474
5.56104
5.45679
5.34168
5.2153
5.08011
4.94147
4.79598
4.64207
4.47916
4.30746
4.12752
3.94013
3.7465
3.54831
3.34756
0.0331687
0.0395966
0.0257513
0.0283172
0.0554274
0.120206
0.217087
0.310805
0.384226
0.432601
0.458025
0.463741
0.452825
0.425555
0.385693
0.343253
0.311941
0.281688
0.250334
0.21863
0.188193
0.160197
0.135226
0.113396
0.0944594
0.0783265
0.0654403
0.055737
0.0486227
0.0485238
0.0750653
0.170435
0.340471
0.465909
0.522719
0.534985
0.516874
0.498742
0.511396
0.554029
0.614182
0.675192
0.731213
0.782576
0.825736
0.878669
0.975676
1.17197
1.5482
2.81658
5.28115
8.21674
10.2093
9.68288
10.3392
11.0031
11.6314
12.4928
11.923
12.4443
12.5781
11.1111
11.4825
12.9884
13.011
11.6793
13.2427
11.4185
11.6412
11.6444
11.9394
12.2358
12.5333
12.8327
13.1322
13.424
13.7035
13.9723
14.2312
14.4812
14.7232
14.9583
15.1871
15.4104
15.6292
15.8443
16.0571
16.2695
16.4808
16.6909
16.9003
17.1093
17.3184
17.5278
17.7379
17.9489
18.1612
18.3751
18.591
18.8095
19.0307
19.2544
19.4812
19.7112
19.9449
20.1826
20.4247
20.6715
20.9236
21.1811
0.0331687
0.0990444
0.15408
0.214879
0.220775
0.210044
0.197888
0.185559
0.219021
0.268936
0.333977
0.414974
0.51275
0.627459
0.75767
0.901104
1.05561
1.21883
1.38787
1.56023
1.7339
1.90764
2.08073
2.25346
2.42772
2.60876
2.78947
2.96109
3.1251
3.28378
3.43597
3.58256
3.72475
3.86391
4.00695
4.15623
4.30522
4.45941
4.63347
4.7795
4.90625
5.05776
5.23588
5.45087
5.70819
6.03022
6.45007
7.01597
7.80358
8.77306
9.81762
11.0054
9.98857
11.2788
12.0212
11.4727
11.291
11.4106
12.3502
10.9796
10.7453
11.8961
10.6055
10.2233
11.6169
11.8662
11.9312
11.9008
10.3944
9.97868
12.2175
10.341
9.57704
9.08115
11.0302
7.04763
2.67511
1.06008
0.836337
0.757497
)
;
    }
    top
    {
        type            empty;
    }
    bottom
    {
        type            empty;
    }
    procBoundary1to0
    {
        type            processor;
        value           uniform 0;
    }
}


// ************************************************************************* //
