/*--------------------------------*- C++ -*----------------------------------*\
  =========                 |
  \\      /  F ield         | OpenFOAM: The Open Source CFD Toolbox
   \\    /   O peration     | Website:  https://openfoam.org
    \\  /    A nd           | Version:  10
     \\/     M anipulation  |
\*---------------------------------------------------------------------------*/
FoamFile
{
    format      ascii;
    class       volScalarField;
    location    "48000";
    object      yPlus;
}
// * * * * * * * * * * * * * * * * * * * * * * * * * * * * * * * * * * * * * //

dimensions      [0 0 0 0 0 0 0];

internalField   uniform 0;

boundaryField
{
    right
    {
        type            cyclic;
    }
    left
    {
        type            cyclic;
    }
    outerWall
    {
        type            calculated;
        value           nonuniform List<scalar> 0();
    }
    stirrerWall
    {
        type            calculated;
        value           nonuniform List<scalar> 
398
(
0.2726
0.181586
0.131809
0.107682
0.095752
0.0888992
0.0845459
0.0817748
0.0803887
0.0803597
0.0816513
0.084195
0.0878685
0.092654
0.0984197
0.104969
0.112303
0.120354
0.129078
0.138473
0.148498
0.158913
0.169691
0.180644
0.191643
0.202505
0.213058
0.223094
0.232403
0.240869
0.248368
0.254538
0.259365
0.263017
0.265566
0.267175
0.268054
0.268063
0.266775
0.264713
0.262303
0.257801
0.251263
0.244191
0.236036
0.227271
0.218106
0.208835
0.199733
0.190738
0.181844
0.173176
0.164799
0.156707
0.148869
0.141233
0.133683
0.126285
0.119174
0.112402
0.105977
0.0998769
0.0940598
0.0885218
0.0831946
0.0780071
0.0730399
0.0681246
0.0634448
0.0589248
0.0546685
0.0508955
0.0478083
0.0454162
0.0435114
0.0415124
0.038422
0.0330093
0.024053
0.00696335
0.00696335
0.0185759
0.00792223
0.0112104
0.0140491
0.0181934
0.0223918
0.0260908
0.0287959
0.0306137
0.0316562
0.0320294
0.0318518
0.0312377
0.0302853
0.0290771
0.0276639
0.0261233
0.0245257
0.022923
0.0214652
0.0201203
0.0188577
0.0176545
0.0165177
0.0154646
0.0145248
0.013736
0.0131431
0.012811
0.012838
0.0134726
0.014938
0.0172233
0.0202294
0.0237515
0.0274622
0.0311564
0.0346766
0.0381657
0.041635
0.0451744
0.0487292
0.0523759
0.0561546
0.0601508
0.0645797
0.0696249
0.0760237
0.0847669
0.0952846
0.108537
0.124116
0.14187
0.16261
0.186708
0.214087
0.244817
0.278935
0.316471
0.357424
0.401899
0.450183
0.502806
0.56048
0.623989
0.694172
0.772054
0.859255
0.957791
1.07003
1.1993
1.3478
1.5176
1.70986
1.91667
2.12699
2.33471
2.53464
2.72842
2.90958
3.07477
3.22351
3.35644
3.47454
3.58011
3.67676
3.76797
3.85619
3.94289
4.02871
4.11335
4.19661
4.27854
4.35251
4.41202
4.46328
4.50681
4.53871
4.55699
4.56286
4.56068
4.55121
4.53449
4.51145
4.48177
4.44442
4.39946
4.34714
4.28755
4.22058
4.14643
4.06472
3.97513
3.87671
3.7709
3.66331
3.55213
3.43555
3.313
3.18473
3.05151
2.91432
2.77438
2.63312
2.49228
2.35389
2.22028
0.0275196
0.0386265
0.0247194
0.0217132
0.0330077
0.0605456
0.110899
0.171049
0.225237
0.266405
0.293183
0.30662
0.307643
0.297043
0.278255
0.251967
0.232524
0.214316
0.195328
0.175634
0.155957
0.136974
0.119243
0.103061
0.0885558
0.075683
0.064488
0.055137
0.0479254
0.0429714
0.0415235
0.0552116
0.106351
0.194967
0.280854
0.337371
0.365311
0.371624
0.376614
0.393977
0.429624
0.476184
0.521407
0.56125
0.597487
0.630245
0.668062
0.716318
0.800731
0.956117
1.24081
2.12034
4.00688
6.5963
9.07368
10.6956
11.2266
11.3907
10.2148
10.6059
11.0078
10.2494
11.4789
11.9559
12.4592
12.6439
11.1513
11.3199
11.5138
11.8554
11.8824
11.6805
11.3081
11.7801
12.1245
11.5704
11.8189
12.0584
12.2887
12.511
12.7263
12.9352
13.1387
13.3373
13.5319
13.7234
13.9128
14.1018
14.2899
14.4769
14.6633
14.8495
15.0356
15.2221
15.4093
15.5972
15.7863
15.9767
16.1686
16.3625
16.5587
16.7578
16.9593
17.1636
17.3712
17.5823
17.7973
18.0165
18.2402
18.4685
0.0275196
0.0798783
0.120102
0.164085
0.167134
0.163397
0.162495
0.155597
0.174562
0.205972
0.246408
0.295789
0.354548
0.422903
0.500745
0.587839
0.683394
0.786583
0.896392
1.01179
1.13147
1.25422
1.37915
1.5062
1.6361
1.77128
1.91806
2.06428
2.2057
2.34214
2.47342
2.59995
2.72287
2.84442
2.96461
3.08785
3.21261
3.3417
3.47205
3.61436
3.7208
3.79735
3.89109
3.99022
4.09764
4.22128
4.36737
4.53917
4.75266
5.02541
5.38197
5.86056
6.51599
7.28076
8.11691
9.07792
10.2078
11.5253
9.99585
9.58561
9.4575
9.42929
9.45127
9.49369
10.511
11.792
12.0543
11.8845
11.5976
11.5725
11.3681
11.1831
9.19199
5.35041
2.04436
0.840993
0.658123
0.63228
0.540772
0.402421
)
;
    }
    top
    {
        type            empty;
    }
    bottom
    {
        type            empty;
    }
    procBoundary1to0
    {
        type            processor;
        value           uniform 0;
    }
}


// ************************************************************************* //
