/*--------------------------------*- C++ -*----------------------------------*\
  =========                 |
  \\      /  F ield         | OpenFOAM: The Open Source CFD Toolbox
   \\    /   O peration     | Website:  https://openfoam.org
    \\  /    A nd           | Version:  10
     \\/     M anipulation  |
\*---------------------------------------------------------------------------*/
FoamFile
{
    format      ascii;
    class       volScalarField;
    location    "5000";
    object      yPlus;
}
// * * * * * * * * * * * * * * * * * * * * * * * * * * * * * * * * * * * * * //

dimensions      [0 0 0 0 0 0 0];

internalField   uniform 0;

boundaryField
{
    right
    {
        type            cyclic;
    }
    left
    {
        type            cyclic;
    }
    outerWall
    {
        type            calculated;
        value           nonuniform List<scalar> 0();
    }
    stirrerWall
    {
        type            calculated;
        value           nonuniform List<scalar> 
398
(
0.0175935
0.017406
0.0169425
0.0166239
0.0162967
0.015958
0.0156044
0.0152378
0.0148582
0.0144673
0.0140707
0.0136786
0.0132958
0.0129254
0.0125692
0.0122283
0.0119026
0.011592
0.011297
0.0110199
0.0107637
0.0105309
0.010322
0.0101361
0.00997072
0.00981778
0.00966307
0.00950061
0.00934229
0.00918385
0.0090223
0.0088314
0.00857709
0.00823062
0.00779864
0.00734392
0.00692762
0.00652768
0.00614049
0.00576247
0.00541914
0.00510619
0.00480574
0.0045291
0.00428051
0.00406409
0.00386786
0.00368721
0.00352217
0.00337105
0.00323307
0.00310844
0.00299724
0.00289912
0.00281327
0.00274203
0.00269115
0.00266354
0.00266143
0.00268517
0.0027395
0.00282528
0.0029405
0.00308429
0.00325142
0.00343524
0.00362736
0.00381768
0.00399514
0.00414813
0.00426458
0.00433205
0.00433775
0.00426801
0.00410846
0.00384447
0.00345997
0.00291918
0.00211665
0.000611247
0.000611247
0.00162837
0.000640218
0.000779403
0.000735381
0.000725536
0.000701548
0.000674572
0.000646121
0.00061847
0.000592737
0.000569651
0.000549816
0.000533605
0.000520916
0.000511278
0.000504268
0.000499771
0.000497793
0.000498219
0.000500862
0.00050543
0.000511186
0.000517435
0.000523893
0.000529754
0.000533647
0.000533278
0.000524074
0.000544106
0.000527561
0.000665291
0.000626443
0.000774528
0.000822726
0.000753118
0.00113975
0.000962221
0.00138686
0.00134599
0.00126106
0.00217012
0.00183959
0.00288391
0.00206154
0.00275937
0.00175267
0.00247884
0.00198945
0.00286844
0.00325812
0.00314858
0.00503528
0.00349469
0.00685158
0.00575341
0.0109786
0.0136933
0.0153542
0.0129982
0.011456
0.00601574
0.00631478
0.00484558
0.00867015
0.00704447
0.0133162
0.00968867
0.0130678
0.0153174
0.0130182
0.0171531
0.0191416
0.0116344
0.0252467
0.0126557
0.0124739
0.0151488
0.0109751
0.0142903
0.0162726
0.0139993
0.017953
0.0143476
0.0212259
0.012707
0.0183226
0.016386
0.0139412
0.0197455
0.0151289
0.0131075
0.0190496
0.0123539
0.0156133
0.0197834
0.0122769
0.0169854
0.0114145
0.0112544
0.0136083
0.00797754
0.0100751
0.0111582
0.00793036
0.00965631
0.00870962
0.00675141
0.00656351
0.00660071
0.00870514
0.0100584
0.0107209
0.0117351
0.0125965
0.0132493
0.0136665
0.0132582
0.0128593
0.0125476
0.0122687
0.0118595
0.0111877
0.0104917
0.00987132
0.00956699
0.00941958
0.00928376
0.000518506
0.00115095
0.000752154
0.000542127
0.000440415
0.000376709
0.000327355
0.000288998
0.000260518
0.000240399
0.000225908
0.0002133
0.000201113
0.000189189
0.000177364
0.000165776
0.000154696
0.000144341
0.000135097
0.000127456
0.000121874
0.00011883
0.00011883
0.000122538
0.000130916
0.000144498
0.000163504
0.000187812
0.000216639
0.000248433
0.00028128
0.000313421
0.000343661
0.000371499
0.000396782
0.000419071
0.000438036
0.00045532
0.000471173
0.00048566
0.000498938
0.000510904
0.000521199
0.000529804
0.000536745
0.000542043
0.000545902
0.000548302
0.000548007
0.000544706
0.000538878
0.000526407
0.000510989
0.000507188
0.000453738
0.000546533
0.000429597
0.000731352
0.000575586
0.000960523
0.00111267
0.00197343
0.00216314
0.00273784
0.00230452
0.00382411
0.00605716
0.00741149
0.0135616
0.0109633
0.0136145
0.0251658
0.015499
0.0260476
0.016738
0.0174047
0.0173651
0.00983459
0.0115097
0.0138331
0.0241438
0.0164736
0.0214411
0.0130222
0.0124479
0.0214647
0.0170677
0.0244674
0.0264844
0.0218371
0.0370794
0.0183847
0.0296022
0.0181543
0.0275149
0.0340798
0.025201
0.0420087
0.0167194
0.0187483
0.0184102
0.0281317
0.0289764
0.0309711
0.0353492
0.0347477
0.0382941
0.0399288
0.0401155
0.0398187
0.000518506
0.00153175
0.00218246
0.00283312
0.00337506
0.00330272
0.00284255
0.00252368
0.00256235
0.00298726
0.00374942
0.00354989
0.00287792
0.00235909
0.00191441
0.00150128
0.00104551
0.00098342
0.000836488
0.000645524
0.00043564
0.000384151
0.000327582
0.000275503
0.000232605
0.000232918
0.000244033
0.000257
0.00027962
0.000314889
0.000354845
0.000399402
0.00045563
0.000535379
0.000654692
0.00082915
0.00105348
0.0013059
0.00155862
0.00181322
0.00207552
0.00234058
0.00260555
0.00287133
0.00313793
0.00340559
0.00367524
0.00394794
0.00422469
0.00450674
0.00479532
0.00509164
0.00539686
0.00571178
0.00603724
0.00637426
0.00672367
0.00708616
0.00746235
0.00785282
0.00825824
0.00867946
0.00911755
0.009573
0.0100454
0.0105343
0.011039
0.0115593
0.0120942
0.012642
0.0132001
0.0137646
0.0143329
0.0149013
0.0154625
0.0159959
0.0164987
0.0169769
0.0173954
0.0176446
)
;
    }
    top
    {
        type            empty;
    }
    bottom
    {
        type            empty;
    }
    procBoundary1to0
    {
        type            processor;
        value           uniform 0;
    }
}


// ************************************************************************* //
