/*--------------------------------*- C++ -*----------------------------------*\
  =========                 |
  \\      /  F ield         | OpenFOAM: The Open Source CFD Toolbox
   \\    /   O peration     | Website:  https://openfoam.org
    \\  /    A nd           | Version:  10
     \\/     M anipulation  |
\*---------------------------------------------------------------------------*/
FoamFile
{
    format      ascii;
    class       volScalarField;
    location    "17000";
    object      yPlus;
}
// * * * * * * * * * * * * * * * * * * * * * * * * * * * * * * * * * * * * * //

dimensions      [0 0 0 0 0 0 0];

internalField   uniform 0;

boundaryField
{
    right
    {
        type            cyclic;
    }
    left
    {
        type            cyclic;
    }
    outerWall
    {
        type            calculated;
        value           nonuniform List<scalar> 0();
    }
    stirrerWall
    {
        type            calculated;
        value           nonuniform List<scalar> 
398
(
0.235315
0.20308
0.1753
0.153219
0.136125
0.122207
0.110096
0.0990168
0.0884793
0.0781389
0.0679116
0.05793
0.0484292
0.0396613
0.0321015
0.026273
0.0223863
0.0202099
0.019261
0.0191165
0.0195239
0.020357
0.0215503
0.023055
0.0248255
0.0268034
0.0289647
0.0312792
0.0337834
0.0364546
0.039309
0.0423719
0.0456215
0.049031
0.0525213
0.0560599
0.0596819
0.0633759
0.067096
0.0708082
0.074475
0.0780358
0.0814243
0.0846587
0.087697
0.0904555
0.0929156
0.0950839
0.0964056
0.0966127
0.095766
0.0943066
0.0928109
0.0917106
0.0905728
0.0887237
0.0863709
0.0836678
0.0806082
0.0772416
0.0737906
0.0701411
0.0662881
0.0623713
0.0584766
0.054662
0.0509713
0.0474375
0.0440918
0.0409692
0.0381064
0.035537
0.0332792
0.0313193
0.0295674
0.027792
0.0255413
0.0221001
0.0163746
0.00482253
0.00482253
0.0128946
0.00520833
0.00746367
0.00812068
0.00895763
0.00901753
0.00859633
0.00788822
0.00702438
0.00610705
0.00523002
0.00450623
0.00389013
0.00337187
0.00295837
0.00266855
0.00252895
0.00256113
0.00275942
0.00308309
0.00346198
0.00385184
0.00424715
0.0046683
0.00515239
0.00572221
0.00640455
0.00719898
0.00814933
0.00923747
0.0105063
0.0119547
0.0136019
0.0154607
0.0175447
0.0198626
0.0224198
0.025219
0.0282604
0.031542
0.0350607
0.038815
0.0428059
0.0470365
0.0515117
0.0562375
0.0612201
0.0664821
0.0720487
0.0779298
0.0841399
0.0906489
0.0974718
0.104642
0.112138
0.119936
0.128073
0.136523
0.145362
0.154541
0.163706
0.172957
0.182169
0.191052
0.199596
0.207661
0.215174
0.222229
0.228501
0.233855
0.238489
0.242251
0.244992
0.246789
0.247613
0.247312
0.245765
0.243155
0.239849
0.236886
0.234175
0.230948
0.227412
0.223814
0.220244
0.21671
0.213259
0.209971
0.206781
0.203924
0.201247
0.198791
0.196632
0.19427
0.192869
0.192913
0.19189
0.188552
0.189463
0.195672
0.194241
0.190457
0.188905
0.188983
0.187791
0.184802
0.180939
0.177663
0.175683
0.175572
0.176073
0.176907
0.177886
0.178968
0.180088
0.181581
0.183068
0.184418
0.185596
0.186954
0.188875
0.190613
0.192147
0.193577
0.19499
0.196404
0.19789
0.00673901
0.0144344
0.00916604
0.0066639
0.00553802
0.0049668
0.00466388
0.00459963
0.00476654
0.00512267
0.00562138
0.00618824
0.00676674
0.00731662
0.00781212
0.00823603
0.00857841
0.00882917
0.00897957
0.0090315
0.00899172
0.00887962
0.00872414
0.0085576
0.0084284
0.00841278
0.00864717
0.00948937
0.0118428
0.0161864
0.0223875
0.02951
0.0363884
0.0427756
0.0487121
0.0542384
0.0594386
0.0643924
0.0690756
0.0732088
0.077531
0.0819709
0.0871438
0.0935454
0.102007
0.111839
0.12382
0.138601
0.154715
0.173048
0.194332
0.218695
0.24591
0.275959
0.308832
0.344456
0.382752
0.423671
0.467229
0.513558
0.562944
0.615743
0.672319
0.733064
0.798451
0.869063
0.945556
1.02856
1.11869
1.2169
1.32435
1.44285
1.57499
1.7239
1.89208
2.07765
2.27817
2.49402
2.72547
2.97287
3.23516
3.51041
3.79619
4.08927
4.38677
4.68564
4.98314
5.27699
5.56534
5.84635
6.11887
6.38209
6.63552
6.87892
7.11245
7.33591
7.55012
7.75664
7.95663
8.14983
8.33703
8.51895
8.69629
8.8697
9.03981
9.2072
9.37241
9.53591
9.6981
9.85932
0.00673901
0.0198322
0.0282945
0.0368654
0.0439133
0.0422851
0.0392304
0.0403531
0.0470474
0.0582927
0.0629768
0.0693613
0.0807135
0.0888993
0.0999239
0.113057
0.125533
0.139533
0.15404
0.169038
0.185283
0.202937
0.221985
0.242054
0.263077
0.284732
0.306623
0.32817
0.348417
0.368342
0.387125
0.403889
0.419029
0.434091
0.448487
0.461798
0.472088
0.48133
0.490486
0.498853
0.506858
0.514537
0.521848
0.528585
0.534692
0.540291
0.54556
0.550429
0.554835
0.558563
0.561209
0.562932
0.564102
0.564128
0.563072
0.561841
0.560626
0.560094
0.558862
0.556395
0.552584
0.547413
0.541572
0.53491
0.527401
0.518907
0.509308
0.498338
0.485244
0.46966
0.451822
0.432731
0.413399
0.394516
0.376834
0.361172
0.344325
0.322635
0.297047
0.267481
)
;
    }
    top
    {
        type            empty;
    }
    bottom
    {
        type            empty;
    }
    procBoundary1to0
    {
        type            processor;
        value           uniform 0;
    }
}


// ************************************************************************* //
