/*--------------------------------*- C++ -*----------------------------------*\
  =========                 |
  \\      /  F ield         | OpenFOAM: The Open Source CFD Toolbox
   \\    /   O peration     | Website:  https://openfoam.org
    \\  /    A nd           | Version:  10
     \\/     M anipulation  |
\*---------------------------------------------------------------------------*/
FoamFile
{
    format      ascii;
    class       volScalarField;
    location    "25000";
    object      yPlus;
}
// * * * * * * * * * * * * * * * * * * * * * * * * * * * * * * * * * * * * * //

dimensions      [0 0 0 0 0 0 0];

internalField   uniform 0;

boundaryField
{
    right
    {
        type            cyclic;
    }
    left
    {
        type            cyclic;
    }
    outerWall
    {
        type            calculated;
        value           nonuniform List<scalar> 0();
    }
    stirrerWall
    {
        type            calculated;
        value           nonuniform List<scalar> 
398
(
0.274476
0.223711
0.173259
0.128474
0.093123
0.0688178
0.0538965
0.0453708
0.0406141
0.0380204
0.0367646
0.0364311
0.0367733
0.0376706
0.0390464
0.0408554
0.0430646
0.0456504
0.0485896
0.051858
0.0554296
0.0592641
0.0633137
0.0675559
0.0719851
0.0765588
0.081215
0.085812
0.0903724
0.0948868
0.099289
0.103538
0.107568
0.111306
0.114638
0.117427
0.11972
0.121543
0.122777
0.123261
0.122772
0.121365
0.119447
0.117476
0.115482
0.113387
0.110819
0.107859
0.104611
0.101031
0.0971799
0.0932308
0.0892111
0.0851335
0.0810089
0.0769875
0.0730034
0.0689985
0.0649605
0.0609829
0.0571069
0.0533826
0.0498446
0.0465134
0.0434007
0.0405147
0.037863
0.0354522
0.0332884
0.0313821
0.0297511
0.0284195
0.0274061
0.0266591
0.0259896
0.0250324
0.023273
0.0201109
0.0147649
0.00430547
0.00430547
0.011497
0.00478385
0.00668769
0.0077208
0.00928486
0.0106552
0.0116918
0.0122861
0.0125543
0.0125568
0.0123441
0.0119639
0.0114584
0.0108625
0.0102082
0.00951921
0.00881774
0.00817422
0.00759547
0.00706319
0.00657705
0.00613794
0.00575294
0.00543718
0.00520962
0.00509279
0.00511606
0.00533561
0.00577783
0.00642402
0.00722339
0.00810358
0.00899975
0.00986276
0.0106756
0.011434
0.0121674
0.0129007
0.0136628
0.0145415
0.0155863
0.0168619
0.0183993
0.0203199
0.0226204
0.0254656
0.0287023
0.0325724
0.036943
0.0418785
0.0474211
0.053568
0.0603295
0.0677068
0.0757049
0.084334
0.0936165
0.10359
0.114306
0.125837
0.138269
0.151706
0.166266
0.182086
0.19932
0.218133
0.238696
0.261207
0.285902
0.312963
0.342617
0.3752
0.411066
0.450799
0.494017
0.5393
0.586656
0.635941
0.687347
0.740931
0.795912
0.850505
0.90791
0.966043
1.02358
1.07966
1.13356
1.18328
1.22897
1.27114
1.311
1.34836
1.38473
1.41978
1.4543
1.48861
1.52229
1.55535
1.5869
1.61445
1.63851
1.66096
1.68046
1.69339
1.7001
1.70199
1.69948
1.69264
1.68139
1.66606
1.64705
1.62455
1.59796
1.56811
1.53576
1.50043
1.46278
1.42185
1.37796
1.33592
1.29509
1.25206
1.20844
1.16492
1.12193
1.07964
1.03825
0.0148946
0.0286454
0.018306
0.014137
0.0131218
0.0139392
0.0163119
0.0203437
0.0262108
0.033994
0.041711
0.0478977
0.0522721
0.0549143
0.0559596
0.056169
0.0555578
0.0545192
0.0530453
0.0511405
0.0488674
0.0463287
0.0436296
0.040896
0.038265
0.0358687
0.033886
0.032583
0.0323818
0.0352464
0.0431803
0.0567714
0.075182
0.0953734
0.11607
0.13505
0.152294
0.169406
0.186499
0.203686
0.220938
0.238561
0.255269
0.273809
0.293955
0.315833
0.341971
0.370289
0.400971
0.441446
0.485111
0.535443
0.598512
0.676357
0.761482
0.851995
0.953867
1.08977
1.3219
1.76844
2.55221
3.70702
5.15346
6.74578
8.32012
9.69467
10.6604
10.9963
10.8957
10.6244
10.9266
10.5878
9.73655
11.8007
11.0758
9.57737
9.58801
9.83861
9.9564
9.94806
10.3909
11.268
11.4366
11.5867
11.7661
12.0013
12.2173
12.3834
12.3495
11.2899
11.5098
12.2492
10.9617
11.2284
11.6582
11.6753
11.5737
12.0179
12.5518
11.4565
11.5678
11.7313
11.8962
12.0632
12.2327
12.4044
12.5765
12.7501
12.926
13.1042
0.0148946
0.0431706
0.0622248
0.0826827
0.0909168
0.087976
0.0893447
0.0978004
0.111697
0.128644
0.148204
0.170458
0.195388
0.222966
0.253117
0.285734
0.320668
0.357736
0.39673
0.437452
0.479817
0.524063
0.571445
0.625766
0.682517
0.740821
0.800419
0.860478
0.920686
0.980626
1.03942
1.09518
1.14744
1.19966
1.2512
1.30282
1.35648
1.41205
1.46885
1.5337
1.62407
1.67258
1.67657
1.69045
1.7019
1.70266
1.69954
1.69991
1.70591
1.71325
1.72159
1.72905
1.73228
1.73049
1.72352
1.71236
1.69645
1.67406
1.63825
1.60331
1.563
1.51169
1.4476
1.37083
1.28277
1.18602
1.08258
0.974545
0.877082
0.798216
0.739391
0.701401
0.687544
0.684821
0.659547
0.60151
0.520355
0.443807
0.379796
0.324858
)
;
    }
    top
    {
        type            empty;
    }
    bottom
    {
        type            empty;
    }
    procBoundary1to0
    {
        type            processor;
        value           uniform 0;
    }
}


// ************************************************************************* //
