/*--------------------------------*- C++ -*----------------------------------*\
  =========                 |
  \\      /  F ield         | OpenFOAM: The Open Source CFD Toolbox
   \\    /   O peration     | Website:  https://openfoam.org
    \\  /    A nd           | Version:  10
     \\/     M anipulation  |
\*---------------------------------------------------------------------------*/
FoamFile
{
    format      ascii;
    class       volScalarField;
    location    "63000";
    object      yPlus;
}
// * * * * * * * * * * * * * * * * * * * * * * * * * * * * * * * * * * * * * //

dimensions      [0 0 0 0 0 0 0];

internalField   uniform 0;

boundaryField
{
    right
    {
        type            cyclic;
    }
    left
    {
        type            cyclic;
    }
    outerWall
    {
        type            calculated;
        value           nonuniform List<scalar> 0();
    }
    stirrerWall
    {
        type            calculated;
        value           nonuniform List<scalar> 
398
(
0.439709
0.284577
0.197198
0.149513
0.124437
0.112344
0.106294
0.103026
0.101394
0.101121
0.102197
0.104587
0.108196
0.113016
0.11895
0.12593
0.133904
0.142856
0.152611
0.163072
0.174132
0.185731
0.19774
0.209934
0.222175
0.234322
0.246154
0.257432
0.267941
0.277394
0.285499
0.292363
0.29779
0.301803
0.30441
0.305816
0.30621
0.305574
0.304029
0.302042
0.299547
0.294544
0.286691
0.277619
0.26806
0.25764
0.246813
0.236285
0.225764
0.215428
0.205243
0.195365
0.185868
0.176742
0.167943
0.159409
0.151011
0.142824
0.134968
0.127484
0.120377
0.113622
0.107192
0.101017
0.0951915
0.0894295
0.0838904
0.0784697
0.0731881
0.0680929
0.0631966
0.0587023
0.0548836
0.0518358
0.0493693
0.0468923
0.0433022
0.0371545
0.0270302
0.00781143
0.00781143
0.020831
0.00893684
0.0127001
0.0161074
0.0210028
0.0259063
0.0302112
0.0333626
0.0355039
0.0367616
0.0372548
0.0371196
0.0364852
0.0354619
0.0341411
0.0325981
0.0308453
0.0290916
0.0272927
0.0256138
0.0240829
0.0226525
0.0213033
0.0200367
0.018866
0.0178263
0.016962
0.0163311
0.0160167
0.0161397
0.016988
0.0188114
0.0216148
0.0252837
0.0295303
0.0340369
0.0385653
0.043004
0.0474138
0.0518344
0.0563082
0.0608377
0.0655294
0.0703819
0.0755804
0.0809708
0.0870625
0.0949817
0.10557
0.118334
0.134337
0.153236
0.174958
0.20046
0.230458
0.264718
0.303164
0.345771
0.392535
0.443437
0.498696
0.558889
0.624919
0.697839
0.77868
0.868869
0.97066
1.08727
1.22285
1.3819
1.56842
1.78473
2.03093
2.30402
2.58986
2.8706
3.13767
3.3855
3.61832
3.82699
4.01178
4.17427
4.31642
4.4407
4.55082
4.65016
4.7425
4.83166
4.92023
5.00935
5.09901
5.18951
5.27977
5.3633
5.43154
5.49037
5.54239
5.58208
5.6099
5.62202
5.62596
5.62291
5.61265
5.59482
5.56952
5.53781
5.4978
5.44899
5.39139
5.32495
5.2495
5.16479
5.07063
4.96678
4.85272
4.72771
4.6001
4.46736
4.32746
4.17954
4.0236
3.86012
3.68985
3.51386
3.33355
3.1508
2.96807
0.0316357
0.0395707
0.02546
0.0259911
0.0478832
0.0990183
0.182659
0.266807
0.335206
0.382096
0.408356
0.416663
0.409653
0.387449
0.354046
0.315707
0.288352
0.262095
0.234724
0.206778
0.179593
0.154249
0.13135
0.111083
0.0933501
0.0780497
0.0654138
0.0557452
0.0484931
0.0452627
0.0563263
0.115437
0.249634
0.380266
0.452466
0.483053
0.481685
0.466142
0.47151
0.503014
0.554583
0.611501
0.664573
0.711516
0.752709
0.799776
0.865361
0.998162
1.22779
1.82935
3.49481
6.19484
9.11061
11.1394
11.4795
10.8712
10.6715
11.2023
11.5194
11.7981
12.3669
12.5842
11.1313
11.3044
11.6696
13.2529
13.5503
13.4797
11.9709
13.4904
11.5543
11.7432
12.032
12.3224
12.6126
12.8952
13.1658
13.4261
13.6767
13.9187
14.1531
14.3806
14.6022
14.8184
15.0302
15.2385
15.4445
15.6502
15.8548
16.0582
16.261
16.4634
16.6658
16.8686
17.072
17.2763
17.4819
17.6889
17.8977
18.109
18.3231
18.5396
18.759
18.9817
19.2078
19.4378
19.672
19.9109
20.1547
20.4038
0.0316357
0.0937135
0.144418
0.199953
0.204734
0.196601
0.188679
0.17574
0.204521
0.248134
0.304674
0.374697
0.458941
0.557723
0.670262
0.795127
0.930551
1.07477
1.22566
1.38103
1.53897
1.69797
1.85749
2.01767
2.17993
2.34837
2.52231
2.68839
2.84718
2.99953
3.14789
3.29024
3.42752
3.56166
3.69881
3.84009
3.98466
4.12848
4.2947
4.44364
4.55007
4.67792
4.82257
4.99361
5.20082
5.4471
5.7557
6.15917
6.70418
7.461
8.3709
9.36042
10.495
9.76948
11.1888
11.4271
12.0321
10.4305
10.0862
10.12
10.269
10.4255
10.4807
10.4452
10.1317
9.8441
11.3349
11.5262
11.1777
11.0798
11.8672
11.7014
12.0754
11.1936
7.96246
3.66792
1.20992
0.792207
0.746886
0.630909
)
;
    }
    top
    {
        type            empty;
    }
    bottom
    {
        type            empty;
    }
    procBoundary1to0
    {
        type            processor;
        value           uniform 0;
    }
}


// ************************************************************************* //
