/*--------------------------------*- C++ -*----------------------------------*\
  =========                 |
  \\      /  F ield         | OpenFOAM: The Open Source CFD Toolbox
   \\    /   O peration     | Website:  https://openfoam.org
    \\  /    A nd           | Version:  10
     \\/     M anipulation  |
\*---------------------------------------------------------------------------*/
FoamFile
{
    format      ascii;
    class       volVectorField;
    location    "200";
    object      U;
}
// * * * * * * * * * * * * * * * * * * * * * * * * * * * * * * * * * * * * * //

dimensions      [0 1 -1 0 0 0 0];

internalField   nonuniform List<vector> 
2000
(
(1.92533 37.1102 -6.33374e-18)
(-1.45186 42.3517 7.63542e-18)
(2.2736 48.8408 -6.05658e-18)
(5.51428 56.5921 0)
(8.51194 63.8361 0)
(10.5057 69.3826 1.46865e-16)
(11.7278 73.277 -1.99011e-16)
(12.3524 75.9473 -2.62031e-16)
(12.5242 77.7285 3.38646e-16)
(12.3706 78.9031 4.32614e-16)
(12.0042 79.6877 5.49927e-16)
(11.5074 80.2069 0)
(11.0085 80.5859 8.93962e-16)
(10.2974 80.7113 9.19329e-16)
(9.49605 80.8559 8.9605e-16)
(8.70683 81.163 8.72443e-16)
(8.0161 81.7588 -8.40427e-16)
(7.3692 82.5791 3.83279e-16)
(6.59401 83.6632 3.80973e-16)
(5.55659 85.082 1.5932e-15)
(0.584069 37.1299 5.23667e-18)
(-4.08362 41.6313 1.05052e-17)
(-0.856624 46.9529 -7.37824e-17)
(2.50249 54.4754 -2.37988e-16)
(5.67203 62.0529 4.16001e-17)
(7.97439 68.1195 -6.10221e-16)
(9.43665 72.4914 3.70494e-16)
(10.2399 75.5492 7.52959e-16)
(10.5757 77.629 2.95549e-16)
(10.4872 79.0125 3.79799e-16)
(10.1437 79.917 -9.79916e-16)
(9.58765 80.5125 -6.07354e-16)
(8.93534 80.9343 -8.28671e-16)
(8.11057 81.1404 -8.65389e-16)
(7.18842 81.3782 -2.58845e-15)
(6.23273 81.7996 -9.40887e-16)
(5.26791 82.5367 2.39138e-15)
(4.14838 83.6284 -2.26412e-15)
(2.74966 85.0624 0)
(1.14405 86.719 -2.3658e-15)
(-0.548308 37.2806 2.09944e-18)
(-5.60349 41.1983 -5.52386e-17)
(-4.12632 45.2915 8.58702e-17)
(-1.53139 51.5097 2.61462e-16)
(1.3323 58.986 4.01879e-16)
(4.12887 65.615 1.28863e-16)
(6.0522 70.6587 3.78231e-16)
(7.21574 74.2944 -7.18603e-16)
(7.76227 76.8626 -6.40085e-16)
(7.88944 78.6425 -7.97994e-16)
(7.59098 79.8702 9.89297e-16)
(7.05554 80.7348 0)
(6.36803 81.3869 -2.92777e-15)
(5.46673 81.7436 0)
(4.36761 82.1092 0)
(3.10023 82.6823 0)
(1.65329 83.6307 1.67243e-15)
(-0.0786631 85.0178 -2.92083e-15)
(-2.11059 86.7277 0)
(-4.15464 88.4542 1.65681e-15)
(-1.58811 37.3643 -4.36467e-17)
(-6.60569 40.9231 2.13741e-16)
(-5.95142 44.4791 0)
(-4.61059 49.766 5.11294e-16)
(-2.85421 56.2797 1.41228e-16)
(-0.224747 62.8894 1.21399e-16)
(1.91038 68.4365 -6.40327e-17)
(3.32047 72.658 1.24904e-15)
(4.07384 75.7596 0)
(4.29637 77.9988 5.90416e-16)
(4.08616 79.6082 8.3691e-16)
(3.54607 80.7605 2.19066e-15)
(2.82139 81.6442 2.88072e-15)
(1.77267 82.1969 6.05717e-15)
(0.404792 82.7898 -2.84121e-15)
(-1.28108 83.6605 -1.64812e-16)
(-3.32005 84.9506 5.93722e-15)
(-5.66957 86.6608 3.11196e-15)
(-8.1749 88.5521 3.3278e-15)
(-10.3212 90.0815 3.62622e-15)
(-2.72944 37.2885 0)
(-7.56838 40.5903 -3.78524e-16)
(-7.0615 43.8742 -1.39498e-16)
(-6.86032 48.6104 -5.79283e-16)
(-5.82702 54.1669 -8.81433e-16)
(-4.47743 60.2439 2.33427e-16)
(-2.60147 65.9191 -7.54229e-16)
(-1.22666 70.5889 -1.2625e-15)
(-0.446216 74.2059 -4.89117e-16)
(-0.208192 76.9284 8.15633e-17)
(-0.415866 78.9632 -1.60502e-15)
(-1.00809 80.4751 -2.27633e-15)
(-1.93346 81.6644 -2.66422e-15)
(-3.28061 82.5148 -3.01211e-15)
(-5.04004 83.4504 0)
(-7.24536 84.7525 9.5617e-17)
(-9.9175 86.4596 1.34622e-16)
(-12.7638 88.4211 -3.45149e-15)
(-15.366 90.2252 -1.1727e-14)
(-17.0164 91.1079 3.86905e-15)
(-3.9667 37.051 0)
(-8.69494 40.1167 1.91519e-16)
(-8.04977 43.228 0)
(-8.3491 47.6542 3.38058e-16)
(-7.95571 53.0107 1.11218e-15)
(-7.87518 58.2635 0)
(-6.95406 63.568 1.42602e-15)
(-6.01775 68.3863 2.67276e-15)
(-5.50157 72.3829 0)
(-5.46951 75.5465 -1.13557e-15)
(-5.89958 78.0062 3.79263e-15)
(-6.7634 79.9098 3.75628e-16)
(-8.05386 81.4281 3.27034e-15)
(-9.85365 82.6481 -2.87153e-15)
(-12.1733 84.0601 0)
(-14.9966 85.8935 -6.82088e-15)
(-18.2191 88.0322 -3.7166e-15)
(-21.1283 89.9978 0)
(-23.0289 91.1981 1.00072e-14)
(-23.3394 90.7979 -2.10279e-14)
(-5.24862 36.7048 -8.02778e-17)
(-9.98713 39.4941 4.34892e-17)
(-9.22953 42.5068 -3.64912e-16)
(-9.59406 46.7602 -1.53808e-16)
(-9.98501 51.956 4.40644e-17)
(-10.2799 57.0064 -8.84004e-16)
(-10.6289 61.7715 1.72035e-15)
(-10.5444 66.4326 -2.89531e-15)
(-10.623 70.6081 -3.7577e-15)
(-11.086 74.0988 2.74631e-15)
(-11.9886 76.9389 -2.21123e-15)
(-13.3929 79.2388 -2.6041e-15)
(-15.3772 81.1169 2.80483e-15)
(-17.9557 82.7515 -7.05339e-15)
(-21.0878 84.781 0)
(-24.5015 87.205 1.78042e-14)
(-27.7209 89.5321 -2.0017e-14)
(-29.5312 90.4692 1.12258e-14)
(-29.661 89.7619 1.44197e-14)
(-28.1689 88.1489 4.29399e-16)
(-6.55638 36.2864 9.30772e-18)
(-11.435 38.7706 -1.06306e-16)
(-10.6645 41.6506 4.47824e-16)
(-11.0412 45.7877 -5.52274e-16)
(-11.7117 50.9416 -9.87292e-16)
(-12.5729 56.0237 0)
(-13.5007 60.486 -2.07477e-15)
(-14.5322 64.9368 0)
(-15.4187 69.1498 2.82732e-15)
(-16.6072 72.8475 0)
(-18.2358 76.0172 0)
(-20.4679 78.738 -4.98617e-16)
(-23.5008 81.146 1.43234e-14)
(-27.2475 83.2387 1.0023e-14)
(-31.2519 85.5285 6.27257e-16)
(-34.6967 87.2753 -1.29661e-14)
(-36.5162 87.7617 0)
(-35.3571 87.6528 0)
(-33.5187 87.2506 1.39401e-14)
(-31.6599 85.8517 2.48076e-14)
(-7.89073 35.8449 6.11469e-17)
(-12.9915 38.0002 -2.47824e-16)
(-12.3046 40.7074 1.86001e-16)
(-12.8307 44.7062 -3.19297e-16)
(-13.6737 49.8895 -6.21895e-16)
(-15.0113 55.0934 7.00788e-16)
(-16.382 59.5743 1.44096e-15)
(-18.0672 63.8397 -1.3359e-15)
(-19.7979 68.1413 0)
(-21.7567 72.0001 -4.69573e-15)
(-24.2215 75.5039 4.67701e-15)
(-27.3754 78.7562 -6.64628e-15)
(-31.3392 81.7932 0)
(-35.9004 83.6937 1.26132e-15)
(-39.5047 85.2994 9.0173e-16)
(-40.4933 86.9222 1.58975e-14)
(-40.1475 86.7623 -2.77288e-14)
(-38.5798 85.8068 1.20872e-14)
(-36.672 84.454 -1.13632e-14)
(-34.821 82.9425 -1.04801e-14)
(-9.26842 35.4138 0)
(-14.6224 37.2454 9.41684e-18)
(-14.12 39.6914 -4.66104e-16)
(-14.8891 43.4924 -2.6132e-17)
(-15.9751 48.7184 0)
(-17.6672 54.1685 0)
(-19.588 58.8357 -4.83452e-15)
(-21.435 62.9593 1.7806e-15)
(-23.8256 67.5498 -9.92283e-15)
(-26.3472 71.5798 -1.14174e-15)
(-29.4074 75.2615 1.3153e-14)
(-33.1697 78.5829 -7.66005e-15)
(-37.5079 83.0473 5.18315e-16)
(-41.2956 86.9148 1.57797e-15)
(-43.7591 88.1248 -8.5637e-15)
(-44.5516 87.3457 0)
(-43.8402 84.7887 -1.07407e-14)
(-41.7022 82.5002 4.36697e-14)
(-39.4746 81.2808 -1.95467e-14)
(-37.5012 80.1474 9.84883e-15)
(-10.713 35.0126 5.53078e-17)
(-16.3437 36.4684 2.85289e-16)
(-16.1048 38.6308 4.65185e-16)
(-17.2935 42.1491 2.59483e-16)
(-18.5693 47.3576 5.19506e-16)
(-20.5174 53.0388 0)
(-22.6602 57.895 1.38615e-15)
(-24.6253 61.8378 2.43188e-15)
(-27.3918 66.8415 -7.32955e-15)
(-30.303 71.0167 1.36167e-14)
(-34.2521 75.5292 9.06679e-15)
(-38.9133 80.4896 -6.9404e-15)
(-43.1479 84.7673 1.30418e-14)
(-46.3821 86.7193 7.17085e-15)
(-48.2479 86.5797 7.65363e-15)
(-47.9566 85.2571 9.50162e-16)
(-45.4668 82.2654 -9.52857e-15)
(-42.9264 80.0111 4.11907e-16)
(-41.206 78.9174 -2.08618e-14)
(-39.6162 77.7421 -1.0254e-14)
(-12.2476 34.68 0)
(-18.2553 35.7434 -1.96802e-16)
(-18.492 37.5685 1.83306e-16)
(-19.9681 40.7536 -4.85002e-16)
(-21.4814 45.7552 1.44404e-15)
(-23.6248 51.3835 -1.11433e-15)
(-25.8824 56.1362 0)
(-28.2643 60.0919 0)
(-31.3367 65.69 6.34882e-15)
(-34.8924 71.0163 0)
(-39.0551 75.8494 9.87603e-16)
(-43.1279 80.5078 -1.17218e-14)
(-46.5543 84.6522 6.48178e-15)
(-48.9267 86.8122 -6.08991e-15)
(-49.7659 86.1197 0)
(-48.6526 83.6239 8.74976e-15)
(-46.2048 79.7844 0)
(-44.4103 77.9192 -1.09957e-14)
(-42.7999 76.8931 -2.07164e-14)
(-41.2852 75.7334 1.8024e-14)
(-13.8553 34.4612 -2.18639e-17)
(-20.3299 35.1419 -2.9566e-16)
(-21.0447 36.6079 0)
(-22.8288 39.4319 -7.80262e-16)
(-24.6897 44.3489 -5.93376e-16)
(-27.2201 50.2866 -1.08935e-15)
(-29.813 55.4058 0)
(-32.4073 59.7146 0)
(-35.2396 64.9653 6.74834e-15)
(-38.5646 70.7257 0)
(-42.4947 75.894 6.48029e-15)
(-46.4023 80.8076 -5.20067e-15)
(-49.6295 84.7076 -5.19348e-15)
(-51.6241 86.3658 8.45174e-16)
(-52.0975 85.5846 -2.06098e-14)
(-50.6192 82.5552 7.75857e-15)
(-47.426 78.485 -1.18092e-14)
(-45.5052 76.3202 0)
(-43.7218 75.2949 -1.01833e-14)
(-42.2936 74.1754 2.82972e-14)
(-15.522 34.3899 -1.08503e-16)
(-22.4851 34.6961 5.51167e-16)
(-23.6823 35.6525 -1.82002e-16)
(-25.6982 38.0054 7.51596e-16)
(-27.6876 42.5769 1.38173e-15)
(-30.1786 48.5497 -3.22705e-15)
(-32.8128 54.0056 8.93291e-15)
(-35.3659 58.6175 -1.12466e-14)
(-38.3448 63.6319 -2.33434e-16)
(-41.7519 69.8912 -6.45929e-15)
(-45.5281 75.3692 1.72732e-14)
(-49.0542 80.4682 -1.19205e-14)
(-51.7009 84.2751 5.66606e-15)
(-53.0205 85.7959 0)
(-52.7745 84.6051 0)
(-50.6903 81.0779 0)
(-47.0283 77.1621 1.54423e-14)
(-45.529 75.1904 8.52237e-16)
(-43.7739 74.2138 -1.09443e-14)
(-42.7452 73.2668 -9.56594e-15)
(-17.2343 34.4497 -2.02377e-17)
(-24.6558 34.4635 -6.21278e-16)
(-26.335 34.8609 -3.28294e-16)
(-28.5806 36.5601 3.15606e-16)
(-30.6255 40.3234 9.64524e-16)
(-32.8522 45.7767 -1.12484e-15)
(-35.2788 51.3372 0)
(-37.7258 56.3964 0)
(-40.9795 61.8181 0)
(-44.5015 68.5829 0)
(-47.9713 74.3472 -1.11558e-14)
(-50.835 79.6251 1.78594e-14)
(-52.4085 83.6409 -5.95964e-15)
(-52.9484 85.515 0)
(-51.769 84.6979 0)
(-49.3707 81.3637 0)
(-45.805 77.6122 3.60552e-14)
(-44.4915 74.9057 9.28645e-16)
(-42.9168 73.8664 5.22111e-16)
(-42.6531 73.337 0)
(-18.9787 34.61 0)
(-26.7759 34.4458 1.33519e-15)
(-28.8752 34.4111 -3.53526e-16)
(-31.419 35.4017 2.02666e-15)
(-33.7178 38.0387 -2.92764e-15)
(-35.9521 42.4349 0)
(-38.3249 47.5558 0)
(-40.8444 52.89 1.23805e-14)
(-43.9658 59.0556 0)
(-47.0162 66.2855 0)
(-49.8071 72.4498 -1.29315e-14)
(-51.7164 77.9499 2.09397e-14)
(-52.5954 82.2524 -7.11263e-15)
(-51.7262 84.6487 -3.62452e-14)
(-49.6013 84.6566 -1.45113e-15)
(-46.5181 82.5019 -2.04146e-15)
(-41.9731 80.3982 1.16766e-13)
(-41.4873 76.667 3.56208e-14)
(-41.3269 75.2204 0)
(-42.4723 74.9334 -2.49919e-14)
(-20.7269 34.818 0)
(-28.7326 34.6161 -7.35424e-16)
(-31.1162 34.49 1.33323e-15)
(-34.0191 34.9757 -1.1696e-15)
(-36.7547 36.6402 2.30995e-15)
(-39.3166 39.7861 0)
(-41.7805 44.0503 0)
(-44.3713 49.209 -3.57589e-17)
(-46.6556 55.6244 -7.31715e-15)
(-48.7171 63.0233 6.02765e-15)
(-50.6158 69.7023 1.43989e-14)
(-51.6571 75.7546 -1.66505e-14)
(-51.396 80.4989 -3.90112e-14)
(-49.4953 83.415 3.69051e-14)
(-47.0198 84.0706 1.87305e-14)
(-44.6243 83.2062 -2.20457e-14)
(-42.2146 81.4326 -7.1422e-16)
(-40.9982 78.7076 -2.10865e-14)
(-41.9294 77.2757 -2.16762e-14)
(-44.5682 77.1868 4.40498e-14)
(-22.3806 34.9546 0)
(-30.3492 34.8595 8.84544e-16)
(-32.6723 35.2147 -1.49336e-15)
(-35.9203 35.5589 1.65378e-15)
(-39.1677 36.6634 6.42327e-16)
(-42.1977 38.6799 0)
(-44.8114 41.8096 0)
(-47.2511 45.9168 -6.03572e-15)
(-48.7593 51.5396 -1.51027e-15)
(-49.8622 58.4987 6.65628e-15)
(-50.8344 65.4912 0)
(-50.8017 71.8197 0)
(-49.1347 76.6671 1.80873e-14)
(-46.5976 80.1109 -8.38497e-16)
(-44.1525 82.0298 1.85985e-14)
(-42.0484 82.5615 -1.92547e-14)
(-41.2627 81.8722 0)
(-41.8624 79.8163 0)
(-44.8948 78.6017 0)
(-49.3713 78.538 0)
(-24.1907 34.7848 2.56095e-16)
(-31.2488 34.8506 -2.07454e-15)
(-33.0096 36.1178 2.97903e-15)
(-36.2756 36.9653 -3.43117e-15)
(-39.97 37.9668 -2.3914e-15)
(-43.6344 39.5085 7.70482e-15)
(-46.7599 41.7239 0)
(-49.3952 44.6706 -1.00069e-14)
(-51.017 48.745 -7.27871e-15)
(-51.6357 54.2387 7.57587e-15)
(-51.7416 60.7491 3.47174e-14)
(-50.066 66.9562 -3.62463e-14)
(-47.197 71.8991 3.94891e-14)
(-44.9504 75.6557 -1.7678e-14)
(-43.4014 77.9664 1.8086e-14)
(-42.8047 78.8525 -3.51063e-14)
(-43.4451 78.7584 1.87095e-14)
(-46.9713 77.931 -1.81893e-14)
(-52.6645 77.265 0)
(-59.5854 77.3699 0)
(-26.8289 33.738 0)
(-32.3154 34.2887 2.26357e-15)
(-34.1747 36.5254 -3.80453e-15)
(-37.007 38.5143 0)
(-39.9172 40.3318 0)
(-42.7253 42.0909 -8.45254e-15)
(-45.3222 43.9281 -5.73738e-15)
(-47.5575 45.9828 5.6911e-15)
(-49.1586 48.3867 0)
(-49.8963 51.2158 0)
(-49.9108 54.623 -2.25739e-14)
(-49.7155 58.3913 0)
(-49.5589 62.2056 -3.22207e-14)
(-49.7075 65.4582 -3.18505e-14)
(-50.7631 68.0193 6.09813e-14)
(-53.1409 70.0699 3.38469e-14)
(-56.8773 72.0441 0)
(-61.7886 74.5059 4.40683e-14)
(-65.6566 77.2639 5.14896e-14)
(-66.4452 75.3758 -5.34927e-14)
(4.32605 86.7211 -7.7327e-16)
(3.04457 88.2683 -3.47969e-17)
(1.94411 89.0333 7.7862e-16)
(1.29925 88.411 -7.9691e-16)
(1.01957 86.6974 6.8286e-16)
(0.823519 84.94 -6.47554e-16)
(0.55491 84.0013 5.62194e-16)
(0.206849 84.0257 5.44398e-16)
(-0.149358 84.8398 -4.91319e-16)
(-0.466626 86.3261 -9.52187e-16)
(-0.738491 88.4359 -1.8517e-15)
(-0.979578 91.1408 8.72022e-16)
(-1.19322 94.483 0)
(-1.38344 98.484 0)
(-1.61708 103.387 -1.72336e-15)
(-1.58567 108.736 0)
(-2.45734 115.94 0)
(-0.500826 120.461 8.65004e-16)
(-7.37155 133.529 -8.67288e-16)
(11.5739 124.88 3.0253e-15)
(-0.448549 88.352 -1.71453e-15)
(-1.82301 89.5664 -9.83136e-16)
(-2.70296 89.7262 -6.00275e-17)
(-2.92449 88.5598 -1.58411e-15)
(-2.82408 86.6779 -2.92651e-15)
(-2.77712 85.0348 2.46569e-15)
(-2.90206 84.2188 5.93874e-17)
(-3.15844 84.2663 -2.08044e-15)
(-3.46641 85.0415 -1.99531e-15)
(-3.78229 86.4736 -9.88611e-16)
(-4.09522 88.5304 2.70917e-15)
(-4.4085 91.1832 1.73336e-15)
(-4.72242 94.4867 5.19112e-15)
(-5.05104 98.4513 0)
(-5.45345 103.341 5.16666e-15)
(-5.62915 108.697 -3.52828e-15)
(-6.75266 115.825 6.87191e-15)
(-5.00611 120.365 3.45693e-15)
(-12.3886 133.125 -3.46321e-15)
(6.7993 125.443 -9.97585e-19)
(-5.86399 89.8166 -3.66003e-15)
(-7.02306 90.3798 3.49967e-15)
(-7.43165 89.7526 9.07768e-15)
(-7.14107 88.1142 -1.52528e-15)
(-6.6795 86.2181 0)
(-6.42769 84.7855 -7.0884e-17)
(-6.43287 84.1414 2.25992e-15)
(-6.60469 84.2511 0)
(-6.85928 85.0222 2.0048e-15)
(-7.16102 86.4261 -3.88282e-15)
(-7.50187 88.4492 3.57877e-15)
(-7.87875 91.0646 -3.55701e-15)
(-8.28826 94.3378 7.37393e-17)
(-8.74659 98.2611 -3.37051e-15)
(-9.30789 103.135 -3.44627e-15)
(-9.68905 108.445 0)
(-11.0391 115.568 -3.48415e-15)
(-9.50292 120.133 0)
(-17.2962 132.539 -7.09749e-15)
(1.98877 125.751 0)
(-11.7071 90.7967 1.3598e-16)
(-12.2491 90.4239 -3.85606e-15)
(-11.9726 89.0437 -7.65489e-15)
(-11.1576 87.1871 0)
(-10.4449 85.4654 -5.98573e-15)
(-10.0584 84.301 2.40732e-15)
(-9.97593 83.8334 2.31181e-15)
(-10.0733 84.0129 4.24746e-15)
(-10.2782 84.7974 -3.99066e-15)
(-10.5654 86.1906 3.8839e-15)
(-10.9294 88.1923 1.57274e-16)
(-11.3619 90.7787 -3.47195e-15)
(-11.8622 94.0292 0)
(-12.4443 97.9126 6.88779e-15)
(-13.1618 102.775 -7.05786e-15)
(-13.7433 108.036 -1.71742e-16)
(-15.3246 115.149 -7.17394e-15)
(-13.9812 119.742 6.70574e-15)
(-22.1275 131.764 7.63028e-15)
(-2.81626 125.873 2.90238e-16)
(-17.5106 90.776 1.86072e-14)
(-17.1391 89.4302 -1.3525e-14)
(-16.1816 87.6168 3.80386e-15)
(-14.994 85.8571 0)
(-14.1196 84.4451 0)
(-13.6623 83.5756 -5.25181e-15)
(-13.5094 83.283 9.11847e-15)
(-13.5385 83.5413 -8.64267e-15)
(-13.6982 84.358 3.74262e-15)
(-13.9724 85.7605 7.44395e-15)
(-14.3582 87.7574 7.47134e-15)
(-14.8431 90.3253 -7.10818e-15)
(-15.4338 93.56 6.81044e-15)
(-16.1352 97.4042 -1.31979e-17)
(-17.0103 102.259 7.05692e-15)
(-17.7876 107.457 1.82564e-16)
(-19.6048 114.561 -7.17507e-15)
(-18.4393 119.197 1.32649e-14)
(-27.0127 130.822 -1.41707e-14)
(-7.50423 125.796 -1.2104e-14)
(-22.5774 89.2754 6.01151e-15)
(-21.4019 87.4443 -4.44756e-15)
(-20.0125 85.7072 2.51048e-16)
(-18.626 84.2681 0)
(-17.6994 83.2156 0)
(-17.207 82.634 -1.05533e-14)
(-16.9955 82.5064 9.03371e-15)
(-16.9646 82.8522 1.73042e-14)
(-17.0872 83.7189 -1.18655e-14)
(-17.3551 85.1481 -7.78692e-15)
(-17.7673 87.1534 1.46338e-14)
(-18.3058 89.7115 -2.84042e-14)
(-18.989 92.9361 6.64257e-15)
(-19.8053 96.7421 6.71646e-15)
(-20.8419 101.594 7.058e-15)
(-21.8095 106.717 -6.67762e-15)
(-23.8589 113.808 0)
(-22.876 118.441 1.38209e-14)
(-31.8264 129.683 1.52516e-14)
(-12.1519 125.564 1.27128e-14)
(-26.5475 86.7361 -1.22032e-14)
(-25.0576 85.1456 0)
(-23.5061 83.6269 1.77191e-14)
(-22.0738 82.5229 -1.39209e-14)
(-21.1623 81.8104 0)
(-20.6543 81.4884 0)
(-20.3924 81.5136 -4.67329e-15)
(-20.3142 81.955 -1.71985e-14)
(-20.4129 82.8854 8.03919e-15)
(-20.686 84.3535 0)
(-21.1337 86.3766 0)
(-21.7305 88.9319 7.113e-15)
(-22.512 92.1515 -6.97848e-15)
(-23.4403 95.9205 -6.89546e-15)
(-24.6453 100.772 -1.41226e-14)
(-25.7928 105.81 1.33486e-14)
(-28.0776 112.901 4.39741e-16)
(-27.2787 117.52 4.16326e-16)
(-36.5837 128.353 -1.41443e-14)
(-16.8181 125.175 -1.2154e-14)
(-30.0053 84.2205 -1.05901e-14)
(-28.3983 82.7016 -1.91851e-14)
(-26.749 81.4527 -7.9321e-16)
(-25.3392 80.6651 2.0464e-14)
(-24.4758 80.2445 0)
(-23.9637 80.1509 1.04271e-14)
(-23.6628 80.3205 -9.60189e-15)
(-23.5572 80.865 8.24396e-15)
(-23.6505 81.8685 7.87143e-15)
(-23.9438 83.3834 -7.81695e-15)
(-24.4386 85.4309 7.16995e-15)
(-25.1008 87.9897 0)
(-25.9875 91.2076 -1.42783e-14)
(-27.0265 94.9414 2.75725e-14)
(-28.4108 99.7933 -2.72027e-14)
(-29.7257 104.737 0)
(-32.2548 111.835 8.63352e-18)
(-31.6414 116.414 -1.34689e-14)
(-41.267 126.837 2.89548e-14)
(-21.4995 124.616 -3.59137e-14)
(-33.1239 81.485 -4.76624e-16)
(-31.4292 80.1734 2.5704e-14)
(-29.7366 79.1815 -1.47979e-14)
(-28.3904 78.7215 -6.63667e-15)
(-27.5869 78.5548 1.16837e-14)
(-27.0896 78.6548 -2.1064e-14)
(-26.7763 78.9629 9.20097e-15)
(-26.6722 79.6172 0)
(-26.7831 80.7007 1.74883e-16)
(-27.1145 82.2674 -7.48812e-15)
(-27.6693 84.3433 -1.50132e-14)
(-28.4061 86.9086 1.39091e-14)
(-29.4076 90.1244 -1.42874e-14)
(-30.5556 93.8211 1.3796e-14)
(-32.1329 98.6685 1.44826e-14)
(-33.5998 103.507 -1.33341e-14)
(-36.3878 110.617 4.23017e-14)
(-35.9549 115.13 -1.30385e-14)
(-45.8801 125.149 -2.81741e-14)
(-26.1928 123.873 1.52952e-17)
(-35.7746 78.92 -8.9972e-15)
(-34.0716 77.6994 3.2852e-14)
(-32.4032 76.9018 6.20683e-16)
(-31.1849 76.7294 -2.57223e-14)
(-30.4613 76.7818 -1.19322e-14)
(-30.001 77.0519 2.02806e-14)
(-29.7068 77.4882 0)
(-29.6405 78.2475 8.85717e-15)
(-29.795 79.4086 -1.60346e-14)
(-30.1841 81.0249 0)
(-30.8139 83.1273 -1.4704e-14)
(-31.6353 85.6969 1.42437e-14)
(-32.7634 88.9058 0)
(-34.0208 92.5628 2.75775e-14)
(-35.8065 97.3976 -1.37882e-14)
(-37.407 102.125 0)
(-40.477 109.248 -4.2345e-14)
(-40.2126 113.664 4.06258e-14)
(-50.4117 123.31 2.88549e-14)
(-30.8926 122.935 4.87737e-14)
(-38.0438 76.4804 1.69646e-14)
(-36.3794 75.2578 8.12411e-15)
(-34.7543 74.6483 -1.36772e-14)
(-33.7141 74.7337 -1.28237e-14)
(-33.0816 74.9669 2.24409e-14)
(-32.694 75.3828 -2.00155e-14)
(-32.4542 75.9359 9.28958e-15)
(-32.4558 76.7873 -1.76059e-14)
(-32.6779 78.0138 2.38775e-14)
(-33.1452 79.6694 1.56818e-14)
(-33.8657 81.7917 -1.43937e-14)
(-34.7821 84.3608 3.22891e-16)
(-36.0471 87.5558 -1.36588e-14)
(-37.4138 91.1721 -4.17113e-14)
(-39.4241 95.9823 2.76171e-14)
(-41.1381 100.596 7.25559e-16)
(-44.5223 107.726 2.83501e-14)
(-44.4064 112.011 0)
(-54.8613 121.343 -2.80735e-14)
(-35.5896 121.792 2.43895e-14)
(-39.8483 74.3886 0)
(-38.2889 73.0381 0)
(-36.7575 72.5219 -1.38909e-14)
(-35.9579 72.8052 -5.11874e-16)
(-35.4405 73.1855 3.33453e-14)
(-35.175 73.7169 -9.83054e-15)
(-35.0255 74.3612 9.63592e-15)
(-35.1243 75.2805 -1.67561e-14)
(-35.4381 76.5548 0)
(-36.0004 78.2354 1.53156e-14)
(-36.8258 80.3654 1.47003e-14)
(-37.8476 82.9243 0)
(-39.2591 86.0934 -1.4316e-14)
(-40.735 89.6659 2.72623e-14)
(-42.9854 94.4324 2.7974e-14)
(-44.7901 98.9356 -1.25791e-14)
(-48.5279 106.054 -5.52603e-14)
(-48.5277 110.182 0)
(-59.2421 119.268 0)
(-40.2718 120.438 -5.78409e-18)
(-41.1978 72.758 -1.65096e-14)
(-39.8664 71.1649 0)
(-38.4371 70.6325 1.61665e-16)
(-37.932 71.0179 1.28423e-14)
(-37.5619 71.4989 -2.18521e-14)
(-37.4696 72.0997 0)
(-37.44 72.7993 9.21311e-15)
(-37.6604 73.7539 0)
(-38.0833 75.0506 0)
(-38.7562 76.7369 -1.52709e-14)
(-39.6991 78.8597 0)
(-40.8349 81.3969 1.45782e-14)
(-42.3998 84.5265 -4.2007e-14)
(-43.9846 88.0532 2.7608e-14)
(-46.489 92.7516 -1.3481e-14)
(-48.3607 97.153 5.46554e-14)
(-52.4954 104.231 0)
(-52.5613 108.192 -2.68046e-14)
(-63.5542 117.011 0)
(-44.9301 118.862 4.88313e-14)
(-42.309 71.8006 0)
(-41.254 69.7545 1.21918e-16)
(-39.8755 69.0555 2.77458e-16)
(-39.7169 69.4367 -3.69808e-14)
(-39.5193 69.9637 1.08774e-14)
(-39.6337 70.5698 -1.00696e-14)
(-39.7406 71.2779 -9.17365e-15)
(-40.0963 72.2283 1.74501e-14)
(-40.6362 73.5189 -1.57262e-14)
(-41.4254 75.1889 -3.09055e-14)
(-42.4921 77.2864 1.43692e-14)
(-43.7465 79.7882 1.427e-14)
(-45.4692 82.8629 1.39974e-14)
(-47.1633 86.3407 1.38127e-14)
(-49.9321 90.9411 0)
(-51.8469 95.2591 7.37623e-16)
(-56.4212 102.255 -5.54535e-14)
(-56.4899 106.056 -6.96259e-16)
(-67.7853 114.643 2.73025e-14)
(-49.5554 117.047 -4.88639e-14)
(-43.3024 71.8494 1.83152e-14)
(-42.5661 68.9179 1.53516e-14)
(-41.1599 67.8962 1.37051e-14)
(-41.4184 68.1322 -1.29023e-14)
(-41.4026 68.6221 1.07576e-14)
(-41.7344 69.1524 2.05373e-14)
(-41.9787 69.8159 -8.83955e-15)
(-42.4656 70.719 -3.46573e-14)
(-43.1237 71.9734 -6.73696e-16)
(-44.0298 73.6031 -6.86377e-16)
(-45.2213 75.655 1.43855e-14)
(-46.5932 78.106 -2.85359e-14)
(-48.4725 81.1086 0)
(-50.2751 84.5333 1.44783e-14)
(-53.3121 89.0011 -5.53923e-14)
(-55.2479 93.2654 2.66126e-14)
(-60.3047 100.117 2.81523e-14)
(-60.3013 103.783 0)
(-71.9644 112.169 -2.8106e-14)
(-54.1284 114.975 0)
(-44.5909 73.1373 4.59036e-16)
(-44.1352 68.6861 3.38803e-16)
(-42.5251 67.209 1.43015e-14)
(-43.2193 67.103 -3.88143e-14)
(-43.3364 67.4529 3.36893e-14)
(-43.8426 67.8264 1.01707e-14)
(-44.1987 68.3972 -9.2704e-15)
(-44.7991 69.2154 1.68604e-14)
(-45.5647 70.4074 1.5816e-14)
(-46.5808 71.975 -3.78497e-17)
(-47.8939 73.963 0)
(-49.3799 76.35 -3.23566e-16)
(-51.4128 79.2637 1.37107e-14)
(-53.3229 82.6315 2.83012e-14)
(-56.6236 86.9311 1.37299e-15)
(-58.5645 91.1811 -5.39654e-14)
(-64.1401 97.7961 2.90626e-14)
(-63.9779 101.38 -5.25674e-14)
(-76.1085 109.583 2.81758e-14)
(-58.6309 112.641 0)
(-47.3236 74.91 0)
(-46.4842 68.6555 -1.70129e-14)
(-44.2865 66.8033 -1.47479e-14)
(-45.2704 66.2242 0)
(-45.4232 66.3769 3.51981e-14)
(-46.0196 66.5453 -3.06224e-14)
(-46.4434 66.9947 -3.78798e-14)
(-47.1288 67.7041 -3.16186e-16)
(-47.9838 68.8146 0)
(-49.0962 70.3018 -3.51212e-17)
(-50.5212 72.2103 1.47614e-14)
(-52.1143 74.5228 0)
(-54.2956 77.3328 2.87065e-14)
(-56.3131 80.6403 -5.53561e-14)
(-59.8647 84.7383 2.70539e-14)
(-61.8079 89.0176 -2.21786e-17)
(-67.9238 95.2673 -2.82475e-14)
(-67.5018 98.864 2.66429e-14)
(-80.2375 106.882 -2.96777e-14)
(-63.0332 110.041 4.77278e-14)
(-52.2345 75.1214 0)
(-49.6439 67.6178 0)
(-46.6606 66.0861 -2.94124e-14)
(-47.5881 65.1778 5.20318e-14)
(-47.6793 65.2283 -4.56302e-14)
(-48.2665 65.2239 1.02754e-14)
(-48.718 65.5632 3.74137e-14)
(-49.4584 66.159 1.76378e-14)
(-50.3868 67.1802 -1.58755e-14)
(-51.5826 68.5771 1.53504e-14)
(-53.109 70.3949 -2.98008e-14)
(-54.7995 72.6264 1.39973e-14)
(-57.1227 75.3183 2.87284e-14)
(-59.2498 78.5652 2.90087e-14)
(-63.0355 82.4355 -2.70828e-14)
(-64.9997 86.7834 2.66758e-14)
(-71.6647 92.5139 5.65612e-14)
(-70.8813 96.3054 -2.58329e-14)
(-84.4133 104.08 0)
(-67.2827 107.122 0)
(-57.4049 72.1254 0)
(-52.4155 64.661 1.69643e-14)
(-49.0915 64.8359 -1.4134e-14)
(-49.936 63.8704 -2.6117e-14)
(-49.978 63.9879 1.05681e-14)
(-50.5405 63.8563 2.00454e-14)
(-50.9966 64.1028 2.84797e-17)
(-51.7732 64.5775 0)
(-52.7589 65.4982 0)
(-54.0252 66.7951 3.10435e-14)
(-55.6418 68.5062 6.15328e-16)
(-57.4225 70.6537 -2.83285e-14)
(-59.8755 73.2112 0)
(-62.1163 76.4051 -5.55077e-14)
(-66.1191 80.0252 2.84728e-14)
(-68.1489 84.4911 -8.16394e-14)
(-75.3447 89.551 2.81982e-14)
(-74.1704 93.8852 2.74349e-14)
(-88.7308 101.067 -5.77214e-14)
(-71.3152 103.67 4.74586e-14)
(-56.7244 68.0705 -8.1123e-16)
(-54.3175 61.9658 -1.59351e-14)
(-51.5017 63.409 -1.36461e-14)
(-52.5308 62.5635 1.22372e-14)
(-52.4806 62.7774 2.21208e-14)
(-52.9866 62.5086 -1.91939e-14)
(-53.3632 62.6607 -1.78814e-14)
(-54.1325 63.0021 1.69311e-14)
(-55.1305 63.793 -1.52854e-14)
(-56.4393 64.9747 -1.51142e-14)
(-58.1149 66.5478 2.85666e-14)
(-59.9763 68.607 2.8627e-16)
(-62.5328 71.0004 -2.79775e-14)
(-64.8976 74.1682 2.64519e-14)
(-69.042 77.4734 0)
(-71.2431 82.1859 2.69881e-14)
(-78.7508 86.3482 8.9805e-16)
(-77.361 91.7708 -2.54576e-14)
(-93.1622 97.3762 0)
(-75.0393 99.2731 -4.66729e-14)
(-54.1363 68.5888 1.76593e-14)
(-55.389 60.5347 8.87326e-18)
(-52.9481 61.8307 1.2448e-14)
(-54.3393 60.8981 -2.17563e-14)
(-53.9834 61.3279 -2.96442e-16)
(-54.4487 61.2584 8.50311e-15)
(-54.7131 61.5591 2.37595e-16)
(-55.4756 61.9805 8.72701e-18)
(-56.4756 62.7849 -1.3023e-14)
(-57.8154 63.9552 -1.23918e-14)
(-59.53 65.4805 3.68417e-16)
(-61.4438 67.5072 -1.17537e-14)
(-64.0362 69.7935 0)
(-66.5214 72.9795 4.65032e-14)
(-70.6267 76.0273 0)
(-73.041 80.9705 -2.36624e-14)
(-80.448 84.4725 2.39682e-14)
(-79.2749 90.9157 2.29903e-14)
(-95.1605 95.0083 -3.80469e-16)
(-77.5853 98.2851 2.81436e-16)
(-54.2392 68.0793 0)
(-55.8417 60.4865 1.17024e-14)
(-53.2822 61.5369 0)
(-54.7239 60.6743 8.99961e-15)
(-54.3097 61.0607 0)
(-54.7664 61.0234 -1.33847e-14)
(-55.0109 61.3257 1.92244e-16)
(-55.7688 61.7589 -1.69768e-16)
(-56.7642 62.5554 1.04018e-14)
(-58.1081 63.7193 9.93953e-15)
(-59.8246 65.227 -9.83042e-15)
(-61.7535 67.2455 1.93487e-14)
(-64.3483 69.5048 0)
(-66.8678 72.697 -1.98259e-14)
(-70.996 75.6539 3.2449e-16)
(-73.4476 80.6883 5.67974e-18)
(-80.8233 84.0244 -3.1702e-16)
(-79.7318 90.711 -2.01749e-14)
(-95.5074 94.3419 -1.89509e-14)
(-78.0999 97.9951 -1.5826e-14)
(-54.4911 67.3685 2.18402e-16)
(-56.2813 60.385 -1.77725e-16)
(-53.6338 61.1691 0)
(-55.1077 60.4002 9.22472e-15)
(-54.6398 60.7452 7.32903e-15)
(-55.0833 60.7532 1.3172e-14)
(-55.3085 61.0679 3.76232e-16)
(-56.0605 61.5228 7.14225e-18)
(-57.0517 62.3171 -1.58929e-16)
(-58.4008 63.4781 -1.98668e-14)
(-60.1196 64.9709 -2.02702e-18)
(-62.0648 66.9816 -1.93701e-14)
(-64.6607 69.2156 1.48405e-16)
(-67.2185 72.4132 -3.16988e-16)
(-71.3052 75.3216 -1.99023e-14)
(-73.8565 80.3997 2.05953e-14)
(-81.1222 83.5905 3.36054e-16)
(-80.2065 90.4988 -3.00162e-16)
(-95.808 93.6884 1.9189e-14)
(-78.6511 97.7546 3.17688e-14)
(-54.8117 66.6312 0)
(-56.7277 60.2378 0)
(-54.0198 60.769 1.02262e-14)
(-55.511 60.0892 -8.89836e-15)
(-54.9936 60.3934 -7.38122e-15)
(-55.4179 60.4512 -2.14238e-16)
(-55.6205 60.7858 -1.1892e-14)
(-56.3628 61.2689 -3.45064e-16)
(-57.3476 62.0662 1.58635e-16)
(-58.7002 63.2278 9.92555e-15)
(-60.42 64.7084 1.93566e-14)
(-62.3806 66.7119 -3.33579e-18)
(-64.9756 68.9231 9.71603e-15)
(-67.5711 72.1244 0)
(-71.6204 74.9852 1.98875e-14)
(-74.2663 80.1059 3.13225e-16)
(-81.4236 83.1663 2.07274e-14)
(-80.6878 90.2769 1.99892e-14)
(-96.1009 93.0554 3.16199e-16)
(-79.1867 97.5148 -1.59272e-14)
(-55.1541 65.9032 1.30763e-14)
(-57.1824 60.0645 -7.22602e-18)
(-54.4318 60.3545 1.33172e-16)
(-55.9281 59.7572 -2.80386e-16)
(-55.3682 60.017 -7.45527e-15)
(-55.7699 60.1237 -6.83281e-15)
(-55.9495 60.4806 1.20694e-14)
(-56.6777 60.9972 1.69274e-16)
(-57.6541 61.802 1.03493e-14)
(-59.0078 62.9674 0)
(-60.7265 64.4388 -9.67816e-15)
(-62.7009 66.4361 1.92524e-14)
(-65.2926 68.6274 -9.72256e-15)
(-67.9227 71.8326 0)
(-71.9349 74.6507 -3.24843e-16)
(-74.6764 79.8064 -2.0349e-14)
(-81.7175 82.7445 -2.07052e-14)
(-81.1743 90.0456 -1.97e-14)
(-96.3898 92.4343 -2.91512e-16)
(-79.7024 97.2738 2.50992e-16)
(-55.5048 65.1897 -2.63311e-14)
(-57.6423 59.8666 1.15518e-14)
(-54.8638 59.9264 -3.08264e-17)
(-56.3545 59.4058 1.33625e-16)
(-55.7578 59.6189 1.55459e-14)
(-56.1355 59.7718 6.69507e-15)
(-56.294 60.1517 -1.20833e-14)
(-57.0058 60.7056 -1.71359e-16)
(-57.9706 61.5235 -1.03507e-14)
(-59.3231 62.696 -1.58084e-16)
(-61.0386 64.1617 1.48061e-16)
(-63.0255 66.1542 -9.63364e-15)
(-65.6112 68.3284 -9.58083e-15)
(-68.2719 71.5377 -1.51998e-16)
(-72.2453 74.3202 2.02292e-14)
(-75.0872 79.5011 2.06772e-14)
(-82.0055 82.326 2.10121e-14)
(-81.6657 89.8054 -3.01979e-16)
(-96.6753 91.8206 -1.92862e-14)
(-80.1984 97.037 2.3737e-16)
(-55.863 64.4919 1.28384e-14)
(-58.1071 59.6481 -1.15856e-14)
(-55.3129 59.4872 -2.00576e-14)
(-56.7884 59.0372 0)
(-56.1594 59.2028 -1.73948e-17)
(-56.5127 59.3978 -2.35433e-16)
(-56.6517 59.8007 1.29031e-14)
(-57.3471 60.3932 1.82292e-16)
(-58.2974 61.2295 -1.59485e-16)
(-59.6459 62.413 0)
(-61.3562 63.8765 0)
(-63.3538 65.8658 9.64796e-15)
(-65.931 68.026 9.74212e-15)
(-68.6216 71.2381 1.99617e-14)
(-72.5503 73.9927 -4.07957e-14)
(-75.4987 79.1901 3.14332e-16)
(-82.2875 81.9108 -2.06552e-14)
(-82.1619 89.5568 0)
(-96.9573 91.2113 1.08242e-17)
(-80.673 96.8079 -1.62938e-14)
(-56.2282 63.8132 1.2699e-14)
(-58.5762 59.4105 1.19134e-14)
(-55.7761 59.0394 9.95779e-15)
(-57.2287 58.6529 8.65674e-15)
(-56.5693 58.7721 -1.60147e-14)
(-56.8986 59.0048 -6.65499e-15)
(-57.0207 59.4294 8.68496e-18)
(-57.6997 60.0608 -1.18383e-14)
(-58.6349 60.9186 0)
(-59.9755 62.1181 9.90763e-15)
(-61.6786 63.5831 -1.54653e-16)
(-63.6854 65.5708 -9.35264e-15)
(-66.2519 67.7201 -1.49169e-16)
(-68.9712 70.9329 1.34113e-17)
(-72.8541 73.6655 2.02414e-14)
(-75.9104 78.8724 0)
(-82.5638 81.4992 0)
(-82.6644 89.3004 -2.02125e-14)
(-97.2346 90.6051 1.16687e-17)
(-81.1239 96.5911 -6.00861e-17)
(-56.5992 63.1574 -2.56074e-14)
(-59.0478 59.1582 -1.17559e-14)
(-56.2514 58.5848 -9.83375e-15)
(-57.6732 58.2549 -8.6824e-15)
(-56.9839 58.3305 1.58299e-14)
(-57.29 58.5963 0)
(-57.3981 59.0407 0)
(-58.0618 59.7098 5.81898e-18)
(-58.9822 60.5909 0)
(-60.3115 61.8106 -9.96219e-15)
(-62.0055 63.2813 -9.54547e-15)
(-64.0198 65.2692 -9.82081e-15)
(-66.5735 67.4105 -9.92587e-15)
(-69.3201 70.6209 -3.98644e-14)
(-73.1562 73.3355 0)
(-76.3262 78.5469 0)
(-82.8354 81.0919 0)
(-83.1748 89.0304 2.02447e-14)
(-97.5048 90.0016 3.75899e-14)
(-81.5493 96.3928 1.64702e-14)
(-56.9754 62.5245 1.27084e-14)
(-59.5227 58.8944 0)
(-56.7364 58.1257 9.75818e-15)
(-58.1179 57.8466 2.75567e-16)
(-57.4 57.8817 -8.19075e-15)
(-57.6838 58.1762 0)
(-57.7806 58.6382 0)
(-58.4307 59.3426 1.21281e-14)
(-59.3366 60.2483 1.77472e-16)
(-60.654 61.4899 -3.16573e-16)
(-62.336 62.971 9.85533e-15)
(-64.3564 64.9609 9.68086e-15)
(-66.8958 67.0972 9.7757e-15)
(-69.6738 70.3016 1.97082e-14)
(-73.4676 73.0017 -1.59939e-17)
(-76.7425 78.2141 3.15549e-16)
(-83.102 80.6849 0)
(-83.6923 88.7478 0)
(-97.7657 89.3993 -1.87459e-14)
(-81.9488 96.2158 0)
(-57.3568 61.9142 1.26146e-14)
(-59.9975 58.6227 0)
(-57.2286 57.6646 9.614e-15)
(-58.5589 57.432 -2.75596e-16)
(-57.8146 57.4287 -7.69614e-15)
(-58.077 57.7482 0)
(-58.1652 58.2253 0)
(-58.8035 58.9624 1.21334e-14)
(-59.6963 59.8923 -7.76681e-18)
(-61.0018 61.1564 3.23658e-16)
(-62.6692 62.6527 9.58022e-15)
(-64.6945 64.646 9.70507e-15)
(-67.2185 66.7805 9.79672e-15)
(-70.0268 69.9767 2.03907e-14)
(-73.7764 72.6673 -3.10182e-16)
(-77.1573 77.8751 0)
(-83.3622 80.2863 0)
(-84.2148 88.4581 0)
(-98.0146 88.7972 -1.86743e-14)
(-82.3221 96.0643 0)
(-57.7423 61.327 -2.50944e-14)
(-60.4705 58.3477 -1.17231e-14)
(-57.7251 57.2045 -9.54308e-15)
(-58.9917 57.0151 -8.65728e-15)
(-58.2252 56.9748 1.59162e-14)
(-58.4668 57.3158 0)
(-58.5491 57.8058 0)
(-59.177 58.5726 4.75507e-18)
(-60.0582 59.526 0)
(-61.3525 60.812 -1.05891e-14)
(-63.0043 62.3266 -9.89512e-15)
(-65.0333 64.325 -9.56587e-15)
(-67.541 66.4606 -9.64603e-15)
(-70.3785 69.6475 -4.03329e-14)
(-74.0833 72.334 0)
(-77.5707 77.5298 0)
(-83.616 79.892 0)
(-84.7416 88.1604 2.04562e-14)
(-98.2485 88.1946 3.72505e-14)
(-82.6692 95.9429 1.69455e-14)
(-58.1305 60.7632 1.26873e-14)
(-60.939 58.0745 1.15517e-14)
(-58.2245 56.7471 9.47373e-15)
(-59.4126 56.5998 8.66932e-15)
(-58.6296 56.5228 -1.56752e-14)
(-58.8508 56.8823 -7.7879e-15)
(-58.9296 57.383 -9.94608e-18)
(-59.5485 58.1766 -1.24619e-14)
(-60.4197 59.1524 0)
(-61.7043 60.4586 1.06164e-14)
(-63.3401 61.9933 3.05204e-16)
(-65.3718 63.9983 -1.00479e-14)
(-67.8628 66.1377 1.50219e-16)
(-70.7285 69.3141 -1.85014e-17)
(-74.3881 72.0014 2.03273e-14)
(-77.9825 77.1782 0)
(-83.8634 79.5039 0)
(-85.2734 87.8539 -2.04901e-14)
(-98.4636 87.5907 -2.14143e-17)
(-82.9913 95.8554 3.95838e-17)
(-58.5195 60.2231 1.26855e-14)
(-61.4 57.8083 -1.19182e-14)
(-58.7246 56.2951 -1.89449e-14)
(-59.8182 56.1899 0)
(-59.0259 56.0757 1.98625e-18)
(-59.2269 56.4509 -3.63091e-18)
(-59.3044 56.9601 1.39676e-14)
(-59.9152 57.7775 -3.99211e-16)
(-60.7782 58.7742 1.81843e-16)
(-62.0545 60.0988 0)
(-63.6756 61.6539 1.56464e-16)
(-65.7093 63.6664 9.60525e-15)
(-68.1833 65.8121 9.84271e-15)
(-71.0762 68.9769 2.0136e-14)
(-74.6909 71.6701 -4.03485e-14)
(-78.3919 76.82 -3.17349e-16)
(-84.104 79.1217 -2.05635e-14)
(-85.8108 87.5375 0)
(-98.6562 86.9852 -2.38642e-17)
(-83.2904 95.8045 -1.72091e-14)
(-58.909 59.7086 -2.49146e-14)
(-61.8504 57.5539 1.19172e-14)
(-59.2217 55.8538 2.02986e-18)
(-60.2061 55.7886 -1.31918e-16)
(-59.4124 55.6366 1.5977e-14)
(-59.5933 56.0243 7.61705e-15)
(-59.6715 56.54 -1.42379e-14)
(-60.2751 57.3783 1.96565e-16)
(-61.1316 58.3944 -1.20407e-14)
(-62.4012 59.7354 1.77505e-16)
(-64.0099 61.3091 -1.50941e-16)
(-66.0446 63.33 -9.78693e-15)
(-68.502 65.4845 -1.00064e-14)
(-71.4211 68.6362 1.53821e-16)
(-74.9918 71.3407 2.03486e-14)
(-78.7982 76.4548 2.09725e-14)
(-84.3394 78.7475 2.02123e-14)
(-86.353 87.209 3.08609e-16)
(-98.8232 86.3792 -1.81235e-14)
(-83.5695 95.7911 -2.50873e-16)
(-59.2976 59.2188 1.26346e-14)
(-62.2861 57.315 4.96456e-18)
(-59.7084 55.4275 -1.65022e-16)
(-60.5736 55.3985 2.75495e-16)
(-59.7872 55.2081 -8.24558e-15)
(-59.9483 55.6052 -7.42578e-15)
(-60.0293 56.1252 1.413e-14)
(-60.6263 56.9815 -1.97863e-16)
(-61.4781 58.0152 1.21116e-14)
(-62.7425 59.3706 0)
(-64.3421 60.9603 -9.99091e-15)
(-66.377 62.99 1.96078e-14)
(-68.8183 65.1553 -9.8732e-15)
(-71.7626 68.2924 0)
(-75.2912 71.0133 -3.27869e-16)
(-79.2014 76.0831 -2.06631e-14)
(-84.5723 78.3833 -2.05551e-14)
(-86.8993 86.8674 -2.10278e-14)
(-98.9625 85.7749 2.84239e-16)
(-83.833 95.8142 -2.73254e-16)
(-59.6702 58.7402 0)
(-62.7021 57.0944 0)
(-60.1763 55.0167 9.51054e-15)
(-60.9178 55.0215 -8.68715e-15)
(-60.1465 54.7915 -8.05519e-15)
(-60.2893 55.1953 -2.90494e-17)
(-60.3753 55.7173 -1.39262e-14)
(-60.9669 56.5887 2.08148e-16)
(-61.8158 57.6382 -1.86188e-16)
(-63.0765 59.0063 1.13183e-14)
(-64.6701 60.6089 2.01858e-14)
(-66.7052 62.6472 1.65466e-16)
(-69.131 64.8246 9.72776e-15)
(-72.1004 67.9461 0)
(-75.5876 70.6865 2.07336e-14)
(-79.6031 75.7069 -3.18672e-16)
(-84.7989 78.0253 2.05402e-14)
(-87.4555 86.517 2.07327e-14)
(-99.0651 85.1684 -3.09355e-16)
(-84.0916 95.8772 -1.76035e-14)
(-59.99 58.2487 -1.9932e-16)
(-63.0955 56.9002 1.79103e-16)
(-60.6206 54.6265 0)
(-61.2388 54.6631 8.39161e-15)
(-60.4879 54.3898 8.29641e-15)
(-60.6144 54.7972 1.519e-14)
(-60.7071 55.318 -2.13621e-16)
(-61.2947 56.2016 -2.08703e-16)
(-62.1426 57.2646 1.86752e-16)
(-63.4014 58.6437 -2.26854e-14)
(-64.9917 60.2566 9.14853e-18)
(-67.0279 62.3024 -1.95333e-14)
(-69.4387 64.4922 -1.51386e-16)
(-72.4341 67.5979 3.22863e-16)
(-75.8784 70.3583 -2.07204e-14)
(-80.0019 75.3265 2.10527e-14)
(-85.0046 77.6629 -3.35392e-16)
(-88.0377 86.1644 3.10862e-16)
(-99.103 84.5364 1.80782e-14)
(-84.3665 95.9933 3.52669e-14)
(-60.2591 57.7712 0)
(-63.4788 56.7613 1.1699e-14)
(-61.0776 54.3083 0)
(-61.5619 54.3537 8.7626e-15)
(-60.8364 54.0308 0)
(-60.9393 54.4274 -1.50312e-14)
(-61.0352 54.9385 -2.24373e-16)
(-61.6152 55.8267 2.00066e-16)
(-62.4615 56.8989 1.20338e-14)
(-63.7185 58.2861 1.15014e-14)
(-65.3067 59.9071 -1.00103e-14)
(-67.3453 61.9574 1.95735e-14)
(-69.7433 64.1609 0)
(-72.7632 67.2479 -2.02573e-14)
(-76.1676 70.0338 -3.28742e-16)
(-80.387 74.9384 -1.16985e-17)
(-85.1997 77.309 3.14851e-16)
(-88.6476 85.798 -2.05343e-14)
(-99.0675 83.8856 -1.82513e-14)
(-84.6565 96.1405 -1.75817e-14)
(-60.5701 57.4638 1.54023e-14)
(-63.8168 56.7031 3.68757e-17)
(-61.5621 54.1325 1.17815e-14)
(-61.8923 54.1084 -2.1357e-14)
(-61.2106 53.7314 3.12423e-16)
(-61.2768 54.0847 8.72451e-15)
(-61.3714 54.5758 -2.67073e-16)
(-61.935 55.458 -1.03305e-17)
(-62.7769 56.5369 -1.42559e-14)
(-64.0291 57.9295 -1.32573e-14)
(-65.6165 59.5595 -3.83565e-16)
(-67.6567 61.6109 -1.16909e-14)
(-70.0511 63.8334 0)
(-73.085 66.893 4.7498e-14)
(-76.4751 69.7289 0)
(-80.7448 74.5551 -2.42755e-14)
(-85.4699 77.0347 2.36186e-14)
(-89.1353 85.3456 2.43094e-14)
(-99.1116 83.3579 3.616e-16)
(-84.8692 96.1059 -3.01162e-16)
(-65.6555 57.2545 -5.35609e-17)
(-64.2785 54.9401 -1.64789e-14)
(-62.1954 52.1429 -1.34322e-14)
(-62.1056 51.5784 1.20228e-14)
(-61.7625 51.1383 -2.25115e-14)
(-61.997 51.515 1.98998e-14)
(-62.3796 52.2121 -1.88578e-14)
(-63.1035 53.283 -1.79209e-14)
(-64.0745 54.5482 1.61099e-14)
(-65.3802 56.0503 1.57437e-14)
(-67.0204 57.7799 -2.92394e-14)
(-69.0674 59.8412 2.80466e-14)
(-71.4877 62.1235 2.8413e-14)
(-74.501 65.0367 -2.69724e-14)
(-77.9876 68.0463 2.80791e-14)
(-82.1712 72.3845 7.14398e-16)
(-87.1645 75.615 -5.52674e-14)
(-90.4938 82.3288 2.62289e-14)
(-101.696 81.9587 0)
(-87.5568 93.9584 8.30078e-17)
(-69.7064 52.511 0)
(-67.6297 51.8608 -1.62481e-14)
(-66.2267 50.9873 1.36998e-14)
(-65.2771 50.2929 2.54074e-14)
(-64.6539 49.9068 1.21751e-14)
(-64.3847 49.9004 -2.01783e-14)
(-64.5081 50.2971 -5.57871e-17)
(-65.0439 51.0689 0)
(-65.9781 52.1623 0)
(-67.294 53.5344 -3.20379e-16)
(-68.9918 55.1812 -6.14928e-16)
(-71.0968 57.1322 -3.01002e-16)
(-73.6704 59.4086 0)
(-76.7311 62.1076 -5.63552e-14)
(-80.5132 65.2234 -2.87318e-14)
(-84.5317 68.9222 -2.86991e-14)
(-90.3285 72.8795 2.81955e-14)
(-92.8307 77.6579 -2.81546e-14)
(-106.714 80.194 5.73727e-14)
(-88.4988 89.1356 1.37368e-15)
(-71.4717 48.3808 0)
(-69.5346 48.0189 0)
(-68.0623 47.5826 2.76345e-14)
(-67.0104 47.2164 -4.90256e-14)
(-66.3188 47.0211 -4.4283e-16)
(-66.0093 47.126 1.0243e-14)
(-66.1434 47.5883 3.77308e-14)
(-66.7295 48.3914 -1.78419e-14)
(-67.7309 49.4868 1.60725e-14)
(-69.1203 50.8411 1.55952e-14)
(-70.8997 52.4543 -1.49789e-14)
(-73.0919 54.3496 0)
(-75.7628 56.5517 -2.90979e-14)
(-78.9253 59.1584 2.68302e-14)
(-82.8368 62.155 2.73429e-14)
(-86.9875 65.7304 8.44767e-14)
(-92.9812 69.4841 -5.65143e-14)
(-95.5843 74.0875 2.65795e-14)
(-109.881 76.636 0)
(-91.0842 85.5591 0)
(-72.2622 44.7932 0)
(-70.814 44.8282 -1.43605e-14)
(-69.5993 44.6878 -1.31619e-14)
(-68.6298 44.4785 0)
(-67.9329 44.3543 -1.14563e-14)
(-67.5923 44.4693 9.73258e-15)
(-67.7113 44.9236 3.78046e-16)
(-68.3136 45.7103 -3.44484e-14)
(-69.358 46.7818 0)
(-70.8086 48.1034 3.17123e-17)
(-72.6632 49.6705 1.49239e-14)
(-74.9405 51.5018 0)
(-77.7064 53.6211 -2.90512e-14)
(-80.9733 56.1215 5.62134e-14)
(-85.007 58.9829 -2.73172e-14)
(-89.2795 62.4079 1.5726e-17)
(-95.4493 65.9593 -2.81809e-14)
(-98.1637 70.4521 -7.06584e-16)
(-112.702 72.7897 5.83352e-14)
(-93.9221 81.9455 -4.7879e-14)
(-72.8036 41.8186 -3.05063e-14)
(-71.7401 41.964 2.76705e-14)
(-70.764 41.9429 1.29138e-14)
(-69.9273 41.8185 1.23489e-14)
(-69.2791 41.7238 -1.04193e-14)
(-68.9525 41.8397 1.00388e-14)
(-69.0931 42.2832 -9.28458e-15)
(-69.737 43.0481 5.22048e-14)
(-70.8401 44.0857 -1.59889e-14)
(-72.3629 45.3627 3.61341e-17)
(-74.2996 46.8705 0)
(-76.6664 48.6275 2.9272e-14)
(-79.5275 50.6531 -1.38925e-14)
(-82.9014 53.0422 -2.87176e-14)
(-87.0534 55.7581 -1.34614e-15)
(-91.4583 59.0386 -6.90134e-16)
(-97.7786 62.3549 0)
(-100.62 66.7712 -2.73932e-14)
(-115.339 68.6941 2.88812e-14)
(-96.8012 78.1928 0)
(-73.2759 39.2987 1.48955e-14)
(-72.5308 39.4526 1.38259e-14)
(-71.7824 39.4563 1.27863e-14)
(-71.0847 39.3328 3.57916e-14)
(-70.4971 39.2052 -3.19636e-14)
(-70.1877 39.2783 -2.02677e-14)
(-70.3481 39.6801 2.73353e-14)
(-71.033 40.4026 3.49313e-16)
(-72.1972 41.3921 6.19905e-16)
(-73.7941 42.6116 6.40819e-16)
(-75.8133 44.0488 -1.4613e-14)
(-78.2682 45.7205 -2.8938e-14)
(-81.2224 47.6421 0)
(-84.6983 49.9086 -4.27312e-14)
(-88.9624 52.47 5.59095e-14)
(-93.4912 55.5924 -2.71691e-14)
(-99.9552 58.6714 5.71552e-14)
(-102.93 62.9935 -2.65668e-14)
(-117.862 64.4637 -2.89294e-14)
(-99.564 74.3061 0)
(-73.7751 37.1071 0)
(-73.2902 37.2231 -2.79837e-14)
(-72.7412 37.1952 -6.02919e-16)
(-72.1676 37.0188 1.17249e-14)
(-71.6289 36.8128 -1.05784e-14)
(-71.3238 36.8027 -9.95552e-15)
(-71.4955 37.1335 -9.26854e-15)
(-72.2198 37.7923 -1.76178e-14)
(-73.445 38.7161 1.60018e-14)
(-75.1147 39.8624 3.18859e-16)
(-77.2137 41.2159 -1.46186e-14)
(-79.755 42.7899 1.44533e-14)
(-82.8003 44.5964 1.41938e-14)
(-86.3745 46.73 1.4013e-14)
(-90.7451 49.1278 0)
(-95.3921 52.082 -5.64273e-14)
(-101.991 54.9129 -7.13654e-16)
(-105.131 59.149 5.54845e-14)
(-120.292 60.1031 -2.82855e-14)
(-102.078 70.4571 2.08276e-19)
(-74.3567 35.1379 -1.47161e-14)
(-74.0857 35.1894 0)
(-73.707 35.094 -2.61064e-14)
(-73.2384 34.837 1.13014e-14)
(-72.7243 34.5248 -2.63039e-16)
(-72.401 34.4043 0)
(-72.568 34.6424 9.27216e-15)
(-73.322 35.2191 0)
(-74.6011 36.0604 0)
(-76.3387 37.1189 -1.55668e-14)
(-78.5129 38.3762 0)
(-81.1346 39.8413 -1.47696e-14)
(-84.2664 41.522 1.42053e-14)
(-87.9354 43.5126 -2.80542e-14)
(-92.4075 45.7382 1.36406e-14)
(-97.1662 48.5145 5.56962e-14)
(-103.891 51.0881 0)
(-107.177 55.2386 -2.73808e-14)
(-122.555 55.6145 0)
(-104.393 66.6697 2.0888e-19)
(-75.051 33.2887 0)
(-74.9505 33.2628 0)
(-74.713 33.0929 1.34609e-14)
(-74.3319 32.7514 5.76326e-16)
(-73.8218 32.3199 -1.10097e-14)
(-73.4525 32.074 9.89935e-15)
(-73.5932 32.2037 -2.83984e-14)
(-74.3615 32.6821 1.70967e-14)
(-75.6831 33.4261 0)
(-77.4799 34.3836 1.5559e-14)
(-79.723 35.5317 1.49643e-14)
(-82.4192 36.8767 0)
(-85.629 38.4225 1.4494e-14)
(-89.386 40.2619 3.12545e-16)
(-93.9534 42.3063 -3.33921e-16)
(-98.8174 44.8957 -4.28047e-14)
(-105.656 47.2074 -7.25967e-16)
(-109.087 51.2606 0)
(-124.624 51.0012 0)
(-106.588 62.9057 -4.86148e-14)
(-75.8628 31.4715 1.56101e-14)
(-75.895 31.3644 -7.33144e-15)
(-75.7758 31.1301 0)
(-75.4657 30.7144 1.2562e-14)
(-74.9416 30.1655 -2.23361e-14)
(-74.4997 29.7901 -2.35211e-16)
(-74.5897 29.8033 9.40198e-15)
(-75.3543 30.172 1.78398e-14)
(-76.7053 30.807 -7.91868e-15)
(-78.5496 31.6526 -1.59178e-14)
(-80.8507 32.6813 1.47245e-14)
(-83.6133 33.8961 -2.93145e-14)
(-86.8935 35.2984 1.39111e-14)
(-90.7301 36.9789 -1.37159e-14)
(-95.3839 38.8347 -2.79425e-14)
(-100.346 41.23 -6.92758e-16)
(-107.288 43.2764 5.5905e-14)
(-110.86 47.2096 0)
(-126.475 46.2796 -2.93448e-14)
(-108.7 59.1886 2.43518e-14)
(-76.7847 29.601 -8.32085e-15)
(-76.9104 29.4255 -4.29708e-16)
(-76.8916 29.1456 -7.57159e-16)
(-76.6438 28.6743 2.50786e-14)
(-76.0915 28.0232 -1.0867e-14)
(-75.5541 27.5247 2.09918e-16)
(-75.5693 27.4211 -9.67949e-15)
(-76.3109 27.6752 -3.21518e-16)
(-77.6765 28.1938 -1.39924e-16)
(-79.5557 28.9181 0)
(-81.9029 29.8188 -1.50005e-14)
(-84.7203 30.8963 1.45181e-14)
(-88.0617 32.149 0)
(-91.969 33.6641 2.80772e-14)
(-96.6989 35.3248 -1.39658e-14)
(-101.75 37.5204 0)
(-108.786 39.2968 -1.36475e-14)
(-112.492 43.0821 -4.13634e-14)
(-128.092 41.5002 8.73847e-14)
(-110.759 55.3311 -2.05012e-19)
(-77.8089 27.6181 3.50614e-14)
(-77.9862 27.3893 -3.93413e-14)
(-78.0399 27.083 1.38322e-14)
(-77.8506 26.5818 -6.43702e-15)
(-77.2636 25.8544 1.15977e-14)
(-76.6152 25.2492 1.96624e-16)
(-76.5363 25.035 -9.41357e-15)
(-77.2379 25.1751 0)
(-78.6025 25.5741 -1.67864e-14)
(-80.5029 26.1718 7.72681e-15)
(-82.8844 26.9392 0)
(-85.7451 27.8743 0)
(-89.1366 28.9728 0)
(-93.1043 30.316 -2.84044e-14)
(-97.8987 31.7771 2.76361e-14)
(-103.03 33.7695 0)
(-110.147 35.2701 1.36496e-14)
(-113.977 38.8915 1.32813e-14)
(-129.501 36.6914 -1.39686e-14)
(-112.74 51.2771 -1.16413e-14)
(-78.8237 25.5828 -8.17574e-15)
(-79.0371 25.3045 1.59652e-14)
(-79.1848 24.9505 8.49438e-16)
(-79.0657 24.4129 -6.19266e-15)
(-78.4443 23.6284 0)
(-77.6759 22.9388 1.06555e-14)
(-77.4906 22.626 9.88278e-15)
(-78.139 22.6572 9.27825e-15)
(-79.4886 22.9367 -8.21757e-15)
(-81.396 23.4057 8.04118e-15)
(-83.799 24.0369 -7.40571e-15)
(-86.6913 24.8261 0)
(-90.1212 25.767 1.45416e-14)
(-94.1384 26.934 -2.81251e-14)
(-98.9854 28.1935 -3.13637e-16)
(-104.189 29.9796 0)
(-111.372 31.1971 -2.07133e-18)
(-115.316 34.6467 -1.36765e-14)
(-130.722 31.8698 -7.24355e-16)
(-114.617 47.133 -1.28103e-14)
(-79.8452 23.445 -8.14524e-15)
(-80.0907 23.1366 0)
(-80.3252 22.7538 -1.45507e-14)
(-80.2693 22.1815 1.26636e-14)
(-79.6204 21.3432 0)
(-78.7334 20.5772 0)
(-78.433 20.1786 -4.90108e-15)
(-79.0167 20.1081 -1.80301e-14)
(-80.3377 20.2701 8.40022e-15)
(-82.2384 20.6109 0)
(-84.6496 21.1058 0)
(-87.5608 21.7478 7.29525e-15)
(-91.0172 22.5296 -7.12483e-15)
(-95.0721 23.5172 -7.02818e-15)
(-99.9597 24.5758 1.43196e-14)
(-105.227 26.1516 -1.35896e-14)
(-112.459 27.08 -2.85574e-14)
(-116.503 30.363 1.29237e-14)
(-131.772 27.0644 -3.70465e-16)
(-116.365 42.7386 -1.22219e-14)
(-80.818 21.2192 -1.20626e-14)
(-81.1192 20.8933 -4.18103e-15)
(-81.4647 20.4712 1.3673e-14)
(-81.4823 19.8531 0)
(-80.7962 18.9687 0)
(-79.7828 18.1478 0)
(-79.3641 17.6786 8.64988e-18)
(-79.8726 17.5133 -1.54047e-16)
(-81.1515 17.5619 4.05884e-15)
(-83.0313 17.7778 8.07991e-15)
(-85.4368 18.1381 -1.51489e-14)
(-88.3536 18.6336 6.88179e-18)
(-91.8238 19.2565 7.42633e-15)
(-95.9036 20.0637 -6.87572e-15)
(-100.819 20.9239 -7.16025e-15)
(-106.14 22.2853 6.79388e-15)
(-113.399 22.9229 0)
(-117.528 26.0699 -1.39951e-14)
(-132.693 22.1845 1.35365e-14)
(-117.915 38.3104 3.60599e-14)
(-81.7131 18.937 -2.71067e-16)
(-82.1199 18.5893 1.81441e-14)
(-82.6131 18.1017 -1.71957e-14)
(-82.7139 17.4166 6.21342e-15)
(-81.9814 16.4868 0)
(-80.8306 15.6271 5.4318e-15)
(-80.283 15.1034 1.06316e-16)
(-80.705 14.8546 8.86791e-17)
(-81.9284 14.7977 4.2552e-15)
(-83.7734 14.8944 0)
(-86.1592 15.1248 -7.68716e-15)
(-89.0678 15.4767 2.18714e-14)
(-92.5397 15.9428 -6.97653e-15)
(-96.6323 16.5706 1.13281e-17)
(-101.564 17.2357 0)
(-106.923 18.3764 6.95648e-15)
(-114.207 18.7276 7.24053e-15)
(-118.407 21.7548 2.00158e-16)
(-133.408 17.0472 -2.98847e-14)
(-119.294 34.4063 -5.81154e-16)
(-82.5291 16.6881 -7.58813e-15)
(-83.114 16.2647 3.41937e-15)
(-83.7889 15.6618 -6.76702e-15)
(-83.9608 14.8709 0)
(-83.1498 13.8817 5.97763e-15)
(-81.846 12.9956 -7.79385e-15)
(-81.1664 12.4352 2.40226e-15)
(-81.4979 12.1178 4.46111e-15)
(-82.657 11.9668 -4.16637e-15)
(-84.4552 11.9525 -4.00198e-15)
(-86.8091 12.0586 -1.41237e-16)
(-89.6976 12.272 3.55979e-15)
(-93.16 12.5862 0)
(-97.2532 13.0371 7.01329e-15)
(-102.19 13.5087 0)
(-107.575 14.4206 -6.95416e-15)
(-114.886 14.5088 0)
(-119.14 17.3867 -1.37931e-14)
(-133.837 12.0364 6.71203e-15)
(-120.628 30.1538 -2.8877e-16)
(-83.381 14.6189 0)
(-84.2024 14.0245 0)
(-85.0151 13.2055 5.00201e-15)
(-85.1695 12.2466 1.56518e-15)
(-84.2061 11.1858 0)
(-82.7256 10.2828 5.31292e-15)
(-81.9267 9.69416 -2.3619e-15)
(-82.1814 9.31355 0)
(-83.2813 9.07304 2.05469e-15)
(-85.0327 8.95322 3.97704e-15)
(-87.3506 8.94157 -3.66431e-15)
(-90.2124 9.02221 -3.60514e-15)
(-93.6595 9.18897 -3.52898e-15)
(-97.7455 9.46652 0)
(-102.681 9.74689 -3.47285e-15)
(-108.084 10.4308 0)
(-115.379 10.2676 -3.50397e-15)
(-119.712 12.9828 0)
(-134.06 7.06393 -1.47944e-14)
(-121.863 25.7287 5.78734e-15)
(-84.2344 12.5096 1.74983e-15)
(-85.3794 11.6652 -7.01052e-16)
(-86.3477 10.6001 -3.20047e-15)
(-86.4609 9.51644 -1.56203e-15)
(-85.315 8.481 0)
(-83.6098 7.61191 0)
(-82.6387 6.98572 -4.77571e-15)
(-82.7789 6.51479 2.13561e-15)
(-83.7943 6.16612 -2.04979e-15)
(-85.4843 5.93109 2.93682e-15)
(-87.76 5.7976 -8.93316e-16)
(-90.5898 5.74814 5.43563e-15)
(-94.0171 5.77273 1.80407e-15)
(-98.0929 5.88014 0)
(-103.026 5.97211 5.20387e-15)
(-108.462 6.4355 3.54856e-15)
(-115.701 6.03577 9.39088e-17)
(-120.122 8.52198 -3.47557e-15)
(-134.085 2.10315 3.50277e-15)
(-122.904 21.231 -6.06052e-15)
(-85.2547 8.83974 -7.70319e-16)
(-86.755 7.94499 7.99333e-16)
(-87.8257 6.85499 -1.62081e-15)
(-87.7128 5.92707 6.77512e-16)
(-86.3506 5.20729 -3.96082e-17)
(-84.626 4.5878 -6.76749e-16)
(-83.6282 4.04223 -4.98787e-17)
(-83.6643 3.55151 5.0333e-16)
(-84.5384 3.14073 -1.99001e-17)
(-86.0917 2.82634 -4.91514e-16)
(-88.2595 2.59785 -9.22419e-16)
(-91.0107 2.43741 0)
(-94.3818 2.34049 -8.94789e-16)
(-98.409 2.29954 -9.25761e-16)
(-103.319 2.22367 -9.28273e-16)
(-108.698 2.46768 -4.40545e-17)
(-115.926 1.85572 -4.90229e-17)
(-120.429 4.0193 -9.13364e-16)
(-133.796 -2.38874 -1.33558e-16)
(-124.093 16.3087 4.46936e-15)
(-71.8392 62.2121 -3.43335e-14)
(-73.8557 53.2866 0)
(-73.9125 48.1591 0)
(-73.9279 44.3448 3.20517e-14)
(-73.9533 41.3391 -1.57342e-14)
(-74.0562 38.8675 0)
(-74.2631 36.7578 -7.8037e-15)
(-74.6045 34.8888 2.43181e-14)
(-75.0994 33.1496 1.6012e-14)
(-75.7549 31.4411 -9.49282e-15)
(-76.5821 29.6817 9.04516e-15)
(-77.5506 27.8019 -9.14703e-15)
(-78.5569 25.827 1.7956e-14)
(-79.598 23.7341 2.02408e-16)
(-80.6007 21.5188 -1.62561e-14)
(-81.5115 19.2152 3.75086e-15)
(-82.259 16.9515 3.88205e-15)
(-82.9063 14.9123 1.82301e-15)
(-83.439 12.9332 -2.57777e-15)
(-83.9814 9.66649 2.41682e-15)
(-77.6068 59.9927 -2.79132e-14)
(-77.5718 51.5398 0)
(-76.3545 46.8969 0)
(-75.6153 43.3646 -1.7e-14)
(-75.1327 40.5203 0)
(-74.8435 38.1821 4.61763e-16)
(-74.7216 36.2002 -8.13336e-15)
(-74.7684 34.4534 -8.341e-15)
(-74.9927 32.8363 -1.78546e-14)
(-75.4075 31.2447 -1.88249e-14)
(-76.0528 29.6158 -1.89385e-14)
(-76.8737 27.8589 -9.66839e-15)
(-77.8195 25.9867 9.29569e-15)
(-78.8729 23.9824 9.14909e-15)
(-79.9503 21.8136 8.8413e-15)
(-80.9856 19.5062 -1.26881e-14)
(-81.8541 17.1805 4.04562e-15)
(-82.5074 15.0506 0)
(-82.9505 13.0925 0)
(-83.0898 10.1041 -1.25639e-15)
(-80.8995 56.724 -2.23912e-14)
(-79.8369 48.2344 -1.68196e-14)
(-78.349 44.8269 0)
(-77.1547 41.882 -1.63634e-14)
(-76.2855 39.3805 1.62341e-14)
(-75.6479 37.2575 4.95513e-16)
(-75.2034 35.4303 5.05882e-16)
(-74.9332 33.799 0)
(-74.8381 32.2742 -9.18716e-15)
(-74.9382 30.7753 7.4509e-17)
(-75.3129 29.2807 4.27239e-14)
(-75.8983 27.6542 1.00234e-14)
(-76.6811 25.9283 0)
(-77.6423 24.0628 8.86039e-15)
(-78.7123 22.0067 0)
(-79.8118 19.7583 -4.18957e-15)
(-80.8271 17.4103 4.1581e-15)
(-81.6492 15.1654 -3.84642e-15)
(-82.3048 13.1168 -2.74367e-15)
(-82.3925 10.3546 1.33201e-15)
(-82.1127 54.6311 0)
(-81.1569 45.2018 1.66446e-14)
(-79.8522 42.5552 0)
(-78.472 40.1341 -7.29194e-16)
(-77.3759 38.016 3.18696e-14)
(-76.4985 36.1466 1.68556e-14)
(-75.799 34.4873 9.36523e-15)
(-75.2523 32.9723 -9.21082e-15)
(-74.8635 31.5332 0)
(-74.6611 30.1308 -1.02677e-14)
(-74.7604 28.7982 -1.19032e-14)
(-75.1181 27.3463 -2.21365e-14)
(-75.7198 25.8136 0)
(-76.5307 24.1102 -1.87341e-14)
(-77.5053 22.1815 -4.37548e-15)
(-78.5419 20.0021 1.78607e-16)
(-79.5503 17.6736 8.06018e-15)
(-80.419 15.3566 2.08983e-15)
(-81.2874 13.2108 2.88092e-15)
(-81.6162 10.6442 -9.2418e-16)
(-80.5276 52.9997 1.78757e-14)
(-81.8353 42.7026 -2.69462e-14)
(-80.867 40.2927 -1.40025e-14)
(-79.5216 38.3285 -1.601e-14)
(-78.3737 36.5596 -1.32039e-15)
(-77.388 34.9471 0)
(-76.543 33.4688 0)
(-75.8187 32.0878 9.04699e-15)
(-75.218 30.7646 1.05673e-14)
(-74.7736 29.5095 7.81975e-16)
(-74.6369 28.4011 0)
(-74.8187 27.2199 1.27333e-14)
(-75.2724 25.9421 -1.05699e-14)
(-75.9531 24.4179 1.99813e-14)
(-76.8394 22.6159 -9.2848e-15)
(-77.7828 20.4708 1.92168e-16)
(-78.7168 18.1205 -8.75469e-17)
(-79.4942 15.7054 0)
(-80.3285 13.4467 -2.99909e-15)
(-80.8399 11.0538 1.40335e-15)
(-77.9384 51.5096 1.50684e-14)
(-81.7391 40.6808 1.26864e-14)
(-81.4809 38.2285 1.38833e-14)
(-80.2693 36.5494 1.39809e-14)
(-79.1988 35.1138 -1.4471e-15)
(-78.2431 33.7645 0)
(-77.3981 32.4885 0)
(-76.6439 31.2741 -3.16882e-14)
(-75.9693 30.1173 0)
(-75.3897 29.0662 1.35086e-14)
(-75.0818 28.2281 -1.43477e-14)
(-75.1389 27.3783 4.87072e-16)
(-75.4521 26.3451 3.69813e-16)
(-75.9725 24.9391 0)
(-76.7027 23.2427 0)
(-77.471 21.1095 0)
(-78.297 18.7341 -4.28177e-15)
(-79.0126 16.2121 0)
(-79.7304 13.82 -1.00817e-15)
(-80.3206 11.5506 9.35569e-16)
(-74.3855 50.2425 -1.60814e-14)
(-80.9851 39.1786 -9.70454e-15)
(-81.7065 36.3925 -8.44257e-16)
(-80.8668 34.9069 2.30999e-14)
(-79.9051 33.7566 -2.83465e-14)
(-79.0485 32.6676 0)
(-78.3072 31.6323 0)
(-77.6723 30.6658 9.76276e-16)
(-77.1442 29.7985 -1.29238e-14)
(-76.6934 29.0682 1.56269e-14)
(-76.4688 28.5658 1.67202e-15)
(-76.4508 27.9732 9.83105e-16)
(-76.3869 26.902 1.68026e-14)
(-76.5533 25.3659 -1.34232e-14)
(-76.926 23.6601 -5.57725e-15)
(-77.4039 21.538 -5.22332e-15)
(-78.0141 19.1928 1.00801e-14)
(-78.6763 16.6867 0)
(-79.3377 14.2646 -1.07333e-15)
(-79.9749 12.0913 9.73539e-16)
(-69.9397 49.0709 -1.52261e-14)
(-79.0806 38.2405 1.79345e-14)
(-81.1468 34.8786 8.64638e-15)
(-81.0785 33.4398 -2.06584e-14)
(-80.3743 32.5014 -5.36651e-15)
(-79.6564 31.6347 -6.0455e-15)
(-79.021 30.7945 7.25147e-15)
(-78.4594 29.996 -7.77224e-15)
(-77.953 29.2676 9.41913e-15)
(-77.4723 28.623 2.15759e-14)
(-77.0895 28.0622 6.07142e-16)
(-76.8851 27.4358 0)
(-76.6784 26.4013 2.63531e-14)
(-76.7775 25.0475 5.54171e-15)
(-77.0274 23.4803 5.82101e-15)
(-77.4203 21.5718 -5.12709e-15)
(-77.9393 19.4075 4.80576e-15)
(-78.5487 17.101 -4.73496e-15)
(-79.1614 14.8042 -1.09001e-15)
(-79.7599 12.7019 9.70127e-16)
(-65.0778 47.8261 0)
(-76.0073 37.8443 -1.3299e-14)
(-79.7661 33.8003 0)
(-80.712 32.1924 -8.78984e-15)
(-80.4809 31.3555 1.42528e-14)
(-79.9653 30.6717 1.60748e-14)
(-79.4559 30.0133 -1.14717e-14)
(-79.001 29.3696 -6.09116e-15)
(-78.5848 28.7639 -1.40898e-14)
(-78.1827 28.1993 -8.22912e-15)
(-77.8061 27.6456 -9.02546e-15)
(-77.5669 27.0567 -1.09585e-14)
(-77.275 26.0914 -4.61665e-16)
(-77.2343 24.8599 -4.70996e-15)
(-77.3166 23.3733 4.42817e-16)
(-77.5535 21.576 -3.93604e-15)
(-77.924 19.5268 3.87856e-15)
(-78.3921 17.3548 0)
(-78.9132 15.1818 -8.06329e-16)
(-79.4187 13.161 -4.60236e-17)
(-60.3828 46.5063 -3.03816e-14)
(-71.8332 37.9485 1.27e-14)
(-77.5982 33.2241 0)
(-79.464 31.2405 7.59595e-15)
(-80.0174 30.3646 -7.78186e-15)
(-79.8874 29.7701 -8.76016e-15)
(-79.5688 29.2435 1.85779e-14)
(-79.2358 28.728 3.64354e-16)
(-78.9129 28.2189 3.49792e-16)
(-78.592 27.713 7.16254e-15)
(-78.2683 27.1819 1.43716e-14)
(-78.0273 26.6034 7.7214e-15)
(-77.7164 25.7071 0)
(-77.577 24.5653 -3.67778e-15)
(-77.5517 23.1699 7.10958e-15)
(-77.6672 21.5077 -2.97434e-15)
(-77.9041 19.625 1.41715e-15)
(-78.2377 17.6255 1.40449e-15)
(-78.6367 15.6009 -1.29858e-15)
(-79.0193 13.6659 1.04978e-17)
(-56.1109 45.1552 0)
(-66.6148 38.5033 3.99609e-15)
(-74.1039 33.2186 3.12777e-15)
(-77.5855 30.6714 3.00729e-15)
(-78.8363 29.5607 0)
(-79.2511 28.9533 0)
(-79.2287 28.4833 -4.18864e-15)
(-79.0575 28.0484 0)
(-78.8357 27.6062 0)
(-78.5883 27.1377 1.01081e-14)
(-78.3229 26.6146 -7.68078e-16)
(-78.0864 26.0056 -6.6368e-15)
(-77.8231 25.1666 0)
(-77.6437 24.0954 5.22222e-15)
(-77.5667 22.8037 -2.53724e-15)
(-77.5936 21.2894 2.04286e-16)
(-77.7179 19.5844 1.14469e-15)
(-77.9267 17.7582 -1.0995e-15)
(-78.1869 15.8841 5.49197e-16)
(-78.4154 14.0403 5.26136e-16)
(-52.3185 43.787 0)
(-60.8866 39.1156 -4.87958e-15)
(-69.2292 33.6756 -5.4556e-16)
(-74.3334 30.5085 -3.15962e-15)
(-76.8022 28.9802 0)
(-77.862 28.2147 0)
(-78.2784 27.7202 -3.07463e-16)
(-78.3563 27.3129 3.41668e-15)
(-78.2849 26.905 3.72772e-15)
(-78.1372 26.4568 -4.33336e-15)
(-77.9467 25.9388 -9.09021e-15)
(-77.7508 25.3224 0)
(-77.542 24.5367 4.80239e-15)
(-77.3607 23.5365 -6.97971e-15)
(-77.2606 22.3482 0)
(-77.2247 20.9644 -9.19218e-16)
(-77.259 19.4122 0)
(-77.3519 17.7414 -8.58706e-16)
(-77.457 15.9932 4.33652e-16)
(-77.4866 14.2117 4.18584e-16)
(-48.8835 42.2996 6.47042e-15)
(-55.2413 39.4482 -9.92136e-15)
(-63.1947 34.344 -3.7594e-15)
(-69.5857 30.7476 -2.42415e-16)
(-73.3926 28.6839 4.9055e-15)
(-75.427 27.6092 0)
(-76.4543 26.9828 -5.26282e-15)
(-76.9505 26.5233 0)
(-77.1343 26.105 0)
(-77.1483 25.6632 1.43376e-15)
(-77.0716 25.1544 1.54286e-15)
(-76.9511 24.5506 -1.66444e-15)
(-76.8101 23.8187 0)
(-76.6543 22.8896 -5.12195e-15)
(-76.5456 21.7929 5.01248e-15)
(-76.4655 20.5162 -2.26841e-15)
(-76.4129 19.08 2.15029e-15)
(-76.3642 17.5186 -9.68565e-16)
(-76.2728 15.8414 9.51245e-16)
(-76.0353 14.0751 -2.66276e-16)
(-45.7838 40.5937 -6.93296e-15)
(-50.2266 39.2244 0)
(-56.6009 34.8763 0)
(-63.3517 31.2354 0)
(-68.3243 28.7116 0)
(-71.5357 27.2017 0)
(-73.3911 26.3143 4.2892e-15)
(-74.4432 25.7269 0)
(-75.0789 25.2534 0)
(-75.3946 24.7798 1.09621e-15)
(-75.5135 24.2627 -4.07554e-15)
(-75.5189 23.6706 1.55513e-15)
(-75.4669 22.978 -2.89486e-15)
(-75.3556 22.1028 2.78244e-15)
(-75.2369 21.0714 2.59463e-15)
(-75.0992 19.8667 -1.17731e-15)
(-74.9237 18.4994 2.35144e-17)
(-74.6805 16.9745 5.20408e-16)
(-74.3145 15.2874 4.40018e-16)
(-73.7669 13.487 -1.51125e-16)
(-43.0993 38.7446 -1.04517e-14)
(-46.1581 38.3109 1.50099e-14)
(-50.3428 34.8974 0)
(-56.3125 31.6603 0)
(-61.7156 28.9594 0)
(-65.806 27.0429 -7.46723e-16)
(-68.7197 25.7892 -2.02445e-15)
(-70.5348 24.9516 -7.38617e-16)
(-71.6623 24.3366 -7.67379e-16)
(-72.3674 23.7929 0)
(-72.8268 23.2457 0)
(-73.0443 22.6458 8.98857e-16)
(-73.1208 21.962 0)
(-73.0667 21.0971 -1.17496e-15)
(-72.9304 20.0784 0)
(-72.7079 18.8841 3.88976e-16)
(-72.3797 17.5175 1.26557e-16)
(-71.9092 15.9604 1.48032e-16)
(-71.2384 14.1972 -7.56902e-16)
(-70.3378 12.3305 2.22325e-16)
(-40.779 36.9029 0)
(-42.9048 36.7878 -4.76229e-15)
(-45.3524 34.2548 1.37727e-15)
(-49.6319 31.65 3.60642e-15)
(-54.4363 29.1186 -3.48103e-15)
(-58.7238 26.9956 9.1257e-16)
(-62.1609 25.4089 1.41091e-15)
(-64.7057 24.2578 -4.94126e-16)
(-66.5293 23.4038 1.38767e-15)
(-67.74 22.708 5.74876e-16)
(-68.5261 22.0663 0)
(-68.9915 21.4024 -9.22555e-16)
(-69.2151 20.6693 -1.59983e-15)
(-69.2638 19.7598 3.00676e-17)
(-69.1635 18.7018 1.45096e-15)
(-68.8716 17.4677 -1.04975e-15)
(-68.377 16.0346 2.92322e-16)
(-67.6424 14.3673 5.98835e-16)
(-66.5926 12.4563 5.26951e-17)
(-65.3185 10.5031 0)
(-38.5944 35.1324 0)
(-40.0876 35.116 -6.2595e-15)
(-41.7623 33.1438 3.6173e-15)
(-44.452 31.0915 -2.60926e-15)
(-47.8643 28.8503 3.53081e-15)
(-51.4681 26.7297 4.33026e-16)
(-54.7371 24.9333 1.07133e-15)
(-57.4474 23.5097 -9.7294e-16)
(-59.5745 22.3868 -6.56661e-16)
(-61.1575 21.4608 3.82837e-16)
(-62.2798 20.639 4.0214e-17)
(-63.0242 19.8415 -4.03652e-16)
(-63.4253 18.9992 -9.16113e-16)
(-63.5489 18.0023 -2.15117e-16)
(-63.4006 16.8536 5.0672e-16)
(-62.985 15.4976 -7.77196e-16)
(-62.2825 13.8759 6.18628e-16)
(-61.2612 11.9622 2.79556e-16)
(-59.9063 9.83696 -3.05652e-16)
(-58.4432 7.85492 5.68238e-31)
(-36.3706 33.3563 -3.55138e-15)
(-37.4898 33.4293 4.09084e-15)
(-38.884 31.7544 -2.4983e-15)
(-40.8505 29.9219 2.49834e-15)
(-42.9233 27.9117 -7.05283e-16)
(-45.285 25.8885 -5.79862e-16)
(-47.6817 24.0611 -1.81993e-16)
(-49.9007 22.4981 0)
(-51.8133 21.1777 1.8864e-16)
(-53.3527 20.0328 6.86863e-16)
(-54.5058 18.9881 -6.71721e-16)
(-55.2847 17.9703 4.04098e-16)
(-55.7223 16.8585 6.58831e-16)
(-55.8594 15.5637 -5.03243e-16)
(-55.6624 14.0668 0)
(-55.1366 12.3266 -2.48754e-16)
(-54.3008 10.3454 0)
(-53.195 8.21951 1.07172e-16)
(-51.9443 6.32305 -1.16435e-16)
(-50.5888 4.71451 -6.23883e-18)
(-33.7861 31.4247 1.81994e-15)
(-34.3479 31.5624 -2.01641e-15)
(-35.5476 29.7376 8.96223e-16)
(-37.2091 27.5147 -4.35357e-16)
(-38.8577 25.3197 7.53275e-16)
(-40.4074 23.3032 -2.85073e-16)
(-41.8795 21.576 2.42408e-16)
(-43.3094 20.0596 -1.22662e-16)
(-44.644 18.6737 -2.71175e-16)
(-45.8012 17.3947 3.12299e-16)
(-46.7101 16.1418 7.88405e-17)
(-47.3154 14.8466 -2.05112e-16)
(-47.5722 13.4739 -1.96336e-16)
(-47.4797 12.0184 6.12284e-17)
(-47.0755 10.4502 2.96396e-16)
(-46.4335 8.75327 -6.24395e-16)
(-45.6547 7.05276 3.83413e-16)
(-44.8181 5.47582 -1.31727e-16)
(-43.8925 4.09789 1.31932e-17)
(-43.1432 1.24437 7.5409e-18)
(-29.4306 31.1132 0)
(-28.7756 31.0848 1.64447e-16)
(-29.2204 28.89 1.01365e-16)
(-29.9327 26.5685 0)
(-30.7449 24.6316 0)
(-31.6512 23.0453 -1.37496e-16)
(-32.6326 21.6755 -3.03649e-16)
(-33.6034 20.4659 2.52029e-16)
(-34.5259 19.3328 0)
(-35.3839 18.1601 6.0591e-17)
(-36.1489 16.9162 0)
(-36.806 15.5627 1.29434e-17)
(-37.3625 14.0858 2.14778e-17)
(-37.8014 12.5192 -6.27615e-17)
(-38.0991 10.9075 0)
(-38.2474 9.29661 0)
(-38.2517 7.73635 -4.35384e-17)
(-38.0737 6.28916 2.29064e-17)
(-37.6192 4.98054 -2.02815e-17)
(-37.3786 3.40873 2.60172e-18)
)
;

boundaryField
{
    right
    {
        type            cyclic;
    }
    left
    {
        type            cyclic;
    }
    outerWall
    {
        type            calculated;
        value           nonuniform List<vector> 
60
(
(-3.88268 209.368 0)
(-11.6427 209.081 0)
(-19.3868 208.506 0)
(-27.1041 207.644 0)
(-34.7842 206.496 0)
(-42.4165 205.065 0)
(-49.9903 203.351 0)
(-57.4954 201.357 0)
(-64.9213 199.087 0)
(-72.2579 196.542 0)
(-79.4951 193.727 0)
(-86.6228 190.645 0)
(-93.6313 187.301 0)
(-100.511 183.7 0)
(-107.252 179.845 0)
(-113.846 175.744 0)
(-120.283 171.4 0)
(-126.554 166.821 0)
(-132.651 162.012 0)
(-138.566 156.98 0)
(-141.814 154.101 0)
(-142.488 153.482 0)
(-143.159 152.86 0)
(-143.827 152.235 0)
(-144.492 151.607 0)
(-145.154 150.976 0)
(-145.813 150.341 0)
(-146.469 149.703 0)
(-147.122 149.063 0)
(-147.772 148.419 0)
(-148.419 147.772 0)
(-149.063 147.122 0)
(-149.703 146.469 0)
(-150.341 145.813 0)
(-150.976 145.154 0)
(-151.607 144.492 0)
(-152.235 143.827 0)
(-152.86 143.159 0)
(-153.482 142.488 0)
(-154.101 141.814 0)
(-156.98 138.566 0)
(-162.012 132.651 0)
(-166.821 126.554 0)
(-171.4 120.283 0)
(-175.744 113.846 0)
(-179.845 107.252 0)
(-183.7 100.511 0)
(-187.301 93.6313 0)
(-190.645 86.6228 0)
(-193.727 79.4951 0)
(-196.542 72.2579 0)
(-199.087 64.9213 0)
(-201.357 57.4954 0)
(-203.351 49.9903 0)
(-205.065 42.4165 0)
(-206.496 34.7842 0)
(-207.644 27.1041 0)
(-208.506 19.3868 0)
(-209.081 11.6427 0)
(-209.368 3.88268 0)
)
;
    }
    stirrerWall
    {
        type            calculated;
        value           nonuniform List<vector> 
100
(
(-0.775973 41.8739 0)
(-2.32686 41.817 0)
(-3.87457 41.7025 0)
(-5.41696 41.5307 0)
(-6.95191 41.3017 0)
(-8.4773 41.0159 0)
(-9.99103 40.6737 0)
(-11.491 40.2755 0)
(-12.9752 39.8219 0)
(-14.4415 39.3135 0)
(-15.8879 38.751 0)
(-17.3124 38.1352 0)
(-18.7131 37.4669 0)
(-20.088 36.7471 0)
(-21.4352 35.9768 0)
(-22.7529 35.1569 0)
(-24.0393 34.2887 0)
(-25.2925 33.3733 0)
(-26.5109 32.4121 0)
(-27.6927 31.4062 0)
(-29.3359 32.0508 0)
(-31.4591 34.3677 0)
(-33.5823 36.6846 0)
(-35.7055 39.0016 0)
(-37.8287 41.3185 0)
(-39.9519 43.6354 0)
(-42.0751 45.9523 0)
(-44.1983 48.2693 0)
(-46.3215 50.5862 0)
(-48.4447 52.9031 0)
(-50.5679 55.22 0)
(-52.6911 57.537 0)
(-54.8142 59.8539 0)
(-56.9374 62.1708 0)
(-59.0606 64.4877 0)
(-61.1838 66.8047 0)
(-63.307 69.1216 0)
(-65.4302 71.4385 0)
(-67.5534 73.7554 0)
(-69.6766 76.0724 0)
(-70.9005 77.0685 0)
(-71.2251 76.7439 0)
(-71.5498 76.4192 0)
(-71.8744 76.0946 0)
(-72.199 75.77 0)
(-72.5237 75.4453 0)
(-72.8483 75.1207 0)
(-73.1729 74.7961 0)
(-73.4976 74.4715 0)
(-73.8222 74.1468 0)
(-74.1468 73.8222 0)
(-74.4715 73.4976 0)
(-74.7961 73.1729 0)
(-75.1207 72.8483 0)
(-75.4453 72.5237 0)
(-75.77 72.199 0)
(-76.0946 71.8744 0)
(-76.4192 71.5498 0)
(-76.7439 71.2251 0)
(-77.0685 70.9005 0)
(-76.0724 69.6766 0)
(-73.7554 67.5534 0)
(-71.4385 65.4302 0)
(-69.1216 63.307 0)
(-66.8047 61.1838 0)
(-64.4877 59.0606 0)
(-62.1708 56.9374 0)
(-59.8539 54.8142 0)
(-57.537 52.6911 0)
(-55.22 50.5679 0)
(-52.9031 48.4447 0)
(-50.5862 46.3215 0)
(-48.2693 44.1983 0)
(-45.9523 42.0751 0)
(-43.6354 39.9519 0)
(-41.3185 37.8287 0)
(-39.0016 35.7055 0)
(-36.6846 33.5823 0)
(-34.3677 31.4591 0)
(-32.0508 29.3359 0)
(-31.4062 27.6927 0)
(-32.4121 26.5109 0)
(-33.3733 25.2925 0)
(-34.2887 24.0393 0)
(-35.1569 22.7529 0)
(-35.9768 21.4352 0)
(-36.7471 20.088 0)
(-37.4669 18.7131 0)
(-38.1352 17.3124 0)
(-38.751 15.8879 0)
(-39.3135 14.4415 0)
(-39.8219 12.9752 0)
(-40.2755 11.491 0)
(-40.6737 9.99103 0)
(-41.0159 8.4773 0)
(-41.3017 6.95191 0)
(-41.5307 5.41696 0)
(-41.7025 3.87457 0)
(-41.817 2.32686 0)
(-41.8739 0.775973 0)
)
;
    }
    top
    {
        type            empty;
    }
    bottom
    {
        type            empty;
    }
}


// ************************************************************************* //
