/*--------------------------------*- C++ -*----------------------------------*\
  =========                 |
  \\      /  F ield         | OpenFOAM: The Open Source CFD Toolbox
   \\    /   O peration     | Website:  https://openfoam.org
    \\  /    A nd           | Version:  10
     \\/     M anipulation  |
\*---------------------------------------------------------------------------*/
FoamFile
{
    format      ascii;
    class       volVectorField;
    location    "200";
    object      Urel;
}
// * * * * * * * * * * * * * * * * * * * * * * * * * * * * * * * * * * * * * //

dimensions      [0 1 -1 0 0 0 0];

internalField   nonuniform List<vector> 
2000
(
(2.73077 -6.35287 -6.33374e-18)
(-0.588193 -4.25053 7.63542e-18)
(3.1955 -0.900802 -6.05658e-18)
(6.49441 3.71103 0)
(9.5503 7.81539 0)
(11.6023 10.2222 1.46865e-16)
(12.8826 10.9768 -1.99011e-16)
(13.5655 10.5072 -2.62031e-16)
(13.7955 9.14857 3.38646e-16)
(13.7001 7.18322 4.32614e-16)
(13.3919 4.82773 5.49927e-16)
(12.9534 2.20696 0)
(12.5128 -0.554114 8.93962e-16)
(11.8599 -3.56885 9.19329e-16)
(11.1168 -6.56436 8.9605e-16)
(10.3858 -9.39742 8.72443e-16)
(9.75334 -11.9418 -8.40427e-16)
(9.16469 -14.2617 3.83279e-16)
(8.44774 -16.3178 3.80973e-16)
(7.46857 -18.0393 1.5932e-15)
(2.99931 -6.27406 5.23667e-18)
(-1.49378 -4.90745 1.05052e-17)
(1.90782 -2.72082 -7.37824e-17)
(5.44155 1.66654 -2.37988e-16)
(8.78571 6.10879 4.16001e-17)
(11.2627 9.04002 -6.10221e-16)
(12.8996 10.2765 3.70494e-16)
(13.8775 10.1989 7.52959e-16)
(14.3879 9.14312 2.95549e-16)
(14.474 7.39103 3.79799e-16)
(14.3052 5.15984 -9.79916e-16)
(13.9238 2.61966 -6.07354e-16)
(13.4461 -0.0942095 -8.28671e-16)
(12.796 -3.02389 -8.65389e-16)
(12.0485 -5.92177 -2.58845e-15)
(11.2674 -8.6362 -9.40887e-16)
(10.4773 -11.0349 2.39138e-15)
(9.53237 -13.079 -2.26412e-15)
(8.30831 -14.7808 0)
(6.87735 -16.2601 -2.3658e-15)
(3.47343 -6.0045 2.09944e-18)
(-1.29103 -5.21298 -5.52386e-17)
(0.47689 -4.24606 8.58702e-17)
(3.36256 -1.15434 2.61462e-16)
(6.51702 3.19534 4.01879e-16)
(9.60436 6.69771 1.28863e-16)
(11.8185 8.61469 3.78231e-16)
(13.2728 9.12354 -7.18603e-16)
(14.1101 8.56489 -6.40085e-16)
(14.5281 7.21789 -7.97994e-16)
(14.5204 5.3186 9.89297e-16)
(14.2758 3.05625 0)
(13.8791 0.581266 -2.92777e-15)
(13.2686 -2.1891 0)
(12.4603 -4.95062 0)
(11.4837 -7.50465 0)
(10.3276 -9.68334 1.67243e-15)
(8.88644 -11.4234 -2.92083e-15)
(7.14534 -12.8407 0)
(5.3921 -14.2414 1.65681e-15)
(4.03461 -5.74247 -4.36467e-17)
(-0.576517 -5.29679 2.13741e-16)
(0.484232 -4.85425 0)
(2.23155 -2.68084 5.11294e-16)
(4.39443 0.719329 1.41228e-16)
(7.43042 4.2153 1.21399e-16)
(9.97207 6.64861 -6.40327e-17)
(11.7887 7.75623 1.24904e-15)
(12.9486 7.74396 0)
(13.5777 6.86918 5.90416e-16)
(13.774 5.36461 8.3691e-16)
(13.6405 3.40284 2.19066e-15)
(13.3224 1.17252 2.88072e-15)
(12.6802 -1.38894 6.05717e-15)
(11.7189 -3.91012 -2.84121e-15)
(10.4396 -6.15359 -1.64812e-16)
(8.80726 -7.9777 5.93722e-15)
(6.86432 -9.38169 3.11196e-15)
(4.76557 -10.6046 3.3278e-15)
(3.02588 -12.1894 3.62622e-15)
(4.48654 -5.5805 0)
(0.169214 -5.37469 -3.78524e-16)
(1.19775 -5.187 -1.39498e-16)
(1.9206 -3.547 -5.79283e-16)
(3.47559 -1.08695 -8.81433e-16)
(5.34689 1.89363 2.33427e-16)
(7.74457 4.47231 -7.54229e-16)
(9.6411 6.04546 -1.2625e-15)
(10.9433 6.56583 -4.89117e-16)
(11.7031 6.19157 8.15633e-17)
(12.0171 5.12962 -1.60502e-15)
(11.9467 3.54467 -2.27633e-15)
(11.5431 1.63714 -2.66422e-15)
(10.7177 -0.60932 -3.01211e-15)
(9.48006 -2.77065 0)
(7.79652 -4.56543 9.5617e-17)
(5.64616 -5.95525 1.34622e-16)
(3.3217 -7.09075 -3.45149e-15)
(1.24127 -8.3836 -1.1727e-14)
(0.112618 -10.5979 3.86905e-15)
(4.8326 -5.5214 0)
(0.740439 -5.53014 1.91519e-16)
(2.02173 -5.49349 0)
(2.35853 -4.14212 3.38058e-16)
(3.38808 -1.86054 1.11218e-15)
(4.10479 0.317342 0)
(5.6621 2.54678 1.42602e-15)
(7.23462 4.28986 2.67276e-15)
(8.38703 5.2113 0)
(9.05532 5.2997 -1.13557e-15)
(9.26148 4.68406 3.79263e-15)
(9.03391 3.51241 3.75628e-16)
(8.37971 1.95528 3.27034e-15)
(7.21618 0.0999595 -2.87153e-15)
(5.53283 -1.56346 0)
(3.34581 -2.80549 -6.82088e-15)
(0.759529 -3.74231 -3.7166e-15)
(-1.51334 -4.85217 0)
(-2.77766 -6.72735 1.00072e-14)
(-2.45193 -10.2031 -2.10279e-14)
(5.12191 -5.51235 -8.02778e-17)
(1.13306 -5.77186 4.34892e-17)
(2.64036 -5.80807 -3.64912e-16)
(3.02556 -4.6038 -1.53808e-16)
(3.38437 -2.45717 4.40644e-17)
(3.83925 -0.456115 -8.84004e-16)
(4.24008 1.25971 1.72035e-15)
(5.07433 2.87138 -2.89531e-15)
(5.74564 3.99734 -3.7577e-15)
(6.0324 4.43849 2.74631e-15)
(5.87964 4.22899 -2.21123e-15)
(5.22523 3.47927 -2.6041e-15)
(3.99079 2.30776 2.80483e-15)
(2.16216 0.892653 -7.05339e-15)
(-0.220024 -0.127548 0)
(-2.88389 -0.753299 1.78042e-14)
(-5.35336 -1.47594 -2.0017e-14)
(-6.41379 -3.58853 1.12258e-14)
(-5.79368 -7.34561 1.44197e-14)
(-3.55162 -12.0085 4.29399e-16)
(5.37111 -5.51742 9.30772e-18)
(1.35475 -6.05213 -1.06306e-16)
(2.98747 -6.19123 4.47824e-16)
(3.47307 -5.0733 -5.52274e-16)
(3.66483 -2.93869 -9.87292e-16)
(3.66607 -0.876051 0)
(3.60056 0.566809 -2.07477e-15)
(3.43152 1.99807 0)
(3.40744 3.19146 2.82732e-15)
(3.08127 3.86952 0)
(2.31516 4.01955 0)
(0.945471 3.72061 -4.98617e-16)
(-1.225 3.10882 1.43234e-14)
(-4.10924 2.18169 1.0023e-14)
(-7.25115 1.45172 6.27257e-16)
(-9.8335 0.178621 -1.29661e-14)
(-10.7905 -2.35484 0)
(-8.76889 -5.48357 0)
(-6.06803 -8.90571 1.39401e-14)
(-3.34673 -13.3245 2.48076e-14)
(5.5773 -5.48811 6.11469e-17)
(1.45008 -6.31762 -2.47824e-16)
(3.11061 -6.5955 1.86001e-16)
(3.55827 -5.58191 -3.19297e-16)
(3.68891 -3.38391 -6.21895e-16)
(3.32503 -1.16541 7.00788e-16)
(2.92809 0.330067 1.44096e-15)
(2.21675 1.60999 -1.3359e-15)
(1.45979 2.92604 0)
(0.474877 3.79917 -4.69573e-15)
(-1.01612 4.31733 4.67701e-15)
(-3.19614 4.5839 -6.64628e-15)
(-6.18614 4.63516 0)
(-9.77352 3.5499 1.26132e-15)
(-12.4039 2.16989 9.0173e-16)
(-12.4187 0.806888 1.58975e-14)
(-11.0989 -2.33888 -2.77288e-14)
(-8.55738 -6.28025 1.20872e-14)
(-5.67566 -10.6188 -1.13632e-14)
(-2.8507 -15.1162 -1.04801e-14)
(5.72161 -5.3915 0)
(1.45126 -6.50664 9.41684e-18)
(3.03733 -7.00759 -4.66104e-16)
(3.35199 -6.15361 -2.6132e-17)
(3.34975 -3.87477 0)
(2.74137 -1.372 0)
(1.90442 0.347898 -4.83452e-15)
(1.14123 1.52413 1.7806e-15)
(-0.165482 3.16716 -9.92283e-15)
(-1.60324 4.24974 -1.14174e-15)
(-3.57947 4.98385 1.3153e-14)
(-6.2579 5.35769 -7.66005e-15)
(-9.51221 6.87452 5.18315e-16)
(-12.216 7.7944 1.57797e-15)
(-13.5955 6.05669 -8.5637e-15)
(-13.3041 2.32994 0)
(-11.5087 -3.17472 -1.07407e-14)
(-8.28676 -8.41096 4.36697e-14)
(-4.97518 -12.5781 -1.95467e-14)
(-1.91783 -16.6592 9.84883e-15)
(5.77839 -5.20882 5.53078e-17)
(1.33984 -6.6576 2.85289e-16)
(2.77099 -7.40005 4.65185e-16)
(2.77455 -6.78661 2.59483e-16)
(2.69109 -4.48313 5.19506e-16)
(1.93533 -1.70703 0)
(0.984966 0.244041 1.38615e-15)
(0.212257 1.28159 2.43188e-15)
(-1.36179 3.38011 -7.32955e-15)
(-3.08055 4.64999 1.36167e-14)
(-5.83715 6.25714 9.06679e-15)
(-9.30582 8.31212 -6.9404e-15)
(-12.348 9.6844 1.30418e-14)
(-14.3897 8.7309 7.17085e-15)
(-15.0629 5.68587 7.65363e-15)
(-13.5791 1.45771 9.50162e-16)
(-9.89674 -4.43949 -9.52857e-15)
(-6.16384 -9.5993 4.11907e-16)
(-3.25082 -13.5986 -2.08618e-14)
(-0.4685 -17.6795 -1.0254e-14)
(5.72246 -4.90226 0)
(1.01381 -6.69732 -1.96802e-16)
(2.07634 -7.73089 1.83306e-16)
(1.89945 -7.40445 -4.85002e-16)
(1.68531 -5.26178 1.44404e-15)
(0.841281 -2.49231 -1.11433e-15)
(-0.117054 -0.598633 0)
(-1.19951 0.497991 0)
(-2.9726 3.23699 6.34882e-15)
(-5.22886 5.70416 0)
(-8.09213 7.67805 9.87603e-16)
(-10.8655 9.47718 -1.17218e-14)
(-12.9925 10.7623 6.48178e-15)
(-14.0654 10.0631 -6.08991e-15)
(-13.6051 6.51115 0)
(-11.1923 1.15603 8.74976e-15)
(-7.44502 -5.54278 0)
(-4.35103 -10.2674 -1.09957e-14)
(-1.44117 -14.1529 -2.07164e-14)
(1.37311 -18.1719 1.8024e-14)
(5.5686 -4.42742 -2.18639e-17)
(0.498251 -6.55519 -2.9566e-16)
(1.18773 -7.8977 0)
(0.808014 -7.88239 -7.80262e-16)
(0.35155 -5.77415 -5.93376e-16)
(-0.774385 -2.64524 -1.08935e-15)
(-1.96286 -0.334978 0)
(-3.15265 1.16481 0)
(-4.5804 3.60653 6.74834e-15)
(-6.50075 6.55784 0)
(-9.02634 8.91704 6.48029e-15)
(-11.5293 11.0214 -5.20067e-15)
(-13.3519 12.1123 -5.19348e-15)
(-13.9419 10.9613 8.45174e-16)
(-13.0106 7.37082 -2.06098e-14)
(-10.1276 1.53221 7.75857e-15)
(-5.52983 -5.34727 -1.18092e-14)
(-2.20433 -10.3213 0)
(0.983783 -14.156 -1.01833e-14)
(3.81667 -18.0848 2.82972e-14)
(5.32906 -3.75161 -1.08503e-16)
(-0.126509 -6.19995 5.51167e-16)
(0.183738 -7.99811 -1.82002e-16)
(-0.324504 -8.39999 7.51596e-16)
(-0.806334 -6.58329 1.38173e-15)
(-1.78964 -3.36536 -3.22705e-15)
(-2.91609 -0.664459 8.93291e-15)
(-3.96142 1.19235 -1.12466e-14)
(-5.43261 3.45166 -2.33434e-16)
(-7.33186 6.95588 -6.45929e-15)
(-9.60021 9.67868 1.72732e-14)
(-11.6185 12.0225 -1.19205e-14)
(-12.7574 13.0741 5.66606e-15)
(-12.5691 11.8397 0)
(-10.8152 7.89359 0)
(-7.22305 1.61105 0)
(-2.05318 -5.06006 1.54423e-14)
(0.954064 -9.78714 8.52237e-16)
(4.21708 -13.5191 -1.09443e-14)
(6.75373 -17.2214 -9.56594e-15)
(5.01528 -2.89226 -2.02377e-17)
(-0.79764 -5.57525 -6.21278e-16)
(-0.868187 -7.8747 -3.28294e-16)
(-1.50509 -8.87256 3.15606e-16)
(-1.94117 -7.8064 9.64524e-16)
(-2.55902 -5.05029 -1.12484e-15)
(-3.37669 -2.18707 0)
(-4.21483 0.174834 0)
(-5.85958 2.89918 0)
(-7.77253 6.96658 0)
(-9.63333 10.0334 -1.11558e-14)
(-10.8881 12.6138 1.78594e-14)
(-10.8525 13.9321 -5.95964e-15)
(-9.78335 13.1087 0)
(-6.99493 9.594 0)
(-2.98756 3.56225 0)
(2.18727 -2.88694 3.60552e-14)
(5.10984 -8.29105 9.28645e-16)
(8.29365 -12.028 5.22111e-16)
(10.1665 -15.255 0)
(4.6386 -1.88098 0)
(-1.45105 -4.68058 1.33519e-15)
(-1.84275 -7.35079 -3.53526e-16)
(-2.67885 -8.99579 2.02666e-15)
(-3.26982 -8.99447 -2.92764e-15)
(-3.79637 -7.23405 0)
(-4.46133 -4.74904 0)
(-5.27296 -2.05072 1.23805e-14)
(-6.68635 1.47892 0)
(-8.02881 6.07285 0)
(-9.11181 9.60114 -1.29315e-14)
(-9.3131 12.4651 2.09397e-14)
(-8.48408 14.1315 -7.11263e-15)
(-5.90683 13.8917 -3.62452e-14)
(-2.07393 11.2635 -1.45113e-15)
(2.71733 6.47263 -2.04146e-15)
(8.97035 1.73274 1.16766e-13)
(11.1643 -4.63461 3.56208e-14)
(13.0327 -8.71739 0)
(13.5954 -11.6407 -2.49919e-14)
(4.22565 -0.771924 0)
(-1.97581 -3.54411 -7.35424e-16)
(-2.55523 -6.24068 1.33323e-15)
(-3.65385 -8.32555 -1.1696e-15)
(-4.58502 -9.23175 2.30995e-15)
(-5.34249 -8.65654 0)
(-6.00199 -6.96323 0)
(-6.78822 -4.37537 -3.57589e-17)
(-7.26799 -0.530816 -7.31715e-15)
(-7.52496 4.29707 6.02765e-15)
(-7.61904 8.40512 1.43989e-14)
(-6.85568 11.8864 -1.66505e-14)
(-4.78993 14.0596 -3.90112e-14)
(-1.08462 14.4046 3.69051e-14)
(3.19553 12.4892 1.87305e-14)
(7.39581 9.05363 -2.20457e-14)
(11.6101 4.70897 -7.1422e-16)
(14.6312 -0.587246 -2.10865e-14)
(15.5048 -4.59027 -2.16762e-14)
(14.6707 -7.25038 4.40498e-14)
(3.87286 0.314757 0)
(-2.19745 -2.28211 8.84544e-16)
(-2.62212 -4.42881 -1.49336e-15)
(-3.97172 -6.58659 1.65378e-15)
(-5.32063 -7.98423 6.42327e-16)
(-6.45197 -8.46991 0)
(-7.16706 -7.84242 0)
(-7.70817 -6.23755 -6.03572e-15)
(-7.31759 -3.11704 -1.51027e-15)
(-6.52176 1.33968 6.65628e-15)
(-5.59526 5.82976 0)
(-3.66371 9.65574 0)
(-0.0979129 12.0007 1.80873e-14)
(4.33793 12.942 -8.38497e-16)
(8.68188 12.3584 1.85985e-14)
(12.6849 10.3876 -1.92547e-14)
(15.3694 7.19567 0)
(16.6686 2.63721 0)
(15.5351 -1.07997 0)
(12.9575 -3.64626 0)
(3.32749 1.14265 2.56095e-16)
(-1.74082 -1.2213 -2.07454e-15)
(-1.51168 -2.38406 2.97903e-15)
(-2.7877 -3.96648 -3.43117e-15)
(-4.492 -5.39509 -2.3914e-15)
(-6.16629 -6.2836 7.70482e-15)
(-7.3016 -6.49846 0)
(-7.94672 -5.98205 -1.00069e-14)
(-7.57825 -4.33794 -7.27871e-15)
(-6.20662 -1.27469 7.57587e-15)
(-4.32219 2.80533 3.47174e-14)
(-0.656315 6.58198 -3.62463e-14)
(4.2031 9.09439 3.94891e-14)
(8.44003 10.4206 -1.7678e-14)
(11.9795 10.3007 1.8086e-14)
(14.5666 8.75627 -3.51063e-14)
(15.9167 6.23164 1.87095e-14)
(14.3808 2.97374 -1.81893e-14)
(10.6781 -0.122835 0)
(5.74765 -2.44851 0)
(1.9161 1.13983 0)
(-1.49175 -0.663934 2.26357e-15)
(-1.27231 -0.781818 -3.80453e-15)
(-2.02586 -1.14755 0)
(-2.85717 -1.68485 0)
(-3.58629 -2.28058 -8.45254e-15)
(-4.10419 -2.79829 -5.73738e-15)
(-4.26047 -3.09852 5.6911e-15)
(-3.78246 -3.04958 0)
(-2.44099 -2.57556 0)
(-0.376354 -1.52337 -2.25739e-14)
(1.89806 -0.110202 0)
(4.13393 1.34897 -3.22207e-14)
(6.06454 2.24643 -3.18505e-14)
(7.08818 2.45242 6.09813e-14)
(6.78959 2.14777 3.38469e-14)
(5.13243 1.76683 0)
(2.30048 1.87339 4.40683e-14)
(0.511702 2.27613 5.14896e-14)
(1.80241 -1.96718 -5.34927e-14)
(6.2967 -19.5633 -7.7327e-16)
(5.07579 -21.2811 -3.47969e-17)
(4.03888 -23.9425 7.7862e-16)
(3.46071 -28.1605 -7.9691e-16)
(3.25102 -33.6474 6.8286e-16)
(3.12842 -39.3645 -6.47554e-16)
(2.93689 -44.4587 5.62194e-16)
(2.66971 -48.795 5.44398e-16)
(2.39838 -52.5571 -4.91319e-16)
(2.17019 -55.873 -9.52187e-16)
(1.9918 -58.8027 -1.8517e-15)
(1.84881 -61.3864 8.72022e-16)
(1.7381 -63.5941 0)
(1.65591 -65.4172 0)
(1.53564 -66.6255 -1.72336e-15)
(1.68601 -67.6903 0)
(0.939182 -67.2175 0)
(3.02671 -69.7598 8.65004e-16)
(-3.70653 -64.1036 -8.67288e-16)
(15.3832 -80.531 3.0253e-15)
(5.46069 -17.786 -1.71453e-15)
(4.26783 -19.8321 -9.83136e-16)
(3.57845 -23.094 -6.00275e-17)
(3.55692 -27.8512 -1.58411e-15)
(3.8672 -33.5012 -2.92651e-15)
(4.13439 -39.0987 2.46569e-15)
(4.24058 -44.0644 5.93874e-17)
(4.22675 -48.3717 -2.08044e-15)
(4.1733 -52.1664 -1.99531e-15)
(4.12452 -55.53 -9.88611e-16)
(4.09189 -58.5059 2.70917e-15)
(4.07276 -61.1344 1.73336e-15)
(4.06751 -63.3732 5.19112e-15)
(4.06283 -65.2247 0)
(4.00036 -66.4385 5.16666e-15)
(4.18139 -67.4875 -3.52828e-15)
(3.43224 -67.0808 6.87191e-15)
(5.57165 -69.5946 3.45693e-15)
(-1.39861 -64.237 -3.46321e-15)
(18.222 -79.6869 -9.97585e-19)
(3.97571 -16.029 -3.66003e-15)
(3.11902 -18.7175 3.49967e-15)
(3.02777 -22.757 9.07768e-15)
(3.65136 -27.9763 -1.52528e-15)
(4.46239 -33.6302 0)
(5.08093 -39.0063 -7.0884e-17)
(5.46061 -43.7887 2.25992e-15)
(5.69266 -48.0219 0)
(5.86189 -51.8081 2.0048e-15)
(6.00491 -55.1867 -3.88282e-15)
(6.1308 -58.1826 3.57877e-15)
(6.24372 -60.834 -3.55701e-15)
(6.3482 -63.0878 7.37393e-17)
(6.42927 -64.9646 -3.37051e-15)
(6.43401 -66.1775 -3.44627e-15)
(6.64688 -67.2554 0)
(5.92014 -66.8348 -3.48415e-15)
(8.11053 -69.3043 0)
(1.00368 -64.2802 -7.09749e-15)
(21.0091 -78.8141 0)
(2.04957 -14.6112 1.3598e-16)
(1.93033 -18.2222 -3.85606e-15)
(2.65048 -23.0006 -7.65489e-15)
(3.93103 -28.4233 0)
(5.13227 -33.8874 -5.98573e-15)
(6.03152 -38.9789 2.40732e-15)
(6.65204 -43.5678 2.31181e-15)
(7.1193 -47.7131 4.24746e-15)
(7.50691 -51.4672 -3.99066e-15)
(7.84156 -54.8368 3.8839e-15)
(8.13008 -57.8332 1.57274e-16)
(8.38235 -60.4919 -3.47195e-15)
(8.60072 -62.7456 0)
(8.77269 -64.6384 6.88779e-15)
(8.84657 -65.8378 -7.05786e-15)
(9.09556 -66.9379 -1.71742e-16)
(8.38573 -66.5002 -7.17394e-15)
(10.6437 -68.912 6.70574e-15)
(3.45718 -64.2418 7.63028e-15)
(23.7756 -77.8473 2.90238e-16)
(0.144003 -14.0495 1.86072e-14)
(1.05812 -18.6156 -1.3525e-14)
(2.58499 -23.8084 3.80386e-15)
(4.37012 -29.1144 0)
(5.87154 -34.248 0)
(6.98675 -39.0231 -5.25181e-15)
(7.8302 -43.4142 9.11847e-15)
(8.52575 -47.4569 -8.64267e-15)
(9.12651 -51.1536 3.74262e-15)
(9.65031 -54.4876 7.44395e-15)
(10.1019 -57.4612 7.47134e-15)
(10.4958 -60.1093 -7.10818e-15)
(10.8273 -62.3485 6.81044e-15)
(11.0937 -64.2485 -1.31979e-17)
(11.2342 -65.4215 7.05692e-15)
(11.5228 -66.5497 1.82564e-16)
(10.8239 -66.0838 -7.17507e-15)
(13.1632 -68.4149 1.32649e-14)
(5.8215 -64.0998 -1.41707e-14)
(26.6225 -76.798 -1.2104e-14)
(-1.04899 -14.8235 6.01151e-15)
(0.788141 -19.8527 -4.44756e-15)
(2.87185 -24.9458 2.51048e-16)
(4.98692 -29.9066 0)
(6.67813 -34.6549 0)
(7.9729 -39.1149 -1.05533e-14)
(9.0264 -43.3126 9.03371e-15)
(9.9409 -47.2379 1.73042e-14)
(10.7456 -50.8534 -1.18655e-14)
(11.4508 -54.1277 -7.78692e-15)
(12.0597 -57.0585 1.46338e-14)
(12.5929 -59.6803 -2.84042e-14)
(13.0343 -61.8915 6.64257e-15)
(13.3982 -63.7899 6.71646e-15)
(13.6 -64.9242 7.058e-15)
(13.932 -66.0832 -6.67762e-15)
(13.2465 -65.5844 0)
(15.6606 -67.87 1.38209e-14)
(8.21223 -63.8878 1.52516e-14)
(29.4628 -75.6254 1.27128e-14)
(-1.17483 -16.4934 -1.22032e-14)
(1.09479 -21.2551 0)
(3.46453 -26.1018 1.77191e-14)
(5.75547 -30.698 -1.39209e-14)
(7.56814 -35.0755 0)
(9.0218 -39.2435 0)
(10.276 -43.2543 -4.67329e-15)
(11.3957 -47.0483 -1.71985e-14)
(12.3898 -50.5626 8.03919e-15)
(13.2635 -53.7587 0)
(14.0194 -56.6304 0)
(14.6856 -59.2116 7.113e-15)
(15.2295 -61.3824 -6.97848e-15)
(15.692 -63.2701 -6.89546e-15)
(15.9466 -64.3547 -1.41226e-14)
(16.3307 -65.5461 1.33486e-14)
(15.6533 -64.993 4.39741e-16)
(18.139 -67.2343 4.16326e-16)
(10.6042 -63.6 -1.41443e-14)
(32.2273 -74.3332 -1.2154e-14)
(-0.823314 -17.9977 -1.05901e-14)
(1.68048 -22.6567 -1.91851e-14)
(4.27085 -27.2009 -7.9321e-16)
(6.66823 -31.4465 2.0464e-14)
(8.56805 -35.4961 0)
(10.1678 -39.3979 1.04271e-14)
(11.61 -43.2247 -9.60189e-15)
(12.9133 -46.8741 8.24396e-15)
(14.077 -50.2716 7.87143e-15)
(15.1027 -53.3753 -7.81695e-15)
(15.9921 -56.1745 7.16995e-15)
(16.7825 -58.7019 0)
(17.4201 -60.8215 -1.42783e-14)
(17.9808 -62.6888 2.75725e-14)
(18.2752 -63.7149 -2.72027e-14)
(18.7219 -64.9398 0)
(18.0415 -64.315 8.63352e-18)
(20.5949 -66.5286 -1.34689e-14)
(13.0052 -63.234 2.89548e-14)
(34.9092 -72.9366 -3.59137e-14)
(-0.172602 -19.5815 -4.76624e-16)
(2.53463 -23.9978 2.5704e-14)
(5.28987 -28.2478 -1.47979e-14)
(7.75129 -32.1267 -6.63667e-15)
(9.72505 -35.8814 1.16837e-14)
(11.4503 -39.5467 -2.1064e-14)
(13.0524 -43.1899 9.20097e-15)
(14.509 -46.6821 0)
(15.8173 -49.95 1.74883e-16)
(16.9753 -52.9497 -7.48812e-15)
(17.9834 -55.6658 -1.50132e-14)
(18.8869 -58.1292 1.39091e-14)
(19.6065 -60.1907 -1.42874e-14)
(20.2647 -62.0321 1.3796e-14)
(20.583 -62.9962 1.44826e-14)
(21.1053 -64.2566 -1.33341e-14)
(20.4047 -63.5465 4.23017e-14)
(23.0282 -65.7494 -1.30385e-14)
(15.4018 -62.7792 -2.81741e-14)
(37.5015 -71.4509 1.52952e-17)
(0.9007 -20.8559 -8.9972e-15)
(3.73075 -25.1415 3.2852e-14)
(6.58183 -29.1555 6.20683e-16)
(9.04135 -32.7031 -2.57223e-14)
(11.0674 -36.1929 -1.19322e-14)
(12.8945 -39.6398 2.02806e-14)
(14.6232 -43.1042 0)
(16.1947 -46.4384 8.85717e-15)
(17.6198 -49.573 -1.60346e-14)
(18.8883 -52.4647 0)
(19.9981 -55.093 -1.4704e-14)
(21.0022 -57.4879 1.42437e-14)
(21.7898 -59.4887 0)
(22.5428 -61.2988 2.75775e-14)
(22.8668 -62.2013 -1.37882e-14)
(23.4802 -63.4951 0)
(22.7336 -62.6898 -4.2345e-14)
(25.436 -64.9046 4.06258e-14)
(17.7955 -62.2162 2.88549e-14)
(39.9996 -69.8926 4.87737e-14)
(2.3051 -21.8679 1.69646e-14)
(5.20949 -26.1115 8.12411e-15)
(8.1357 -29.8912 -1.36772e-14)
(10.5413 -33.1328 -1.28237e-14)
(12.6068 -36.3908 2.24409e-14)
(14.4981 -39.6388 -2.00155e-14)
(16.316 -42.9305 9.28958e-15)
(17.9704 -46.1139 -1.76059e-14)
(19.486 -49.1215 2.38775e-14)
(20.8425 -51.9092 1.56818e-14)
(22.0357 -54.4498 -1.43937e-14)
(23.1277 -56.774 3.22891e-16)
(23.9702 -58.714 -1.36588e-14)
(24.8153 -60.4864 -4.17113e-14)
(25.1259 -61.3313 2.76171e-14)
(25.8476 -62.6516 7.25559e-16)
(25.0194 -61.7491 2.83501e-14)
(27.8175 -63.9994 0)
(20.1774 -61.5261 -2.80735e-14)
(42.403 -68.2742 2.43895e-14)
(4.11893 -22.3969 0)
(7.02935 -26.7204 0)
(9.97859 -30.3563 -1.38909e-14)
(12.266 -33.347 -5.11874e-16)
(14.3448 -36.4024 3.33453e-14)
(16.2489 -39.4764 -9.83054e-15)
(18.1178 -42.6157 9.63592e-15)
(19.8235 -45.6669 -1.67561e-14)
(21.4033 -48.5593 0)
(22.8281 -51.2513 1.53156e-14)
(24.0882 -53.7099 1.47003e-14)
(25.2547 -55.9664 0)
(26.1398 -57.8506 -1.4316e-14)
(27.0738 -59.5809 2.72623e-14)
(27.3525 -60.3794 2.7974e-14)
(28.2018 -61.7161 -1.25791e-14)
(27.2491 -60.7259 -5.52603e-14)
(30.1721 -63.0296 0)
(22.5248 -60.692 0)
(44.7139 -66.6049 -5.78409e-18)
(6.32726 -22.3319 -1.65096e-14)
(9.11902 -26.8456 0)
(12.0808 -30.4431 1.61665e-16)
(14.1941 -33.2741 1.28423e-14)
(16.252 -36.1684 -2.18521e-14)
(18.1153 -39.1098 0)
(20.0035 -42.1273 9.21311e-15)
(21.7336 -45.0735 0)
(23.3575 -47.8703 0)
(24.8325 -50.4799 -1.52709e-14)
(26.1436 -52.8651 0)
(27.3732 -55.0587 1.45782e-14)
(28.2906 -56.8936 -4.2007e-14)
(29.3107 -58.5767 2.7608e-14)
(29.54 -59.3455 -1.3481e-14)
(30.537 -60.6815 5.46554e-14)
(29.4127 -59.6243 0)
(32.506 -61.9819 -2.68046e-14)
(24.8284 -59.7928 0)
(46.9316 -64.8999 4.88313e-14)
(8.70873 -21.4629 0)
(11.3314 -26.3734 1.21918e-16)
(14.3549 -30.0785 2.77458e-16)
(16.2399 -32.8518 -3.69808e-14)
(18.2491 -35.6352 1.08774e-14)
(20.0359 -38.503 -1.00696e-14)
(21.9242 -41.4404 -9.17365e-15)
(23.6622 -44.3158 1.74501e-14)
(25.3195 -47.04 -1.57262e-14)
(26.8359 -49.583 -3.09055e-14)
(28.1889 -51.9068 1.43692e-14)
(29.4736 -54.0447 1.427e-14)
(30.4156 -55.8389 1.39974e-14)
(31.5178 -57.4706 1.38127e-14)
(31.6835 -58.2323 0)
(32.8481 -59.5411 7.37623e-16)
(31.5054 -58.4502 -5.54535e-14)
(34.8279 -60.8454 -6.96259e-16)
(27.0914 -58.7616 2.73025e-14)
(49.0559 -63.1822 -4.88639e-14)
(11.1379 -19.4596 1.83152e-14)
(13.5469 -25.1954 1.53516e-14)
(16.7085 -29.1599 1.37051e-14)
(18.2922 -32.0123 -1.29023e-14)
(20.2411 -34.7631 1.07576e-14)
(21.938 -37.6338 2.05373e-14)
(23.8226 -40.5393 -8.83955e-15)
(25.5698 -43.3815 -3.46573e-14)
(27.2562 -46.0576 -6.73696e-16)
(28.8103 -48.5524 -6.86377e-16)
(30.2007 -50.8289 1.43855e-14)
(31.5383 -52.9201 -2.85359e-14)
(32.5023 -54.6842 0)
(33.6835 -56.2616 1.44783e-14)
(33.7777 -57.0431 -5.53923e-14)
(35.1278 -58.2876 2.66126e-14)
(33.5193 -57.2172 2.81523e-14)
(37.1413 -59.6172 0)
(29.2757 -57.5976 -2.8106e-14)
(51.0967 -61.4718 0)
(13.1972 -16.0918 4.59036e-16)
(15.4284 -23.2833 3.38803e-16)
(18.9018 -27.636 1.43015e-14)
(20.163 -30.7598 -3.88143e-14)
(22.0978 -33.5767 3.36893e-14)
(23.745 -36.5265 1.01707e-14)
(25.6487 -39.4431 -9.2704e-15)
(27.4196 -42.2848 1.68604e-14)
(29.1427 -44.9334 1.5816e-14)
(30.738 -47.3962 -3.78497e-17)
(32.1655 -49.6377 0)
(33.5554 -51.6893 -3.23566e-16)
(34.5407 -53.4333 1.37107e-14)
(35.7977 -54.9534 2.83012e-14)
(35.8207 -55.7833 1.37299e-15)
(37.3676 -56.9162 -5.39654e-14)
(35.4523 -55.9501 2.90626e-14)
(39.4555 -58.2939 -5.25674e-14)
(31.3558 -56.312 2.81758e-14)
(53.0634 -59.7822 0)
(13.733 -12.1167 0)
(16.4482 -21.0436 -1.70129e-14)
(20.6146 -25.7002 -1.47479e-14)
(21.6965 -29.2224 0)
(23.7117 -32.1581 3.51981e-14)
(25.3903 -35.2307 -3.06224e-14)
(27.354 -38.1826 -3.78798e-14)
(29.174 -41.0424 -3.16186e-16)
(30.9483 -43.6775 0)
(32.595 -46.1209 -3.51212e-17)
(34.0655 -48.3373 1.47614e-14)
(35.5109 -50.3534 0)
(36.5182 -52.086 2.87065e-14)
(37.8469 -53.5455 -5.53561e-14)
(37.8069 -54.45 2.70539e-14)
(39.5486 -55.4204 -2.21786e-17)
(37.2999 -54.6796 -2.82475e-14)
(41.78 -56.8643 2.66429e-14)
(33.3029 -54.9132 -2.96777e-14)
(54.9764 -58.1206 4.77278e-14)
(12.0067 -9.58319 0)
(16.5709 -19.6877 0)
(21.6254 -23.9488 -2.94124e-14)
(22.8715 -27.7214 5.20318e-14)
(25.0612 -30.6767 -4.56302e-14)
(26.8676 -33.8355 1.02754e-14)
(28.9281 -36.8064 3.74137e-14)
(30.8237 -39.6844 1.76378e-14)
(32.6616 -42.3085 -1.58755e-14)
(34.3687 -44.7371 1.53504e-14)
(35.8886 -46.9338 -2.98008e-14)
(37.395 -48.9152 1.39973e-14)
(38.4266 -50.6442 2.87284e-14)
(39.8201 -52.0368 2.90087e-14)
(39.7289 -53.0351 -2.70828e-14)
(41.6418 -53.7965 2.66758e-14)
(39.0454 -53.4276 5.65612e-14)
(44.0985 -55.2627 -2.58329e-14)
(35.0471 -53.3931 0)
(56.8798 -56.5473 0)
(9.93268 -10.1407 0)
(16.9908 -20.131 1.69643e-14)
(22.4858 -22.6067 -1.4134e-14)
(23.9195 -26.3538 -2.6117e-14)
(26.2682 -29.1554 1.05681e-14)
(28.2147 -32.3502 2.00454e-14)
(30.3915 -35.3184 2.84797e-17)
(32.3777 -38.2171 0)
(34.2915 -40.8366 0)
(36.068 -43.2548 3.10435e-14)
(37.6444 -45.4422 6.15328e-16)
(39.2145 -47.386 -2.83285e-14)
(40.2779 -49.1219 0)
(41.7272 -50.4335 -5.55077e-14)
(41.5969 -51.5416 2.84728e-14)
(43.6308 -52.0374 -8.16394e-14)
(40.6996 -52.1844 2.81982e-14)
(46.3492 -53.3143 2.74349e-14)
(36.4852 -51.8668 -5.77214e-14)
(58.8292 -55.2812 4.74586e-14)
(13.6172 -11.6442 -8.1123e-16)
(18.185 -20.1961 -1.59351e-14)
(23.2685 -21.3212 -1.36461e-14)
(24.6191 -24.8618 1.22372e-14)
(27.1666 -27.4761 2.21208e-14)
(29.2813 -30.7129 -1.91939e-14)
(31.655 -33.6754 -1.78814e-14)
(33.7717 -36.6026 1.69311e-14)
(35.8024 -39.2418 -1.52854e-14)
(37.6719 -41.6595 -1.51142e-14)
(39.3316 -43.8638 2.85666e-14)
(40.9704 -45.7686 2.8627e-16)
(42.087 -47.535 -2.79775e-14)
(43.5767 -48.7326 2.64519e-14)
(43.4773 -50.0085 0)
(45.5211 -50.1034 2.69881e-14)
(42.468 -50.9861 8.9805e-16)
(48.5325 -50.8576 -2.54576e-14)
(37.6369 -50.808 0)
(60.908 -54.7414 -4.66729e-14)
(17.8486 -9.65769 1.76593e-14)
(18.8077 -20.1143 8.87326e-18)
(23.5696 -21.3396 1.2448e-14)
(24.6141 -24.9182 -2.17563e-14)
(27.5261 -27.2649 -2.96442e-16)
(29.7432 -30.2482 8.50311e-15)
(32.2936 -33.0053 2.37595e-16)
(34.4851 -35.7927 8.72701e-18)
(36.585 -38.3557 -1.3023e-14)
(38.4982 -40.7192 -1.23918e-14)
(40.1975 -42.9023 3.68417e-16)
(41.8662 -44.7672 -1.17537e-14)
(43.0333 -46.5647 0)
(44.4933 -47.6644 4.65032e-14)
(44.5282 -49.114 0)
(46.4586 -48.8903 -2.36624e-14)
(43.611 -50.3412 2.39682e-14)
(49.5688 -49.0955 2.29903e-14)
(38.7043 -50.4572 -3.80469e-16)
(61.5486 -52.9041 2.81436e-16)
(18.0756 -9.838 0)
(18.6958 -19.8243 1.17024e-14)
(23.5878 -21.2855 0)
(24.5939 -24.7839 8.99961e-15)
(27.5767 -27.1635 0)
(29.8155 -30.1034 -1.33847e-14)
(32.3998 -32.8473 1.92244e-16)
(34.6104 -35.6106 -1.69768e-16)
(36.7302 -38.1687 1.04018e-14)
(38.6554 -40.5251 9.93953e-15)
(40.3695 -42.7116 -9.83042e-15)
(42.0408 -44.5698 1.93487e-14)
(43.2239 -46.3788 0)
(44.6691 -47.4559 -1.98259e-14)
(44.7015 -48.9792 3.2449e-16)
(46.616 -48.6465 5.67974e-18)
(43.8222 -50.2442 -3.1702e-16)
(49.7218 -48.7353 -2.01749e-14)
(38.9921 -50.5379 -1.89509e-14)
(61.6946 -52.5866 -1.5826e-14)
(18.1537 -10.2197 2.18402e-16)
(18.597 -19.5873 -1.77725e-16)
(23.5882 -21.3051 0)
(24.5739 -24.6996 9.22472e-15)
(27.623 -27.1099 7.32903e-15)
(29.8881 -29.9933 1.3172e-14)
(32.5055 -32.7129 3.76232e-16)
(34.7364 -35.4422 7.14225e-18)
(36.8756 -37.9895 -1.58929e-16)
(38.8114 -40.3351 -1.98668e-14)
(40.5399 -42.5223 -2.02702e-18)
(42.2123 -44.3733 -1.93701e-14)
(43.4128 -46.1918 1.48405e-16)
(44.839 -47.2469 -3.16988e-16)
(44.933 -48.8014 -1.99023e-14)
(46.7691 -48.4066 2.05953e-14)
(44.1075 -50.1307 3.36054e-16)
(49.8548 -48.38 -3.00162e-16)
(39.3236 -50.6028 1.9189e-14)
(61.8014 -52.2165 3.17688e-14)
(18.163 -10.6277 0)
(18.4911 -19.3959 0)
(23.5541 -21.3568 1.02262e-14)
(24.5343 -24.6519 -8.89836e-15)
(27.6452 -27.0921 -7.38122e-15)
(29.9426 -29.9143 -2.14238e-16)
(32.5961 -32.6022 -1.1892e-14)
(34.851 -35.2908 -3.45064e-16)
(37.0115 -37.8218 1.58635e-16)
(38.9597 -40.1531 9.92555e-15)
(40.7037 -42.338 1.93566e-14)
(42.3781 -44.181 -3.33579e-18)
(43.5977 -46.0064 9.71603e-15)
(45.0052 -47.0412 0)
(45.1567 -48.6257 1.98875e-14)
(46.9192 -48.1699 3.13225e-16)
(44.3881 -50.005 2.07274e-14)
(49.9787 -48.0318 1.99892e-14)
(39.6602 -50.6444 3.16199e-16)
(61.9208 -51.8426 -1.59272e-14)
(18.1505 -11.0265 1.30763e-14)
(18.3769 -19.2304 -7.22602e-18)
(23.4936 -21.4226 1.33172e-16)
(24.4805 -24.6248 -2.80386e-16)
(27.6461 -27.0984 -7.45527e-15)
(29.979 -29.8603 -6.83281e-15)
(32.669 -32.5138 1.20694e-14)
(34.9523 -35.1563 1.69274e-16)
(37.1361 -37.6665 1.03493e-14)
(39.0987 -39.9801 0)
(40.8603 -42.1595 -9.67816e-15)
(42.538 -43.9934 1.92524e-14)
(43.779 -45.8227 -9.72256e-15)
(45.1708 -46.8366 0)
(45.3793 -48.4461 -3.24843e-16)
(47.067 -47.9368 -2.0349e-14)
(44.674 -49.8746 -2.07052e-14)
(50.095 -47.6904 -1.97e-14)
(39.9982 -50.6713 -2.91512e-16)
(62.0572 -51.4668 2.50992e-16)
(18.1295 -11.4106 -2.63311e-14)
(18.2574 -19.0895 1.15518e-14)
(23.413 -21.5018 -3.08264e-17)
(24.417 -24.6167 1.33625e-16)
(27.6316 -27.126 1.55459e-14)
(30.0012 -29.8302 6.69507e-15)
(32.7257 -32.4484 -1.20833e-14)
(35.0395 -35.0408 -1.71359e-16)
(37.2496 -37.5246 -1.03507e-14)
(39.229 -39.817 -1.58084e-16)
(41.0099 -41.9873 1.48061e-16)
(42.6923 -43.8105 -9.63364e-15)
(43.9571 -45.6405 -9.58083e-15)
(45.3371 -46.6334 -1.51998e-16)
(45.6041 -48.2605 2.02292e-14)
(47.2121 -47.7072 2.06772e-14)
(44.9636 -49.7385 2.10121e-14)
(50.2039 -47.3553 -3.01979e-16)
(40.3369 -50.688 -1.92862e-14)
(62.2106 -51.0839 2.3737e-16)
(18.1011 -11.7791 1.28384e-14)
(18.1327 -18.969 -1.15856e-14)
(23.3151 -21.5919 -2.00576e-14)
(24.3457 -24.6255 0)
(27.6047 -27.1712 -1.73948e-17)
(30.0113 -29.8214 -2.35433e-16)
(32.7686 -32.4043 1.29031e-14)
(35.1126 -34.9453 1.82292e-16)
(37.352 -37.3971 -1.59485e-16)
(39.3507 -39.6642 0)
(41.1529 -41.8219 0)
(42.8414 -43.6326 9.64796e-15)
(44.1324 -45.4602 9.74212e-15)
(45.5012 -46.433 1.99617e-14)
(45.8324 -48.0701 -4.07957e-14)
(47.3545 -47.4812 3.14332e-16)
(45.2569 -49.5969 -2.06552e-14)
(50.3055 -47.0261 0)
(40.6765 -50.6976 1.08242e-17)
(62.3823 -50.6902 -1.62938e-14)
(18.0656 -12.1283 1.2699e-14)
(18.0036 -18.8673 1.19134e-14)
(23.2027 -21.6902 9.95779e-15)
(24.2677 -24.6496 8.65674e-15)
(27.5691 -27.2305 -1.60147e-14)
(30.0122 -29.8312 -6.65499e-15)
(32.7995 -32.3799 8.68496e-18)
(35.1737 -34.8689 -1.18383e-14)
(37.4426 -37.2856 0)
(39.4644 -39.5224 9.90763e-15)
(41.2898 -41.6635 -1.54653e-16)
(42.9859 -43.4599 -9.35264e-15)
(44.3052 -45.2819 -1.49169e-16)
(45.6637 -46.2365 1.34113e-17)
(46.0601 -47.8773 2.02414e-14)
(47.4945 -47.2598 0)
(45.5536 -49.4491 0)
(50.3985 -46.7021 -2.02125e-14)
(41.0181 -50.7013 1.16687e-17)
(62.5749 -50.2812 -6.00861e-17)
(18.0242 -12.4546 -2.56074e-14)
(17.8719 -18.7803 -1.17559e-14)
(23.0781 -21.7951 -9.83375e-15)
(24.1851 -24.6871 -8.6824e-15)
(27.5282 -27.3001 1.58299e-14)
(30.007 -29.8557 0)
(32.8214 -32.3722 0)
(35.2246 -34.8103 5.81898e-18)
(37.5226 -37.1898 0)
(39.5707 -39.3919 -9.96219e-15)
(41.4211 -41.5122 -9.54547e-15)
(43.1262 -43.2925 -9.82081e-15)
(44.4757 -45.1057 -9.92587e-15)
(45.8252 -46.0452 -3.98644e-14)
(46.2875 -47.6854 0)
(47.6283 -47.0441 0)
(45.8528 -49.2949 0)
(50.481 -46.3892 2.02447e-14)
(41.364 -50.6995 3.75899e-14)
(62.7901 -49.8507 1.64702e-14)
(17.9776 -12.7581 1.27084e-14)
(17.7368 -18.7046 0)
(22.9435 -21.9043 9.75818e-15)
(24.1019 -24.7345 2.75567e-16)
(27.4854 -27.3766 -8.19075e-15)
(29.9988 -29.8914 0)
(32.8374 -32.3776 0)
(35.2677 -34.7671 1.21281e-14)
(37.5944 -37.1081 1.77472e-16)
(39.6695 -39.2736 -3.16573e-16)
(41.5474 -41.368 9.85533e-15)
(43.2629 -43.1304 9.68086e-15)
(44.644 -44.9315 9.7757e-15)
(45.9801 -45.8592 1.97082e-14)
(46.5038 -47.4954 -1.59939e-17)
(47.7596 -46.8335 3.15549e-16)
(46.1547 -49.1381 0)
(50.5539 -46.0864 0)
(41.7166 -50.6938 -1.87459e-14)
(63.0283 -49.396 0)
(17.9258 -13.0388 1.26146e-14)
(17.6016 -18.6368 0)
(22.8014 -22.0152 9.614e-15)
(24.0222 -24.7879 -2.75596e-16)
(27.4436 -27.4567 -7.69614e-15)
(29.9906 -29.9344 0)
(32.8506 -32.3927 0)
(35.3062 -34.736 1.21334e-14)
(37.6601 -37.0388 -7.76681e-18)
(39.7617 -39.167 3.23658e-16)
(41.6698 -41.2307 9.58022e-15)
(43.3967 -42.9733 9.70507e-15)
(44.8103 -44.7592 9.79672e-15)
(46.134 -45.6772 2.03907e-14)
(46.7207 -47.3041 -3.10182e-16)
(47.8903 -46.627 0)
(46.4608 -48.9704 0)
(50.6194 -45.7882 0)
(42.0785 -50.6851 -1.86743e-14)
(63.2897 -48.9128 0)
(17.8697 -13.2964 -2.50944e-14)
(17.4681 -18.572 -1.17231e-14)
(22.6548 -22.125 -9.54308e-15)
(23.9503 -24.8432 -8.65728e-15)
(27.4054 -27.5373 1.59162e-14)
(29.9853 -29.9812 0)
(32.8638 -32.4136 0)
(35.3431 -34.7138 4.75507e-18)
(37.7225 -36.9788 0)
(39.85 -39.0702 -1.05891e-14)
(41.7891 -41.1 -9.89512e-15)
(43.5285 -42.821 -9.56587e-15)
(44.9752 -44.5886 -9.64603e-15)
(46.2875 -45.4978 -4.03329e-14)
(46.9376 -47.1097 0)
(48.0202 -46.4247 0)
(46.7708 -48.7963 0)
(50.6781 -45.4954 2.04562e-14)
(42.4526 -50.6742 3.72505e-14)
(63.5743 -48.3966 1.69455e-14)
(17.811 -13.5306 1.26873e-14)
(17.3389 -18.5053 1.15517e-14)
(22.5051 -22.2318 9.47373e-15)
(23.8899 -24.8965 8.66932e-15)
(27.3729 -27.6155 -1.56752e-14)
(29.9851 -30.0285 -7.7879e-15)
(32.8797 -32.4372 -9.94608e-18)
(35.3812 -34.6969 -1.24619e-14)
(37.7845 -36.9252 0)
(39.9362 -38.9813 1.06164e-14)
(41.9065 -40.9751 3.05204e-16)
(43.659 -42.673 -1.00479e-14)
(45.1392 -44.4194 1.50219e-16)
(46.4409 -45.3208 -1.85014e-17)
(47.1547 -46.9127 2.03273e-14)
(48.1497 -46.2266 0)
(47.085 -48.6135 0)
(50.7291 -45.2089 -2.04901e-14)
(42.8428 -50.6619 -2.14143e-17)
(63.881 -47.8435 3.95838e-17)
(17.7514 -13.7409 1.26855e-14)
(17.217 -18.4315 -1.19182e-14)
(22.3544 -22.3329 -1.89449e-14)
(23.8444 -24.9442 0)
(27.3481 -27.6884 1.98625e-18)
(29.9923 -30.0731 -3.63091e-18)
(32.9007 -32.4602 1.39676e-14)
(35.4232 -34.6822 -3.99211e-16)
(37.8484 -36.8751 1.81843e-16)
(40.0227 -38.8977 0)
(42.0228 -40.8552 1.56464e-16)
(43.7892 -42.5288 9.60525e-15)
(45.3029 -44.2513 9.84271e-15)
(46.5949 -45.1459 2.0136e-14)
(47.3719 -46.7126 -4.03485e-14)
(48.2795 -46.0331 -3.17349e-16)
(47.4036 -48.4227 -2.05635e-14)
(50.7721 -44.9299 0)
(43.2527 -50.6485 -2.38642e-17)
(64.2076 -47.2508 -1.72091e-14)
(17.6914 -13.9257 -2.49146e-14)
(17.1057 -18.3457 1.19172e-14)
(22.2065 -22.4231 2.02986e-18)
(23.8164 -24.9829 -1.31918e-16)
(27.3325 -27.7529 1.5977e-14)
(30.0086 -30.1124 7.61705e-15)
(32.9286 -32.4798 -1.42379e-14)
(35.4712 -34.667 1.96565e-16)
(37.9165 -36.8258 -1.20407e-14)
(40.1118 -38.8166 1.77505e-16)
(42.1391 -40.7394 -1.50941e-16)
(43.9201 -42.3878 -9.78693e-15)
(45.4669 -44.0837 -1.00064e-14)
(46.7499 -44.9728 1.53821e-16)
(47.5889 -46.5087 2.03486e-14)
(48.4102 -45.8445 2.09725e-14)
(47.7251 -48.2216 2.02123e-14)
(50.8077 -44.6606 3.08609e-16)
(43.6854 -50.633 -1.81235e-14)
(64.5513 -46.6178 -2.50873e-16)
(17.6321 -14.0857 1.26346e-14)
(17.0089 -18.2443 4.96456e-18)
(22.0688 -22.4979 -1.65022e-16)
(23.8083 -25.0101 2.75495e-16)
(27.3282 -27.8062 -8.24558e-15)
(30.0358 -30.1437 -7.42578e-15)
(32.9651 -32.4933 1.413e-14)
(35.5271 -34.6485 -1.97863e-16)
(37.9905 -36.775 1.21116e-14)
(40.205 -38.7359 0)
(42.2563 -40.6264 -9.99091e-15)
(44.0525 -42.2489 1.96078e-14)
(45.6317 -43.9162 -9.8732e-15)
(46.9066 -44.8011 0)
(47.8056 -46.3009 -3.27869e-16)
(48.5417 -45.6604 -2.06631e-14)
(48.0468 -48.0082 -2.05551e-14)
(50.8366 -44.4018 -2.10278e-14)
(44.1431 -50.6131 2.84239e-16)
(64.9076 -45.9455 -2.73254e-16)
(17.5887 -14.2345 0)
(16.9316 -18.1245 0)
(21.9495 -22.5571 9.51054e-15)
(23.8232 -25.0238 -8.68715e-15)
(27.339 -27.8473 -8.05519e-15)
(30.0763 -30.1651 -2.90494e-17)
(33.0126 -32.4992 -1.39262e-14)
(35.5928 -34.6251 2.08148e-16)
(38.0722 -36.721 -1.86188e-16)
(40.3044 -38.6536 1.13183e-14)
(42.3762 -40.5148 2.01858e-14)
(44.1877 -42.1115 1.65466e-16)
(45.7985 -43.7487 9.72776e-15)
(47.0652 -44.6302 0)
(48.0232 -46.0907 2.07336e-14)
(48.6727 -45.4786 -3.18672e-16)
(48.3724 -47.7864 2.05402e-14)
(50.8531 -44.1495 2.07327e-14)
(44.6347 -50.5927 -3.09355e-16)
(65.2658 -45.2303 -1.76035e-14)
(17.5982 -14.3961 -1.9932e-16)
(16.8768 -17.978 1.79103e-16)
(21.8537 -22.5956 0)
(23.861 -25.0186 8.39161e-15)
(27.3672 -27.873 8.29641e-15)
(30.1322 -30.1743 1.519e-14)
(33.0737 -32.496 -2.13621e-16)
(35.6703 -34.5953 -2.08703e-16)
(38.164 -36.6626 1.86752e-16)
(40.4118 -38.5685 -2.26854e-14)
(42.5015 -40.4029 9.14853e-18)
(44.3269 -41.9748 -1.95333e-14)
(45.9687 -43.5814 -1.51386e-16)
(47.226 -44.4596 3.22863e-16)
(48.2446 -45.88 -2.07204e-14)
(48.8045 -45.2991 2.10527e-14)
(48.7165 -47.5667 -3.35392e-16)
(50.841 -43.8969 3.10862e-16)
(45.1882 -50.5952 1.80782e-14)
(65.6046 -44.4592 3.52669e-14)
(17.6582 -14.5437 0)
(16.8319 -17.7763 1.1699e-14)
(21.7448 -22.5617 0)
(23.8963 -24.964 8.7626e-15)
(27.3878 -27.8556 0)
(30.1876 -30.1545 -1.50312e-14)
(33.1377 -32.4722 -2.24373e-16)
(35.7544 -34.5525 2.00066e-16)
(38.2626 -36.5955 1.20338e-14)
(40.5259 -38.4773 1.15014e-14)
(42.6319 -40.287 -1.00103e-14)
(44.47 -41.8369 1.95735e-14)
(46.1403 -43.4114 0)
(47.3896 -44.289 -2.02573e-14)
(48.4655 -45.6636 -3.28742e-16)
(48.9477 -45.1252 -1.16985e-17)
(49.0689 -47.3364 3.14851e-16)
(50.7987 -43.6557 -2.05343e-14)
(45.8122 -50.6139 -1.82513e-14)
(65.9252 -43.6541 -1.75817e-14)
(17.6763 -14.5211 1.54023e-14)
(16.8323 -17.4936 3.68757e-17)
(21.6083 -22.3852 1.17815e-14)
(23.9239 -24.845 -2.1357e-14)
(27.3822 -27.7781 3.12423e-16)
(30.2298 -30.1072 8.72451e-15)
(33.193 -32.4309 -2.67073e-16)
(35.8382 -34.5027 -1.03305e-17)
(38.3637 -36.5237 -1.42559e-14)
(40.6453 -38.3842 -1.32573e-14)
(42.7663 -40.168 -3.83565e-16)
(44.6176 -41.6991 -1.16909e-14)
(46.3071 -43.2361 0)
(47.5589 -44.1217 4.7498e-14)
(48.6662 -45.426 0)
(49.116 -44.9445 -2.42755e-14)
(49.3438 -47.0243 2.36186e-14)
(50.8759 -43.498 2.43094e-14)
(46.3539 -50.5068 3.616e-16)
(66.32 -43.028 -3.01162e-16)
(14.0591 -13.0871 -5.35609e-17)
(17.8834 -17.5624 -1.64789e-14)
(22.5347 -22.6273 -1.34322e-14)
(25.3196 -25.5715 1.20228e-14)
(28.491 -28.5089 -2.25115e-14)
(31.2245 -30.753 1.98998e-14)
(33.9566 -32.8061 -1.88578e-14)
(36.5012 -34.6212 -1.79209e-14)
(38.9602 -36.3847 1.61099e-14)
(41.254 -38.0609 1.57437e-14)
(43.3912 -39.6666 -2.92394e-14)
(45.3082 -41.1055 2.80466e-14)
(47.0477 -42.4963 2.8413e-14)
(48.3998 -43.4376 -2.69724e-14)
(49.4943 -44.4731 2.80791e-14)
(50.1181 -44.3797 7.14398e-16)
(50.1698 -45.6038 -5.52674e-14)
(52.1346 -43.5647 2.62289e-14)
(46.4879 -48.8404 0)
(66.4577 -41.9889 8.30078e-17)
(12.5597 -14.8266 0)
(17.1622 -17.5455 -1.62481e-14)
(21.2159 -20.59 1.36998e-14)
(24.9471 -23.5626 2.54074e-14)
(28.4894 -26.3395 1.21751e-14)
(31.8218 -28.8548 -2.01783e-14)
(34.9131 -31.0909 -5.57871e-17)
(37.7507 -33.0821 0)
(40.3568 -34.8881 0)
(42.7558 -36.5587 -3.20379e-16)
(44.9566 -38.105 -6.14928e-16)
(46.9429 -39.5049 -3.01002e-16)
(48.6627 -40.7448 0)
(50.1075 -41.7359 -5.63552e-14)
(51.0535 -42.4926 -2.87318e-14)
(51.9968 -42.8575 -2.86991e-14)
(51.4069 -43.1649 2.81955e-14)
(54.3688 -42.8617 -2.81546e-14)
(46.2197 -45.022 5.73727e-14)
(70.4523 -41.0088 1.37368e-15)
(13.2328 -15.8604 0)
(17.7709 -18.196 0)
(21.9726 -20.7034 2.76345e-14)
(25.8888 -23.2432 -4.90256e-14)
(29.5863 -25.7195 -4.4283e-16)
(33.0501 -28.0082 1.0243e-14)
(36.2262 -30.0578 3.77308e-14)
(39.1138 -31.8907 -1.78419e-14)
(41.7578 -33.5615 1.60725e-14)
(44.1939 -35.1101 1.55952e-14)
(46.429 -36.5433 -1.49789e-14)
(48.4496 -37.8449 0)
(50.1998 -38.9976 -2.90979e-14)
(51.6767 -39.9115 2.68302e-14)
(52.6338 -40.6094 2.73429e-14)
(53.5924 -40.9112 8.44767e-14)
(52.9603 -41.226 -5.65143e-14)
(55.9838 -40.8923 2.65795e-14)
(47.5918 -42.8244 0)
(72.5848 -38.6033 0)
(14.7644 -16.2634 0)
(18.885 -18.1043 -1.43605e-14)
(22.9043 -20.2133 -1.31619e-14)
(26.8167 -22.4885 0)
(30.6021 -24.7806 -1.14563e-14)
(34.1838 -26.9407 9.73258e-15)
(37.466 -28.8738 3.78046e-16)
(40.4329 -30.5926 -3.44484e-14)
(43.134 -32.1503 0)
(45.6141 -33.5878 3.17123e-17)
(47.8844 -34.9161 1.49239e-14)
(49.9357 -36.1234 0)
(51.7124 -37.1927 -2.90512e-14)
(53.2125 -38.0386 5.62134e-14)
(54.1812 -38.6886 -2.73172e-14)
(55.1585 -38.9487 1.5726e-17)
(54.4977 -39.2644 -2.81809e-14)
(57.5645 -38.8297 -7.06584e-16)
(49.0935 -40.7507 5.83352e-14)
(74.2397 -36.064 -4.7879e-14)
(16.4256 -15.9695 -3.05063e-14)
(20.2293 -17.5996 2.76705e-14)
(24.081 -19.484 1.29138e-14)
(27.9354 -21.5638 1.23489e-14)
(31.7504 -23.7104 -1.04193e-14)
(35.4004 -25.7479 1.00388e-14)
(38.7473 -27.5641 -9.28458e-15)
(41.7631 -29.1706 5.22048e-14)
(44.5007 -30.6216 -1.59889e-14)
(47.0083 -31.9561 3.61341e-17)
(49.3011 -33.1889 0)
(51.3728 -34.3079 2.9272e-14)
(53.1695 -35.3003 -1.38925e-14)
(54.6835 -36.0784 -2.87176e-14)
(55.661 -36.6862 -1.34614e-15)
(56.639 -36.8935 -6.90134e-16)
(55.9675 -37.2375 0)
(59.0541 -36.6622 -2.73932e-14)
(50.5559 -38.7702 2.88812e-14)
(75.6219 -33.5015 0)
(18.0332 -15.1416 1.48955e-14)
(21.5825 -16.6605 1.38259e-14)
(25.2737 -18.4121 1.27863e-14)
(29.0597 -20.3778 3.57916e-14)
(32.8881 -22.4385 -3.19636e-14)
(36.5985 -24.3941 -2.02677e-14)
(40.0071 -26.1212 2.73353e-14)
(43.0675 -27.6328 3.49313e-16)
(45.8337 -28.9878 6.19905e-16)
(48.3614 -30.2285 6.40819e-16)
(50.6706 -31.3732 -1.4613e-14)
(52.7579 -32.411 -2.8938e-14)
(54.5704 -33.3327 0)
(56.0967 -34.0499 -4.27312e-14)
(57.0819 -34.6198 5.59095e-14)
(58.0618 -34.7833 -2.71691e-14)
(57.3787 -35.1526 5.71552e-14)
(60.47 -34.4492 -2.65668e-14)
(51.9042 -36.7764 -2.89294e-14)
(76.8833 -30.9191 0)
(19.4885 -13.9106 0)
(22.8378 -15.3622 -2.79837e-14)
(26.3928 -17.0352 -6.02919e-16)
(30.1209 -18.938 1.17249e-14)
(33.97 -20.9557 -1.05784e-14)
(37.749 -22.867 -9.95552e-15)
(41.2229 -24.5313 -9.26854e-15)
(44.3242 -25.9662 -1.76178e-14)
(47.1139 -27.2395 1.60018e-14)
(49.6572 -28.3989 3.18859e-16)
(51.9794 -29.465 -1.46186e-14)
(54.0779 -30.4302 1.44533e-14)
(55.9016 -31.2884 1.41938e-14)
(57.4369 -31.9511 1.4013e-14)
(58.4282 -32.4877 0)
(59.4081 -32.613 -5.64273e-14)
(58.7142 -33.0137 -7.13654e-16)
(61.7707 -32.1688 5.54845e-14)
(53.1127 -34.7735 -2.82855e-14)
(78.1505 -28.1542 2.08276e-19)
(20.7332 -12.3872 -1.47161e-14)
(23.9248 -13.796 0)
(27.3686 -15.4239 -2.61064e-14)
(31.0536 -17.2892 1.13014e-14)
(34.943 -19.2891 -2.63039e-16)
(38.8085 -21.1807 0)
(42.3587 -22.8011 9.27216e-15)
(45.5054 -24.1749 0)
(48.3198 -25.3804 0)
(50.8781 -26.4698 -1.55668e-14)
(53.2119 -27.4666 0)
(55.321 -28.3668 -1.47696e-14)
(57.1537 -29.1684 1.42053e-14)
(58.6946 -29.7828 -2.80542e-14)
(59.6897 -30.2908 1.36406e-14)
(60.6683 -30.3832 5.56962e-14)
(59.9647 -30.82 0)
(62.9969 -29.8288 -2.73808e-14)
(54.2496 -32.768 0)
(79.3689 -25.192 2.0888e-19)
(21.7346 -10.6785 0)
(24.8079 -12.0555 0)
(28.1652 -13.6432 1.34609e-14)
(31.8202 -15.4726 5.76326e-16)
(35.766 -17.4655 -1.10097e-14)
(39.7408 -19.3499 9.89935e-15)
(43.3837 -20.9397 -2.83984e-14)
(46.5859 -22.2657 1.70967e-14)
(49.431 -23.4153 0)
(52.0068 -24.445 1.5559e-14)
(54.3523 -25.3822 1.49643e-14)
(56.4715 -26.2256 0)
(58.3149 -26.9763 1.4494e-14)
(59.8608 -27.547 3.12545e-16)
(60.8585 -28.0316 -3.33921e-16)
(61.8343 -28.0961 -4.28047e-14)
(61.1242 -28.5696 -7.25967e-16)
(64.1247 -27.4392 0)
(55.3368 -30.7658 0)
(80.455 -22.0799 -4.86148e-14)
(22.4855 -8.87742 1.56101e-14)
(25.4743 -10.2244 -7.33144e-15)
(28.7637 -11.7599 0)
(32.4007 -13.5411 1.2562e-14)
(36.4161 -15.5229 -2.23361e-14)
(40.5219 -17.402 -2.35211e-16)
(44.2767 -18.9668 9.40198e-15)
(47.5469 -20.2541 1.78398e-14)
(50.43 -21.3569 -7.91868e-15)
(53.029 -22.335 -1.59178e-14)
(55.3908 -23.2201 1.47245e-14)
(57.5215 -24.0137 -2.93145e-14)
(59.3763 -24.7189 1.39111e-14)
(60.9285 -25.2501 -1.37159e-14)
(61.9297 -25.7153 -2.79425e-14)
(62.9022 -25.7556 -6.92758e-16)
(62.1876 -26.2653 5.5905e-14)
(65.1506 -25.0143 0)
(56.3942 -28.7591 -2.93448e-14)
(81.3664 -18.804 2.43518e-14)
(22.9913 -7.07428 -8.32085e-15)
(25.9305 -8.3768 -4.29708e-16)
(29.1657 -9.83942 -7.57159e-16)
(32.7887 -11.5519 2.50786e-14)
(36.8832 -13.5055 -1.0867e-14)
(41.1376 -15.3708 2.09918e-16)
(45.0231 -16.9088 -9.67949e-15)
(48.375 -18.1599 -3.21518e-16)
(51.3052 -19.2209 -1.39924e-16)
(53.9339 -20.1543 0)
(56.3174 -20.9932 -1.50005e-14)
(58.4644 -21.7412 1.45181e-14)
(60.3328 -22.4042 0)
(61.8926 -22.8995 2.80772e-14)
(62.9 -23.3485 -1.39658e-14)
(63.8696 -23.3668 0)
(63.1523 -23.9137 -1.36475e-14)
(66.0759 -22.5666 -4.13634e-14)
(57.4341 -26.707 8.73847e-14)
(82.0687 -15.5611 -2.05012e-19)
(23.2576 -5.3332 3.50614e-14)
(26.185 -6.57454 -3.93413e-14)
(29.3893 -7.94356 1.38322e-14)
(32.9977 -9.55991 -6.43702e-15)
(37.1726 -11.4575 1.15977e-14)
(41.5863 -13.2908 1.96624e-16)
(45.6165 -14.7937 -9.41357e-15)
(49.0614 -16.0061 0)
(52.0482 -17.0263 -1.67864e-14)
(54.7142 -17.9179 7.72681e-15)
(57.1247 -18.7135 0)
(59.2928 -19.4186 0)
(61.1786 -20.0414 0)
(62.7488 -20.5043 -2.84044e-14)
(63.766 -20.9388 2.76361e-14)
(64.7331 -20.9356 0)
(64.0168 -21.5223 1.36496e-14)
(66.9026 -20.0916 1.32813e-14)
(58.4266 -24.5905 -1.39686e-14)
(82.5847 -12.4172 -1.16413e-14)
(23.3945 -3.59916 -8.17574e-15)
(26.3212 -4.7743 1.59652e-14)
(29.4688 -6.06933 8.49438e-16)
(33.0459 -7.59459 -6.19266e-15)
(37.2963 -9.41547 0)
(41.8729 -11.1927 1.06555e-14)
(46.0546 -12.6468 9.88278e-15)
(49.6001 -13.8133 9.27825e-15)
(52.6516 -14.7908 -8.21757e-15)
(55.3627 -15.6408 8.04118e-15)
(57.8063 -16.3938 -7.40571e-15)
(60.0002 -17.0572 0)
(61.9078 -17.6406 1.45416e-14)
(63.4919 -18.0733 -2.81251e-14)
(64.5229 -18.4925 -3.13637e-16)
(65.4871 -18.468 0)
(64.7781 -19.0993 -2.07133e-18)
(67.6267 -17.5896 -1.36765e-14)
(59.3495 -22.4025 -7.24355e-16)
(82.9355 -9.27566 -1.28103e-14)
(23.3843 -1.92764 -8.14524e-15)
(26.31 -3.01575 0)
(29.4034 -4.21681 -1.45507e-14)
(32.9517 -5.64783 1.26636e-14)
(37.2655 -7.38719 0)
(41.9985 -9.09884 0)
(46.3348 -10.4899 -4.90108e-15)
(49.9866 -11.6018 -1.80301e-14)
(53.1102 -12.5326 8.40022e-15)
(55.8738 -13.3386 0)
(58.3574 -14.0473 0)
(60.5827 -14.6682 7.29525e-15)
(62.5167 -15.2118 -7.12483e-15)
(64.1186 -15.6151 -7.02818e-15)
(65.1671 -16.0161 1.43196e-14)
(66.1288 -15.9719 -1.35896e-14)
(65.435 -16.6509 -2.85574e-14)
(68.2507 -15.0547 1.29237e-14)
(60.1813 -20.1234 -3.70465e-16)
(83.1427 -6.3069 -1.22219e-14)
(23.281 -0.309192 -1.20626e-14)
(26.1777 -1.29668 -4.18103e-15)
(29.1882 -2.41317 1.3673e-14)
(32.6924 -3.75983 0)
(37.0743 -5.40877 0)
(41.9661 -7.03211 0)
(46.4549 -8.34334 8.64988e-18)
(50.2175 -9.39227 -1.54047e-16)
(53.4208 -10.2709 4.05884e-15)
(56.2445 -11.0282 8.07991e-15)
(58.7751 -11.6889 -1.51489e-14)
(61.0382 -12.2651 6.88179e-18)
(63.0038 -12.7668 7.42633e-15)
(64.6285 -13.1397 -6.87572e-15)
(65.6989 -13.518 -7.16025e-15)
(66.6606 -13.4562 6.79388e-15)
(65.994 -14.1825 0)
(68.7827 -12.4668 -1.39951e-14)
(60.8782 -17.8541 1.35365e-14)
(83.2741 -3.30438 3.60599e-14)
(23.1124 1.28233 -2.71067e-16)
(25.9259 0.392046 1.81441e-14)
(28.8121 -0.664826 -1.71957e-14)
(32.2576 -1.94744 6.21342e-15)
(36.7118 -3.50428 0)
(41.7681 -5.02202 5.4318e-15)
(46.4142 -6.23619 1.06316e-16)
(50.2931 -7.2096 8.86791e-17)
(53.5832 -8.02699 4.2552e-15)
(56.4746 -8.72828 0)
(59.0593 -9.33532 -7.68716e-15)
(61.3668 -9.86222 2.18714e-14)
(63.3687 -10.3183 -6.97653e-15)
(65.0204 -10.6583 1.13281e-17)
(66.1166 -11.0089 0)
(67.0837 -10.9339 6.95648e-15)
(66.4385 -11.7012 7.24053e-15)
(69.2046 -9.84772 2.00158e-16)
(61.5139 -15.787 -2.98847e-14)
(83.3004 0.279493 -5.81154e-16)
(22.8788 2.93144 -7.58813e-15)
(25.5321 2.08536 3.41937e-15)
(28.2555 1.03876 -6.76702e-15)
(31.6496 -0.217687 0)
(36.2029 -1.69549 5.97763e-15)
(41.4339 -3.0943 -7.79385e-15)
(46.2347 -4.19276 2.40226e-15)
(50.2281 -5.07482 4.46111e-15)
(53.6076 -5.81838 -4.16637e-15)
(56.5722 -6.4545 -4.00198e-15)
(59.2164 -7.00086 -1.41237e-16)
(61.573 -7.47224 3.55979e-15)
(63.6149 -7.87664 0)
(65.2978 -8.1799 7.01329e-15)
(66.4224 -8.49968 0)
(67.3982 -8.4182 -6.95416e-15)
(66.7626 -9.20156 0)
(69.5137 -7.2382 -1.37931e-14)
(62.168 -13.5482 6.71203e-15)
(83.0923 3.56199 -2.8877e-16)
(22.4646 4.77916 0)
(24.8949 3.88244 0)
(27.4944 2.74612 5.00201e-15)
(30.921 1.4542 1.56518e-15)
(35.6422 0.0438658 0)
(41.0662 -1.22578 5.31292e-15)
(46.0034 -2.19932 -2.3619e-15)
(50.0915 -2.98379 0)
(53.549 -3.64813 2.05469e-15)
(56.5802 -4.21272 3.97704e-15)
(59.2812 -4.6911 -3.66431e-15)
(61.6861 -5.10026 -3.60514e-15)
(63.7661 -5.4475 -3.52898e-15)
(65.4802 -5.70935 0)
(66.6319 -5.99502 -3.47285e-15)
(67.6164 -5.90512 0)
(67.0242 -6.69171 -3.50397e-15)
(69.7256 -4.63067 0)
(62.7585 -11.236 -1.47944e-14)
(82.702 6.70832 5.78734e-15)
(21.9035 6.6004 1.74983e-15)
(24.0191 5.57436 -7.01052e-16)
(26.4725 4.31872 -3.20047e-15)
(29.9501 3.03504 -1.56203e-15)
(34.8641 1.78973 0)
(40.5237 0.700396 0)
(45.6445 -0.15692 -4.77571e-15)
(49.859 -0.870387 2.13561e-15)
(53.4136 -1.47358 -2.04979e-15)
(56.5193 -1.97572 2.93682e-15)
(59.2762 -2.38951 -8.93316e-16)
(61.7278 -2.73312 5.43563e-15)
(63.8428 -3.01721 1.80407e-15)
(65.5831 -3.23374 0)
(66.7533 -3.4817 5.20387e-15)
(67.7227 -3.37505 3.54856e-15)
(67.2054 -4.14913 9.39088e-17)
(69.8372 -2.05579 -3.47557e-15)
(63.2766 -8.88688 3.50277e-15)
(82.2257 9.80833 -6.06052e-15)
(21.0297 6.86909 -7.70319e-16)
(22.7945 5.91378 7.99333e-16)
(25.1501 4.76022 -1.62081e-15)
(28.8587 3.76561 6.77512e-16)
(33.9942 2.97584 -3.96082e-17)
(39.6786 2.2829 -6.76749e-16)
(44.8318 1.66026 -4.98787e-17)
(49.1564 1.08865 5.0333e-16)
(52.8585 0.592985 -1.99001e-17)
(56.1074 0.189526 -4.91514e-16)
(58.9791 -0.132442 -9.22419e-16)
(61.5165 -0.390971 0)
(63.6953 -0.590832 -8.94789e-16)
(65.4921 -0.739815 -9.25761e-16)
(66.6935 -0.929052 -9.28273e-16)
(67.7285 -0.804005 -4.40545e-17)
(67.2315 -1.5408 -4.90229e-17)
(69.7917 0.491759 -9.13364e-16)
(63.837 -6.05377 -1.33558e-16)
(81.3183 12.4993 4.46936e-15)
(5.50379 -6.03551 -3.43335e-14)
(5.96275 -12.0465 0)
(8.27172 -14.1697 0)
(10.5092 -14.8941 3.20517e-14)
(12.6207 -14.7286 -1.57342e-14)
(14.5359 -13.9521 0)
(16.2252 -12.7411 -7.8037e-15)
(17.6557 -11.2214 2.43181e-14)
(18.8059 -9.50866 1.6012e-14)
(19.6666 -7.70661 -9.49282e-15)
(20.2245 -5.90168 9.04516e-15)
(20.5082 -4.16835 -9.14703e-15)
(20.6193 -2.48617 1.7956e-14)
(20.5594 -0.883104 2.02408e-16)
(20.4002 0.631295 -1.62561e-14)
(20.1943 2.08613 3.75086e-15)
(20.0119 3.60446 3.88205e-15)
(19.7892 5.36554 1.82301e-15)
(19.5401 7.1999 -2.57777e-15)
(19.1399 7.75452 2.41682e-15)
(-2.61903 -6.17568 -2.79132e-14)
(-0.183913 -11.8028 0)
(3.32721 -13.533 0)
(6.25065 -14.0696 -1.7e-14)
(8.80516 -13.8393 0)
(11.0509 -13.0284 4.61763e-16)
(13.0112 -11.7907 -8.13336e-15)
(14.6825 -10.2521 -8.341e-15)
(16.0533 -8.52241 -1.78546e-14)
(17.1085 -6.71048 -1.88249e-14)
(17.8061 -4.88367 -1.89385e-14)
(18.1992 -3.13743 -9.66839e-15)
(18.3367 -1.46402 9.29569e-15)
(18.2346 0.115089 9.14909e-15)
(17.9751 1.5624 8.8413e-15)
(17.6232 2.89895 -1.26881e-14)
(17.3026 4.24003 4.04562e-15)
(17.061 5.79464 0)
(16.8928 7.53386 0)
(16.8912 8.25037 -1.25639e-15)
(-8.267 -7.36503 -2.23912e-14)
(-4.87958 -13.1177 -1.68196e-14)
(-1.16988 -13.7041 0)
(2.14017 -13.7475 -1.63634e-14)
(5.0161 -13.2711 1.62341e-14)
(7.54881 -12.3439 4.95513e-16)
(9.77408 -11.0527 5.05882e-16)
(11.7084 -9.50185 0)
(13.3485 -7.78501 -9.18716e-15)
(14.6722 -5.98729 7.4509e-17)
(15.5983 -4.13476 4.27239e-14)
(16.1887 -2.3683 1.00234e-14)
(16.4553 -0.65993 0)
(16.4155 0.945315 8.86039e-15)
(16.1376 2.39182 0)
(15.7 3.67289 -4.18957e-15)
(15.2154 4.87643 4.1581e-15)
(14.792 6.20028 -3.84642e-15)
(14.4026 7.73278 -2.74367e-15)
(14.4483 8.55912 1.33201e-15)
(-11.8354 -7.37867 0)
(-8.63015 -14.1599 1.66446e-14)
(-5.17573 -14.077 0)
(-1.74834 -13.6906 -7.29194e-16)
(1.28951 -12.9275 3.18696e-14)
(4.00062 -11.8457 1.68556e-14)
(6.42321 -10.4878 9.36523e-15)
(8.57996 -8.92394 -9.21082e-15)
(10.4637 -7.2265 0)
(12.0437 -5.43929 -1.02677e-14)
(13.203 -3.5333 -1.19032e-14)
(13.9831 -1.70231 -2.21365e-14)
(14.3967 0.0878667 0)
(14.4773 1.74268 -1.87341e-14)
(14.2691 3.2029 -4.37548e-15)
(13.873 4.43848 1.78607e-16)
(13.378 5.54625 8.06018e-15)
(12.895 6.6823 2.08983e-15)
(12.2842 8.00147 2.88092e-15)
(12.0844 8.90695 -9.2418e-16)
(-12.6054 -6.9308 1.78757e-14)
(-11.7391 -14.6687 -2.69462e-14)
(-8.69308 -14.4405 -1.40025e-14)
(-5.36908 -13.6915 -1.601e-14)
(-2.34441 -12.6759 -1.32039e-15)
(0.413497 -11.4361 0)
(2.92379 -9.99844 0)
(5.20434 -8.40375 9.04699e-15)
(7.24979 -6.69567 1.05673e-14)
(9.0258 -4.86797 7.81975e-16)
(10.3789 -2.84647 0)
(11.2966 -0.854791 1.27333e-14)
(11.8242 1.07889 -1.05699e-14)
(12.0051 2.80025 1.99813e-14)
(11.8597 4.27353 -9.2848e-15)
(11.5351 5.42889 1.92168e-16)
(11.0974 6.39981 -8.75469e-17)
(10.6927 7.32193 0)
(10.1073 8.41198 -2.99909e-15)
(9.72058 9.37477 1.40335e-15)
(-12.3715 -6.34163 1.50684e-14)
(-14.0734 -14.7001 1.26864e-14)
(-11.8095 -14.606 1.38833e-14)
(-8.6879 -13.6659 1.39809e-14)
(-5.80572 -12.4136 -1.4471e-15)
(-3.1392 -11.0096 0)
(-0.686613 -9.47077 0)
(1.56982 -7.81278 -3.16882e-14)
(3.63924 -6.04345 0)
(5.50421 -4.11879 1.35086e-14)
(6.98632 -1.93554 -1.43477e-14)
(7.99069 0.277508 4.87072e-16)
(8.62474 2.34432 3.69813e-16)
(8.93601 4.0713 0)
(8.92086 5.53663 0)
(8.74999 6.58939 0)
(8.40299 7.41991 -4.28177e-15)
(8.04715 8.11939 0)
(7.56961 8.95994 -1.00817e-15)
(7.09973 9.92984 9.35569e-16)
(-11.1737 -5.52949 -1.60814e-14)
(-15.75 -14.2119 -9.70454e-15)
(-14.5376 -14.5431 -8.44257e-16)
(-11.8565 -13.5038 2.30999e-14)
(-9.14813 -12.0627 -2.83465e-14)
(-6.64214 -10.4974 0)
(-4.35097 -8.81914 0)
(-2.26776 -7.01641 9.76276e-16)
(-0.395035 -5.06276 -1.29238e-14)
(1.29502 -2.92425 1.56269e-14)
(2.65165 -0.513905 1.67202e-15)
(3.69298 1.84624 9.83105e-16)
(4.67003 3.7637 1.68026e-14)
(5.30552 5.24799 -1.34232e-14)
(5.62216 6.5903 -5.57725e-15)
(5.72023 7.53968 -5.22332e-15)
(5.57172 8.28519 1.00801e-14)
(5.25643 8.88485 0)
(4.82651 9.57917 -1.07333e-15)
(4.30529 10.5288 9.73539e-16)
(-9.08306 -4.62188 -1.52261e-14)
(-16.2759 -13.1596 1.79345e-14)
(-16.4804 -14.1582 8.64638e-15)
(-14.6393 -13.1663 -2.06584e-14)
(-12.2535 -11.6099 -5.36651e-15)
(-9.94759 -9.92126 -6.0455e-15)
(-7.82004 -8.14904 7.25147e-15)
(-5.86411 -6.28161 -7.77224e-15)
(-4.06311 -4.29421 9.41913e-15)
(-2.38935 -2.1769 2.15759e-14)
(-0.916707 0.0664686 6.07142e-16)
(0.272882 2.28272 0)
(1.35875 4.12546 2.63531e-14)
(2.0316 5.67947 5.54171e-15)
(2.44537 7.0467 5.82101e-15)
(2.60698 8.09529 -5.12709e-15)
(2.53238 8.90646 4.80576e-15)
(2.2569 9.58999 -4.73496e-15)
(1.86715 10.2934 -1.09001e-15)
(1.38017 11.1976 9.70127e-16)
(-6.57632 -3.7875 0)
(-15.6331 -11.5654 -1.3299e-14)
(-17.6022 -13.3377 0)
(-16.8438 -12.609 -8.78984e-15)
(-14.9961 -11.0478 1.42528e-14)
(-12.954 -9.27522 1.60748e-14)
(-11.0102 -7.4224 -1.14717e-14)
(-9.21487 -5.50335 -6.09116e-15)
(-7.5542 -3.49846 -1.40898e-14)
(-6.00515 -1.40813 -8.22912e-15)
(-4.58089 0.73381 -9.02546e-15)
(-3.39464 2.8775 -1.09585e-14)
(-2.25758 4.67802 -4.61665e-16)
(-1.47477 6.24177 -4.70996e-15)
(-0.919115 7.57603 4.42817e-16)
(-0.62306 8.62124 -3.93604e-15)
(-0.566337 9.43232 3.87856e-15)
(-0.71347 10.1346 0)
(-1.02036 10.8457 -8.06329e-16)
(-1.41876 11.7149 -4.60236e-17)
(-4.23636 -3.02816 -3.03816e-14)
(-13.8894 -9.4709 1.27e-14)
(-17.9367 -12.0151 0)
(-18.1668 -11.7563 7.59595e-15)
(-17.1687 -10.3307 -7.78186e-15)
(-15.5736 -8.56783 -8.76016e-15)
(-13.8783 -6.68434 1.85779e-14)
(-12.2588 -4.7404 3.64354e-16)
(-10.7415 -2.744 3.49792e-16)
(-9.3199 -0.701965 7.16254e-15)
(-7.99068 1.35399 1.43716e-14)
(-6.84072 3.398 7.7214e-15)
(-5.71867 5.15615 0)
(-4.86713 6.69699 -3.67778e-15)
(-4.22954 8.00883 7.10958e-15)
(-3.83363 9.07465 -2.97434e-15)
(-3.66052 9.93712 1.41715e-15)
(-3.68605 10.6961 1.40449e-15)
(-3.87954 11.4394 -1.29858e-15)
(-4.15937 12.2781 1.04978e-17)
(-2.31953 -2.30009 0)
(-11.1014 -6.9258 3.99609e-15)
(-16.9449 -10.1218 3.12777e-15)
(-18.8593 -10.5208 3.00729e-15)
(-18.6237 -9.42669 0)
(-17.6348 -7.77562 0)
(-16.2934 -5.93676 -4.18864e-15)
(-14.8896 -4.01542 0)
(-13.5235 -2.0573 0)
(-12.2216 -0.0847545 1.01081e-14)
(-10.9927 1.87062 -7.68078e-16)
(-9.88545 3.77405 -6.6368e-15)
(-8.84514 5.47809 0)
(-7.98341 6.97695 5.22222e-15)
(-7.31988 8.27887 -2.53724e-15)
(-6.8568 9.3781 2.04286e-16)
(-6.58828 10.3031 1.14469e-15)
(-6.50204 11.1196 -1.0995e-15)
(-6.56539 11.8973 5.49197e-16)
(-6.69547 12.7108 5.26136e-16)
(-0.882225 -1.58919 0)
(-7.80367 -4.32317 -4.87958e-15)
(-14.5726 -7.76605 -5.4556e-16)
(-18.1781 -8.87907 -3.15962e-15)
(-19.2255 -8.29924 0)
(-18.9431 -6.90529 0)
(-18.0982 -5.19202 -3.07463e-16)
(-16.9976 -3.3463 3.41668e-15)
(-15.8318 -1.45913 3.72772e-15)
(-14.6757 0.426817 -4.33336e-15)
(-13.5641 2.27872 -9.09021e-15)
(-12.5355 4.06466 0)
(-11.5836 5.71061 4.80239e-15)
(-10.7499 7.16788 -6.97971e-15)
(-10.089 8.45959 0)
(-9.58463 9.57489 -9.19218e-16)
(-9.24332 10.5374 0)
(-9.05421 11.3935 -8.58706e-16)
(-8.97104 12.1811 4.33652e-16)
(-8.90661 12.9404 4.18584e-16)
(0.197824 -0.997463 6.47042e-15)
(-4.58865 -2.00034 -9.92136e-15)
(-11.0403 -5.19895 -3.7594e-15)
(-16.0013 -6.83551 -2.42415e-16)
(-18.4519 -6.88761 4.9055e-15)
(-19.2054 -5.9018 0)
(-19.0292 -4.42162 -5.26282e-15)
(-18.4008 -2.73135 0)
(-17.5403 -0.959736 0)
(-16.5921 0.825618 1.43376e-15)
(-15.6365 2.57813 1.54286e-15)
(-14.7214 4.26669 -1.66444e-15)
(-13.8714 5.855 0)
(-13.0931 7.27084 -5.12195e-15)
(-12.4492 8.54055 5.01248e-15)
(-11.9221 9.64842 -2.26841e-15)
(-11.5112 10.6118 2.15029e-15)
(-11.1934 11.4615 -9.68565e-16)
(-10.9224 12.2038 9.51245e-16)
(-10.5952 12.862 -2.66276e-16)
(0.942589 -0.624348 -6.93296e-15)
(-2.00427 -0.233867 0)
(-6.94891 -2.768 0)
(-12.3382 -4.54318 0)
(-16.0195 -5.15199 0)
(-18.0114 -4.70037 0)
(-18.721 -3.58234 4.2892e-15)
(-18.7024 -2.1233 0)
(-18.3441 -0.511951 0)
(-17.7437 1.13466 1.09621e-15)
(-17.0257 2.77028 -4.07554e-15)
(-16.2747 4.36047 1.55513e-15)
(-15.5477 5.87667 -2.89486e-15)
(-14.8438 7.23381 2.78244e-15)
(-14.2156 8.45527 2.59463e-15)
(-13.6523 9.52066 -1.17731e-15)
(-13.1358 10.4378 2.35144e-17)
(-12.6364 11.2082 5.20408e-16)
(-12.0997 11.8245 4.40018e-16)
(-11.4667 12.3321 -1.51125e-16)
(1.2722 -0.394397 -1.04517e-14)
(-0.365965 0.842734 1.50099e-14)
(-3.19295 -0.848286 0)
(-7.86987 -2.31379 0)
(-12.0467 -3.19634 0)
(-14.9791 -3.25028 -7.46723e-16)
(-16.8046 -2.59981 -2.02445e-15)
(-17.6029 -1.4941 -7.38617e-16)
(-17.7865 -0.129447 -7.67379e-16)
(-17.6216 1.3401 0)
(-17.2864 2.83707 0)
(-16.7856 4.3094 8.98857e-16)
(-16.2211 5.72304 0)
(-15.6042 6.97793 -1.17496e-15)
(-14.9842 8.09844 0)
(-14.3576 9.05978 3.88976e-16)
(-13.7056 9.86233 1.26557e-16)
(-12.9919 10.4849 1.48032e-16)
(-12.1589 10.9089 -7.56902e-16)
(-11.1774 11.2339 2.22325e-16)
(1.23763 -0.157152 0)
(0.457171 1.3098 -4.76229e-15)
(-0.704814 0.407654 1.37727e-15)
(-3.75998 -0.519641 3.60642e-15)
(-7.4031 -1.32933 -3.48103e-15)
(-10.594 -1.68879 9.1257e-16)
(-13.0007 -1.47237 1.41091e-15)
(-14.5827 -0.783437 -4.94126e-16)
(-15.5124 0.237044 1.38767e-15)
(-15.8993 1.44764 5.74876e-16)
(-15.9329 2.74152 0)
(-15.7181 4.03974 -9.22555e-16)
(-15.3348 5.29273 -1.59983e-15)
(-14.8506 6.39043 3.00676e-17)
(-14.2922 7.35804 1.45096e-15)
(-13.6178 8.16505 -1.04975e-15)
(-12.8165 8.78595 2.92322e-16)
(-11.8518 9.18258 5.98835e-16)
(-10.6485 9.34264 5.26951e-17)
(-9.29774 9.46473 0)
(1.06744 0.151235 0)
(0.844224 1.62806 -6.2595e-15)
(0.38317 1.19521 3.6173e-15)
(-1.15069 0.726206 -2.60926e-15)
(-3.46678 0.110099 3.53081e-15)
(-6.03546 -0.345897 4.33026e-16)
(-8.33173 -0.440312 1.07133e-15)
(-10.1331 -0.1271 -9.7294e-16)
(-11.4164 0.519321 -6.56661e-16)
(-12.2218 1.39277 3.82837e-16)
(-12.6338 2.39794 4.0214e-17)
(-12.7361 3.45261 -4.03652e-16)
(-12.5642 4.48498 -9.16113e-16)
(-12.1849 5.38272 -2.15117e-16)
(-11.6042 6.146 5.0672e-16)
(-10.8276 6.71668 -7.77196e-16)
(-9.83565 7.03376 6.18628e-16)
(-8.59711 7.06824 2.79556e-16)
(-7.09743 6.8979 -3.05652e-16)
(-5.56209 6.87479 5.68238e-31)
(0.936631 0.4539 -3.55138e-15)
(1.01203 1.93141 4.09084e-15)
(0.759501 1.70423 -2.4983e-15)
(-0.119778 1.36097 2.49834e-15)
(-1.16139 0.879238 -7.05283e-16)
(-2.5494 0.421655 -5.79862e-16)
(-4.03103 0.195012 -1.81993e-16)
(-5.39511 0.265574 0)
(-6.51393 0.609445 1.8864e-16)
(-7.32188 1.157 6.86863e-16)
(-7.80686 1.83073 -6.71721e-16)
(-7.98175 2.55503 4.04098e-16)
(-7.88053 3.20655 6.58831e-16)
(-7.54456 3.69381 -5.03243e-16)
(-6.94085 3.99528 0)
(-6.07549 4.0674 -2.48754e-16)
(-4.96747 3.90975 0)
(-3.65739 3.6163 1.07172e-16)
(-2.27053 3.55861 -1.16435e-16)
(-0.847197 3.79261 -6.23883e-18)
(1.16647 0.601101 1.81994e-15)
(1.72404 2.05436 -2.01641e-15)
(1.59403 1.58587 8.96223e-16)
(0.9511 0.757932 -4.35357e-16)
(0.268709 -0.0051844 7.53275e-16)
(-0.368633 -0.554894 -2.85073e-16)
(-0.983519 -0.782589 2.42408e-16)
(-1.61231 -0.768627 -1.22662e-16)
(-2.20325 -0.595395 -2.71175e-16)
(-2.67514 -0.288877 3.12299e-16)
(-2.95807 0.0681127 7.88405e-17)
(-2.99755 0.405007 -2.05112e-16)
(-2.74946 0.684163 -1.96336e-16)
(-2.21374 0.898223 6.12284e-17)
(-1.42867 1.01484 2.96396e-16)
(-0.468509 1.01567 -6.24395e-16)
(0.565268 1.02359 3.83413e-16)
(1.59315 1.16336 -1.31727e-16)
(2.64622 1.50805 1.31932e-17)
(3.45908 0.3807 7.5409e-18)
(3.16748 2.36816 0)
(4.86647 3.56657 1.64447e-16)
(5.41939 2.63651 1.01365e-16)
(5.65719 1.61592 0)
(5.74606 1.01426 0)
(5.69073 0.795708 -1.37496e-16)
(5.50896 0.824345 -3.03649e-16)
(5.28522 1.04198 2.52029e-16)
(5.05637 1.36277 0)
(4.83748 1.66872 6.0591e-17)
(4.65637 1.92612 0)
(4.527 2.09464 1.29434e-17)
(4.44133 2.15829 2.14778e-17)
(4.41574 2.14868 -6.27615e-17)
(4.47324 2.10816 0)
(4.62164 2.08063 0)
(4.85503 2.11363 -4.35384e-17)
(5.21142 2.26742 2.29064e-17)
(5.78477 2.5653 -2.02815e-17)
(6.08443 2.60329 2.60172e-18)
)
;

boundaryField
{
    right
    {
        type            cyclic;
    }
    left
    {
        type            cyclic;
    }
    outerWall
    {
        type            noSlip;
    }
    stirrerWall
    {
        type            noSlip;
    }
    top
    {
        type            empty;
    }
    bottom
    {
        type            empty;
    }
}


// ************************************************************************* //
