/*--------------------------------*- C++ -*----------------------------------*\
  =========                 |
  \\      /  F ield         | OpenFOAM: The Open Source CFD Toolbox
   \\    /   O peration     | Website:  https://openfoam.org
    \\  /    A nd           | Version:  10
     \\/     M anipulation  |
\*---------------------------------------------------------------------------*/
FoamFile
{
    format      ascii;
    class       volVectorField;
    location    "500";
    object      U;
}
// * * * * * * * * * * * * * * * * * * * * * * * * * * * * * * * * * * * * * //

dimensions      [0 1 -1 0 0 0 0];

internalField   nonuniform List<vector> 
2000
(
(2.56145 38.0846 2.03987e-17)
(-0.912942 45.3511 1.70762e-18)
(0.898824 49.8231 -5.61542e-18)
(2.18344 54.4114 0)
(3.73853 59.5442 0)
(5.65116 64.8405 1.85256e-16)
(7.08478 69.476 -2.3069e-16)
(7.90689 73.0248 -2.97368e-16)
(8.2591 75.5864 3.86816e-16)
(8.21223 77.3444 5.05583e-16)
(7.88374 78.4565 6.63201e-16)
(7.39555 79.145 0)
(6.52867 79.5962 9.26322e-16)
(4.99482 80.4269 9.17281e-16)
(2.75382 82.1383 9.45833e-16)
(-0.00960189 84.8878 1.02661e-15)
(-2.84962 87.9822 -1.1688e-15)
(-5.03472 89.867 6.72806e-16)
(-6.1431 90.2025 7.152e-16)
(-6.39604 90.3568 2.9028e-15)
(1.53442 37.9024 -9.60299e-17)
(-2.91101 44.8193 -1.95223e-17)
(-1.3989 49.0339 -7.69579e-17)
(-0.610425 53.4716 -4.40384e-16)
(0.632003 58.1375 7.41018e-17)
(2.33144 63.3408 -8.43555e-16)
(3.79553 68.2906 4.53146e-16)
(4.58704 72.2838 8.95467e-16)
(4.79726 75.2335 3.54764e-16)
(4.52664 77.287 4.7195e-16)
(3.8704 78.6638 -1.2668e-15)
(2.79879 79.6268 -8.27487e-16)
(1.27153 80.5737 -1.00503e-15)
(-0.986066 82.1834 -1.03417e-15)
(-3.86563 84.7493 -3.4687e-15)
(-6.78834 87.9506 -1.53122e-15)
(-8.97171 90.083 4.70851e-15)
(-9.86738 90.272 -4.98993e-15)
(-10.0559 90.0062 0)
(-9.93829 89.6687 -4.209e-15)
(0.412508 37.8463 5.9347e-17)
(-4.80064 44.4732 7.72004e-18)
(-3.37497 48.3902 5.26392e-17)
(-3.43279 52.9603 3.95878e-16)
(-2.86885 57.3021 9.11295e-16)
(-2.08391 61.9317 2.06108e-16)
(-0.789475 66.8481 5.38537e-16)
(0.0598633 71.2324 -9.28644e-16)
(0.285043 74.6641 -8.18913e-16)
(-0.115825 77.1969 -1.05438e-15)
(-1.06418 79.0393 1.38691e-15)
(-2.62714 80.4772 0)
(-4.88862 81.9321 -4.60185e-15)
(-7.87527 84.3789 0)
(-11.1206 87.4545 0)
(-13.7293 89.4973 0)
(-14.3517 90.0624 4.24044e-15)
(-14.2169 90.0617 -6.67903e-15)
(-13.9411 89.2813 0)
(-13.475 88.7474 2.71244e-15)
(-0.883815 37.7795 4.57238e-17)
(-6.45737 44.0242 -2.03114e-16)
(-5.04768 47.6845 0)
(-5.37426 52.293 7.25731e-16)
(-5.35521 56.8092 4.28235e-16)
(-5.45518 61.0701 2.07255e-16)
(-5.09218 65.6718 -1.73213e-18)
(-4.62535 70.2101 2.0908e-15)
(-4.65488 74.0841 0)
(-5.30135 77.1514 9.79585e-16)
(-6.60618 79.5743 1.32873e-15)
(-8.77337 81.6882 4.05309e-15)
(-12.0765 83.8195 5.64782e-15)
(-16.0093 86.098 1.54235e-14)
(-19.0106 88.2077 -8.45466e-15)
(-19.4758 89.4809 -2.59023e-16)
(-19.0702 89.7191 1.46338e-14)
(-18.4685 88.9079 6.68493e-15)
(-17.7015 88.0687 5.903e-15)
(-16.902 87.6661 5.4177e-15)
(-2.25271 37.6466 0)
(-8.05098 43.4703 3.10351e-16)
(-6.73087 46.9991 -1.53219e-16)
(-7.0648 51.515 -8.62822e-16)
(-7.44695 56.1998 -1.58563e-15)
(-7.79617 60.502 6.40985e-16)
(-8.44508 64.9756 -1.62439e-15)
(-8.76961 69.4852 -2.56554e-15)
(-9.35219 73.6345 -9.12146e-16)
(-10.4698 77.1942 3.02687e-16)
(-12.2728 80.2611 -3.02345e-15)
(-15.0763 83.0704 -4.6329e-15)
(-19.1694 85.6417 -6.79782e-15)
(-22.071 88.7978 -7.17336e-15)
(-23.485 90.7421 0)
(-24.3823 89.6911 4.53954e-16)
(-23.5148 87.9706 4.42386e-16)
(-22.0967 87.2446 -6.01612e-15)
(-21.145 86.5957 -1.69829e-14)
(-20.2483 86.2607 4.99566e-15)
(-3.65734 37.441 0)
(-9.60798 42.8455 -1.80203e-16)
(-8.43539 46.2985 0)
(-8.84842 50.7132 4.89247e-16)
(-9.33136 55.4266 1.94183e-15)
(-9.91573 59.8879 0)
(-11.0147 64.5069 4.05704e-15)
(-12.1313 69.1251 6.55782e-15)
(-13.4056 73.4455 0)
(-15.1232 77.3895 -2.79963e-15)
(-17.5945 80.8634 8.77954e-15)
(-20.9147 84.8834 8.53713e-16)
(-24.5374 89.1089 5.17067e-15)
(-27.629 91.1452 -3.97777e-15)
(-28.5058 90.6827 0)
(-27.8666 88.3569 -1.09283e-14)
(-26.5871 85.8524 -6.11426e-15)
(-25.429 85.3094 0)
(-24.3663 84.8815 1.08631e-14)
(-23.3558 84.7279 -1.989e-14)
(-5.06176 37.1805 5.18173e-16)
(-11.1748 42.1729 -2.26722e-16)
(-10.1248 45.5608 4.82541e-17)
(-10.7215 49.8982 -1.20375e-16)
(-11.3483 54.5899 -1.36918e-17)
(-12.1226 59.1971 -1.95049e-15)
(-13.3755 63.9203 4.58321e-15)
(-14.9845 68.9408 -6.86074e-15)
(-16.8589 73.5304 -8.89937e-15)
(-19.2515 77.7639 5.78708e-15)
(-22.3685 82.3211 -3.84372e-15)
(-26.1673 86.8483 -3.9836e-15)
(-29.4412 90.2239 3.23283e-15)
(-31.562 91.0783 -7.66772e-15)
(-31.9998 89.3715 0)
(-31.2167 86.2267 2.07515e-14)
(-29.4496 83.9106 -2.3128e-14)
(-28.232 83.4388 1.06277e-14)
(-27.178 83.1361 1.04864e-14)
(-26.1769 83.0676 1.39375e-16)
(-6.46322 36.8762 1.49236e-16)
(-12.7631 41.4385 7.05646e-17)
(-11.8191 44.7634 -1.0111e-16)
(-12.6225 49.0464 -6.55176e-16)
(-13.4451 53.7321 -1.82335e-15)
(-14.4098 58.3873 0)
(-15.8296 63.1749 -4.50004e-15)
(-17.672 68.6673 0)
(-20.0084 73.6857 5.64545e-15)
(-23.0153 78.6143 0)
(-26.5725 83.5964 0)
(-30.3143 88.1115 -4.15285e-16)
(-33.3942 91.0463 1.26734e-14)
(-34.8437 91.0125 7.37335e-15)
(-34.8955 88.392 2.10884e-16)
(-33.2925 84.2442 -1.07213e-14)
(-31.9833 81.9796 0)
(-30.8612 81.6891 0)
(-29.6607 81.343 1.00407e-14)
(-28.6176 81.3316 1.92191e-14)
(-7.87109 36.5547 -5.57786e-16)
(-14.3609 40.6691 8.34252e-16)
(-13.5566 43.9094 2.41042e-16)
(-14.5896 48.1233 -1.35806e-16)
(-15.6117 52.8128 -1.14865e-15)
(-16.7854 57.5349 1.33052e-15)
(-18.4014 62.385 2.78791e-15)
(-20.4344 68.2008 -2.26655e-15)
(-23.0317 73.7621 0)
(-26.4007 79.2389 -6.80228e-15)
(-30.1942 84.5388 5.28857e-15)
(-33.8426 89.0946 -5.64167e-15)
(-36.4658 91.4373 0)
(-37.317 90.5931 5.07203e-16)
(-36.9747 87.2297 2.67554e-16)
(-34.9908 83.2558 1.24141e-14)
(-34.0575 80.6999 -2.34799e-14)
(-32.9841 79.9866 1.04343e-14)
(-31.6876 79.49 -9.90496e-15)
(-30.6427 79.558 -9.41013e-15)
(-9.29241 36.2417 0)
(-15.9765 39.8827 3.13646e-17)
(-15.4097 43.0009 6.55997e-17)
(-16.6885 47.0765 4.73393e-18)
(-17.8633 51.7542 0)
(-19.2242 56.5877 0)
(-21.078 61.5487 -7.98272e-15)
(-23.3041 67.5521 2.31181e-15)
(-25.9096 73.6059 -1.2079e-14)
(-29.4297 79.619 -1.41e-15)
(-33.2283 85.2065 1.13144e-14)
(-36.6635 89.671 -5.14287e-15)
(-38.7958 91.6298 3.25091e-16)
(-39.3566 90.2389 6.98234e-16)
(-38.8143 86.3287 -8.58299e-15)
(-36.7452 82.3795 0)
(-36.0335 79.5553 -1.22637e-14)
(-34.7654 78.396 4.29604e-14)
(-33.3441 77.6228 -1.9417e-14)
(-32.2857 77.7897 9.4577e-15)
(-10.7263 35.9454 -5.98274e-17)
(-17.6589 39.1073 -4.0829e-16)
(-17.4365 42.0554 -6.38202e-17)
(-18.9004 45.8942 1.33034e-16)
(-20.2106 50.4907 6.38107e-16)
(-21.7292 55.4505 0)
(-23.8106 60.6015 2.17313e-15)
(-26.1367 66.7532 2.37821e-15)
(-28.5945 73.1484 -6.43636e-15)
(-32.0534 79.6592 1.10517e-14)
(-35.7457 85.5987 6.73728e-15)
(-38.8934 90.0907 -5.54017e-15)
(-40.6493 91.7636 1.17202e-14)
(-40.8665 89.9666 7.22429e-15)
(-40.0093 85.9488 9.92935e-15)
(-37.8327 82.3312 8.21533e-16)
(-37.3983 78.775 -1.24722e-14)
(-35.9623 76.9696 -2.02283e-17)
(-34.4644 75.8731 -2.0482e-14)
(-33.4869 76.1255 -1.03394e-14)
(-12.178 35.6974 0)
(-19.4385 38.4014 1.86003e-16)
(-19.5686 41.0808 -1.78035e-16)
(-21.2053 44.5828 -5.42471e-16)
(-22.5977 49.0042 1.70553e-15)
(-24.1982 54.0657 -1.33261e-15)
(-26.5181 59.5722 0)
(-28.8124 65.8968 0)
(-31.0353 72.3735 5.30658e-15)
(-34.3506 79.2415 0)
(-37.848 85.5095 6.3768e-16)
(-40.5549 90.1201 -1.09027e-14)
(-41.8245 91.7418 6.29571e-15)
(-41.6814 89.8933 -7.64001e-15)
(-40.795 85.8712 0)
(-38.6366 82.586 1.72644e-14)
(-38.0574 78.4614 0)
(-36.4211 75.9869 -1.15475e-14)
(-34.9475 74.5063 -2.11533e-14)
(-34.2171 74.7584 1.94989e-14)
(-13.6544 35.5178 5.51139e-16)
(-21.3186 37.7793 6.82392e-16)
(-21.8114 40.1186 0)
(-23.6295 43.1358 -7.39875e-16)
(-25.1124 47.1898 -5.91847e-16)
(-26.6828 52.1954 -1.23833e-15)
(-29.0086 58.0134 0)
(-31.0639 64.5003 0)
(-33.2159 71.1143 5.35907e-15)
(-36.3475 78.2506 0)
(-39.4981 84.8586 6.19447e-15)
(-41.7124 89.7122 -5.46584e-15)
(-42.4611 91.5944 -6.38332e-15)
(-41.8902 90.0421 6.5563e-16)
(-40.7396 86.5101 -3.70187e-14)
(-38.1827 83.9644 2.06386e-14)
(-37.389 79.2522 -1.68304e-14)
(-35.8909 75.9288 0)
(-34.6684 73.9912 -1.115e-14)
(-34.4917 74.0928 3.24211e-14)
(-15.1582 35.4233 -4.53347e-16)
(-23.2723 37.2691 -1.44994e-15)
(-24.1136 39.2 1.45165e-16)
(-26.1201 41.6588 7.10211e-16)
(-27.755 45.1905 1.48951e-15)
(-29.3465 49.9765 -3.2814e-15)
(-31.5474 56.0584 1.04349e-14)
(-33.2983 62.6779 -1.09519e-14)
(-35.3158 69.4163 -7.3212e-16)
(-38.1016 76.6959 -6.21197e-15)
(-40.7646 83.5756 1.60118e-14)
(-42.4492 88.7908 -1.16692e-14)
(-42.7135 90.9599 6.63885e-15)
(-41.7634 89.9388 0)
(-40.5177 86.9589 0)
(-38.1577 84.5961 0)
(-36.7418 80.2601 1.77393e-14)
(-35.4461 76.5099 6.3261e-16)
(-34.6938 74.2152 -1.01847e-14)
(-35.3046 74.1228 -9.60569e-15)
(-16.7006 35.392 2.78964e-16)
(-25.2476 36.8568 1.41585e-15)
(-26.3757 38.4103 -2.31461e-16)
(-28.5654 40.3126 2.16842e-16)
(-30.3928 43.1519 9.03592e-16)
(-32.0761 47.4317 -1.00043e-15)
(-34.0031 53.4607 0)
(-35.6657 60.1597 0)
(-37.4454 66.9522 0)
(-39.725 74.3208 0)
(-41.8659 81.3852 -1.08515e-14)
(-43.028 86.7708 1.71343e-14)
(-42.8291 89.5221 -5.63216e-15)
(-41.6098 89.4989 0)
(-40.1706 87.2953 0)
(-38.2505 84.971 0)
(-36.5334 81.0473 2.51497e-14)
(-35.2218 77.4374 5.12756e-16)
(-35.0814 75.1906 4.60684e-16)
(-36.6505 75.0572 0)
(-18.3053 35.3559 0)
(-27.1869 36.5112 -3.05059e-15)
(-28.4738 37.8561 -2.66632e-16)
(-30.8462 39.187 1.94075e-15)
(-32.923 41.334 -2.90235e-15)
(-34.8443 44.7011 0)
(-36.6222 50.1389 0)
(-38.2338 56.8575 1.03217e-14)
(-39.7792 63.6402 0)
(-41.4512 70.9797 0)
(-42.9969 78.0972 -1.03189e-14)
(-43.6447 83.7955 1.61316e-14)
(-43.0424 87.176 -5.28828e-15)
(-41.5171 88.1862 -2.58769e-14)
(-39.7344 87.1784 -1.1995e-15)
(-37.8984 85.45 -1.53081e-15)
(-36.1203 82.1323 3.86703e-14)
(-35.1075 78.8219 1.68694e-14)
(-36.1656 76.8053 0)
(-39.1468 76.7544 -1.75205e-14)
(-20.0121 35.288 0)
(-29.0202 36.1492 1.66682e-15)
(-30.2812 37.5139 3.71435e-16)
(-32.7963 38.5482 -1.16664e-15)
(-35.2239 40.0295 2.35339e-15)
(-37.534 42.362 0)
(-39.5056 46.4906 0)
(-41.1503 52.6846 -2.16215e-16)
(-42.3135 59.2825 -6.66296e-15)
(-43.4771 66.5094 5.31377e-15)
(-44.4149 73.5854 1.15052e-14)
(-44.5307 79.5169 -1.1123e-14)
(-43.5478 83.6129 -2.24753e-14)
(-41.823 85.5661 2.30041e-14)
(-39.8324 85.8371 1.35447e-14)
(-38.1119 85.0055 -1.84209e-14)
(-36.5894 82.6104 -7.63042e-16)
(-36.7569 80.071 -1.54514e-14)
(-39.2415 78.5499 -1.64787e-14)
(-43.9515 78.7607 3.74778e-14)
(-21.9115 35.1329 0)
(-30.6024 35.6709 -1.73866e-15)
(-31.7046 37.3244 -4.15159e-16)
(-34.2349 38.4666 1.38232e-15)
(-36.9717 39.5973 6.47189e-16)
(-39.7432 41.1955 0)
(-42.2759 43.6748 0)
(-44.172 48.3226 -5.18351e-15)
(-45.2162 54.0463 -1.41053e-15)
(-46.1502 60.9424 6.02948e-15)
(-46.2521 67.6996 0)
(-45.7261 73.5593 0)
(-44.5481 78.2689 1.09258e-14)
(-42.8138 81.3237 -1.0276e-15)
(-41.0321 82.7194 1.42325e-14)
(-39.7684 83.0094 -1.54183e-14)
(-39.1006 81.976 0)
(-40.5454 80.5613 0)
(-45.0193 79.9403 0)
(-51.6 80.72 0)
(-24.0927 34.6853 -4.28986e-17)
(-31.8903 35.057 4.19055e-15)
(-32.8566 37.3268 8.18346e-16)
(-35.2271 38.9896 -2.84869e-15)
(-37.9529 40.3458 -2.48934e-15)
(-40.918 41.6683 7.62847e-15)
(-43.9125 43.4259 0)
(-46.4418 46.141 -8.55285e-15)
(-48.2766 50.5172 -6.33078e-15)
(-49.2685 56.1707 6.37444e-15)
(-49.398 62.6084 2.49126e-14)
(-48.7327 68.1893 -2.34665e-14)
(-47.1887 72.6854 2.64797e-14)
(-45.5371 76.1233 -1.27202e-14)
(-44.2879 78.0566 1.50824e-14)
(-43.8308 78.8686 -3.09042e-14)
(-44.7865 78.8667 1.69819e-14)
(-48.3287 78.2687 -1.77052e-14)
(-54.4437 78.7797 0)
(-60.8724 80.0708 0)
(-26.8455 33.7726 0)
(-32.1357 34.4424 1.81827e-15)
(-33.1663 36.6984 -3.7139e-15)
(-35.434 38.7517 0)
(-38.1095 40.679 0)
(-41.0605 42.566 -8.70832e-15)
(-44.1127 44.4396 -5.72962e-15)
(-47.0056 46.3859 5.54085e-15)
(-49.3028 48.5646 0)
(-50.414 51.1158 0)
(-50.4521 54.331 -2.265e-14)
(-50.2814 58.1003 0)
(-49.98 61.8534 -2.15547e-14)
(-49.7654 64.9436 -2.12947e-14)
(-50.9295 67.2993 4.14663e-14)
(-53.3007 68.9267 2.35742e-14)
(-57.0784 70.197 0)
(-62.2273 71.6741 3.23172e-14)
(-67.2756 73.9213 4.3298e-14)
(-69.7962 75.818 -5.98555e-14)
(-6.22499 90.5329 -1.24855e-15)
(-5.59449 90.6279 -1.83954e-17)
(-5.16608 90.958 1.0667e-15)
(-4.47249 91.6964 -1.05499e-15)
(-3.92061 92.8791 9.48727e-16)
(-3.45569 94.4183 -9.38918e-16)
(-3.08023 96.1904 8.39484e-16)
(-2.80285 98.0907 8.31906e-16)
(-2.58481 100.105 -7.4048e-16)
(-2.41246 102.272 -1.43682e-15)
(-2.28694 104.646 -2.7561e-15)
(-2.21847 107.279 1.25744e-15)
(-2.16719 110.156 0)
(-2.16647 113.341 0)
(-2.19463 116.821 -2.31884e-15)
(-2.10826 120.424 0)
(-2.68334 125.153 0)
(-0.804797 127.342 1.03406e-15)
(-7.64428 137.781 -9.95248e-16)
(11.8341 127.458 3.36445e-15)
(-9.50448 89.506 -2.62545e-15)
(-9.03268 89.6302 -1.27599e-15)
(-8.43287 90.0803 -6.44764e-17)
(-7.8982 90.9231 -2.05041e-15)
(-7.44384 92.2143 -3.92382e-15)
(-7.05903 93.8339 3.5265e-15)
(-6.77064 95.6701 8.03338e-17)
(-6.56625 97.6262 -3.12166e-15)
(-6.41836 99.6938 -3.0271e-15)
(-6.31809 101.913 -1.51049e-15)
(-6.26758 104.335 3.99678e-15)
(-6.2827 107.008 2.5237e-15)
(-6.31673 109.918 7.40011e-15)
(-6.42957 113.119 0)
(-6.55787 116.615 6.96381e-15)
(-6.62606 120.227 -4.60365e-15)
(-7.3335 124.959 8.57029e-15)
(-5.58156 127.195 4.1371e-15)
(-12.7246 137.345 -3.97912e-15)
(6.92924 127.951 -4.35325e-19)
(-12.9125 88.5846 -5.18783e-15)
(-12.3291 88.7321 4.55528e-15)
(-11.7975 89.1873 1.09008e-14)
(-11.3338 90.0959 -1.94146e-15)
(-10.9117 91.4523 0)
(-10.6002 93.145 -7.58543e-17)
(-10.3923 95.0313 3.26719e-15)
(-10.2666 97.0256 0)
(-10.1954 99.1316 2.99631e-15)
(-10.1743 101.391 -5.84367e-15)
(-10.2071 103.855 5.26101e-15)
(-10.3154 106.559 -5.17486e-15)
(-10.4442 109.499 1.44897e-16)
(-10.6774 112.71 -4.6691e-15)
(-10.9081 116.228 -4.64643e-15)
(-11.1325 119.834 0)
(-11.9703 124.578 -4.35308e-15)
(-10.3402 126.85 0)
(-17.8239 136.731 -8.17294e-15)
(2.10351 128.203 0)
(-16.2678 87.4857 6.71643e-17)
(-15.6669 87.6087 -4.48874e-15)
(-15.1454 88.1246 -8.5038e-15)
(-14.6899 89.101 0)
(-14.3135 90.5355 -7.63797e-15)
(-14.0659 92.303 3.38073e-15)
(-13.9343 94.2456 3.32731e-15)
(-13.8876 96.2839 6.32015e-15)
(-13.8975 98.4303 -5.97791e-15)
(-13.9611 100.729 5.81613e-15)
(-14.0848 103.23 2.97964e-16)
(-14.2936 105.96 -5.02184e-15)
(-14.5249 108.929 0)
(-14.8839 112.143 9.60907e-15)
(-15.2246 115.687 -9.56884e-15)
(-15.6097 119.272 -2.6357e-16)
(-16.5742 124.036 -8.99049e-15)
(-15.0726 126.34 8.02525e-15)
(-22.8546 135.914 8.77181e-15)
(-2.7113 128.269 3.0755e-16)
(-19.521 86.2088 1.95987e-14)
(-18.8974 86.3954 -1.3422e-14)
(-18.3892 86.9358 3.96369e-15)
(-17.9467 87.9662 0)
(-17.6084 89.4877 0)
(-17.4334 91.3361 -7.15073e-15)
(-17.3865 93.3353 1.30982e-14)
(-17.4239 95.4185 -1.26829e-14)
(-17.5215 97.6034 5.47135e-15)
(-17.6779 99.9362 1.09823e-14)
(-17.9014 102.467 1.1055e-14)
(-18.218 105.213 -1.0304e-14)
(-18.5598 108.205 9.65054e-15)
(-19.0475 111.412 8.35607e-18)
(-19.504 114.984 9.56056e-15)
(-20.05 118.532 2.59831e-16)
(-21.1452 123.327 -8.99627e-15)
(-19.7779 125.642 1.58845e-14)
(-27.8363 134.899 -1.63128e-14)
(-7.52567 128.154 -1.35091e-14)
(-22.5708 84.7959 4.92903e-15)
(-21.9603 85.0449 -4.05068e-15)
(-21.4766 85.615 1.16051e-16)
(-21.0512 86.6987 0)
(-20.7675 88.3118 0)
(-20.68 90.2487 -1.41812e-14)
(-20.7307 92.3081 1.28842e-14)
(-20.8655 94.4368 2.53051e-14)
(-21.0633 96.6574 -1.74448e-14)
(-21.3232 99.0187 -1.15547e-14)
(-21.6554 101.573 2.14818e-14)
(-22.0855 104.329 -4.11803e-14)
(-22.5451 107.34 9.37056e-15)
(-23.162 110.528 9.31942e-15)
(-23.7429 114.13 9.55335e-15)
(-24.4468 117.619 -8.67741e-15)
(-25.6798 122.458 0)
(-24.4511 124.759 1.65555e-14)
(-32.7779 133.698 1.74916e-14)
(-12.3399 127.856 1.41331e-14)
(-25.3859 83.2446 -9.25612e-15)
(-24.8015 83.5874 0)
(-24.3587 84.1951 1.63617e-14)
(-23.9741 85.329 -1.4904e-14)
(-23.7759 87.0375 0)
(-23.7987 89.0659 0)
(-23.9628 91.1855 -6.53804e-15)
(-24.2082 93.3575 -2.48947e-14)
(-24.5182 95.6071 1.18391e-14)
(-24.8926 97.9891 0)
(-25.3428 100.56 0)
(-25.8918 103.318 1.02737e-14)
(-26.4778 106.342 -9.9031e-15)
(-27.2227 109.5 -9.56572e-15)
(-27.9389 113.131 -1.90946e-14)
(-28.7932 116.538 1.73348e-14)
(-30.1751 121.434 5.51709e-16)
(-29.0815 123.701 5.06521e-16)
(-37.6583 132.321 -1.62703e-14)
(-17.1525 127.369 -1.35329e-14)
(-27.8562 81.6574 -8.95291e-15)
(-27.3674 82.1112 -1.72256e-14)
(-27.0192 82.7326 -5.59514e-16)
(-26.706 83.9063 2.23018e-14)
(-26.6264 85.708 0)
(-26.7875 87.8225 1.37666e-14)
(-27.086 89.9927 -1.33954e-14)
(-27.4585 92.1971 1.18e-14)
(-27.8912 94.4637 1.1558e-14)
(-28.3873 96.8549 -1.15243e-14)
(-28.9619 99.4319 1.04407e-14)
(-29.6339 102.183 0)
(-30.3542 105.211 -2.03557e-14)
(-31.2253 108.328 3.82488e-14)
(-32.0905 111.987 -3.65885e-14)
(-33.0815 115.289 0)
(-34.6297 120.254 1.66649e-18)
(-33.6608 122.465 -1.61209e-14)
(-42.4727 130.777 3.32833e-14)
(-21.9579 126.688 -4.00005e-14)
(-29.9782 80.1135 -3.16443e-16)
(-29.6554 80.7174 2.52316e-14)
(-29.4488 81.3126 -1.54893e-14)
(-29.244 82.4881 -7.45645e-15)
(-29.323 84.3594 1.43577e-14)
(-29.6536 86.5445 -2.77116e-14)
(-30.1086 88.7515 1.27845e-14)
(-30.6247 90.9748 0)
(-31.1899 93.245 3.16882e-16)
(-31.8145 95.6323 -1.09524e-14)
(-32.5183 98.2031 -2.20084e-14)
(-33.3155 100.934 2.00042e-14)
(-34.1764 103.957 -2.03475e-14)
(-35.1674 107.022 1.91073e-14)
(-36.1976 110.702 1.95977e-14)
(-37.3029 113.885 -1.72885e-14)
(-39.0444 118.908 5.29282e-14)
(-38.1845 121.059 -1.56025e-14)
(-47.2224 129.078 -3.2502e-14)
(-26.7469 125.807 1.47353e-17)
(-31.7548 78.6705 -9.05867e-15)
(-31.673 79.4854 3.42397e-14)
(-31.6594 80.0026 5.65004e-16)
(-31.6 81.1334 -2.99658e-14)
(-31.8743 83.0416 -1.48994e-14)
(-32.4058 85.2711 2.72595e-14)
(-33.037 87.4923 0)
(-33.7126 89.7134 1.27747e-14)
(-34.4197 91.9677 -2.34121e-14)
(-35.1792 94.3327 0)
(-36.0173 96.8821 -2.14834e-14)
(-36.9399 99.5796 2.05649e-14)
(-37.9469 102.585 0)
(-39.0491 105.587 3.81829e-14)
(-40.2592 109.281 -1.85537e-14)
(-41.4505 112.332 0)
(-43.4179 117.415 -5.29453e-14)
(-42.6486 119.487 4.86056e-14)
(-51.9008 127.229 3.33735e-14)
(-31.5107 124.724 5.42993e-14)
(-33.2189 77.3936 1.82563e-14)
(-33.4824 78.4791 9.023e-15)
(-33.7008 78.8651 -1.57603e-14)
(-33.8143 79.8989 -1.54243e-14)
(-34.314 81.7985 2.89804e-14)
(-35.0739 84.0318 -2.74202e-14)
(-35.8942 86.2305 1.32408e-14)
(-36.7402 88.4184 -2.5681e-14)
(-37.5943 90.6337 3.50759e-14)
(-38.4901 92.957 2.31299e-14)
(-39.4627 95.4684 -2.09943e-14)
(-40.5082 98.1188 5.54348e-16)
(-41.6651 101.093 -1.92924e-14)
(-42.8685 104.025 -5.77744e-14)
(-44.2734 107.721 3.71247e-14)
(-45.5183 110.639 1.01009e-15)
(-47.7477 115.769 3.54455e-14)
(-47.0446 117.744 0)
(-56.5043 125.236 -3.2577e-14)
(-36.2416 123.44 2.71852e-14)
(-34.4175 76.3999 0)
(-35.1664 77.7682 0)
(-35.6414 77.9553 -1.68179e-14)
(-35.9542 78.8293 -5.82161e-16)
(-36.7027 80.6648 4.41939e-14)
(-37.7105 82.8477 -1.3759e-14)
(-38.7218 84.9799 1.39777e-14)
(-39.7358 87.098 -2.46884e-14)
(-40.7325 89.2466 0)
(-41.7623 91.5074 2.26631e-14)
(-42.8664 93.9643 2.15323e-14)
(-44.0275 96.5554 0)
(-45.3329 99.4836 -2.03642e-14)
(-46.6244 102.342 3.76378e-14)
(-48.2378 106.023 3.76514e-14)
(-49.504 108.801 -1.61891e-14)
(-52.0346 113.969 -6.89373e-14)
(-51.362 115.828 0)
(-61.0349 123.1 0)
(-40.9358 121.95 -7.188e-18)
(-35.4805 75.9481 -2.05424e-14)
(-36.8757 77.4392 0)
(-37.5915 77.3091 2.66373e-16)
(-38.1176 77.9495 1.65485e-14)
(-39.1163 79.656 -2.9778e-14)
(-40.3715 81.7203 0)
(-41.5615 83.7354 1.35332e-14)
(-42.7329 85.7464 0)
(-43.8562 87.8023 0)
(-45.0055 89.9803 -2.2717e-14)
(-46.233 92.3659 0)
(-47.5024 94.8863 2.11556e-14)
(-48.9531 97.754 -5.95632e-14)
(-50.3173 100.538 3.81551e-14)
(-52.1457 104.184 -1.80603e-14)
(-53.4041 106.769 7.06625e-14)
(-56.2829 112.044 0)
(-55.5815 113.734 -3.20349e-14)
(-65.4758 120.835 0)
(-45.5927 120.251 5.45493e-14)
(-37.284 75.9324 0)
(-39.2248 77.2096 2.97017e-16)
(-39.9079 76.7252 5.38493e-16)
(-40.5409 77.1398 -4.74149e-14)
(-41.7068 78.6923 1.47469e-14)
(-43.1469 80.593 -1.43638e-14)
(-44.4604 82.4604 -1.35637e-14)
(-45.7532 84.3395 2.62444e-14)
(-46.9819 86.2858 -2.36382e-14)
(-48.2334 88.3658 -4.62524e-14)
(-49.5695 90.6662 2.11429e-14)
(-50.9343 93.1077 2.06573e-14)
(-52.5239 95.9003 1.9868e-14)
(-53.9471 98.6117 1.90671e-14)
(-56.0076 102.185 0)
(-57.2108 104.723 9.92143e-16)
(-60.4974 109.939 -6.9039e-14)
(-59.6854 111.491 -8.27724e-16)
(-69.8527 118.463 3.19222e-14)
(-50.2034 118.333 -5.4622e-14)
(-39.8055 76.6042 1.90599e-14)
(-42.1496 77.0752 1.86192e-14)
(-42.4883 76.0603 1.67597e-14)
(-43.1942 76.3028 -1.61975e-14)
(-44.4779 77.7017 1.43477e-14)
(-46.0507 79.4075 2.9113e-14)
(-47.4397 81.1103 -1.29553e-14)
(-48.8135 82.8436 -5.18206e-14)
(-50.118 84.6719 -1.11168e-15)
(-51.4514 86.6473 -1.09964e-15)
(-52.881 88.8554 2.11692e-14)
(-54.3278 91.2138 -4.13554e-14)
(-56.0471 93.9179 0)
(-57.5222 96.5606 2.00939e-14)
(-59.8216 100.019 -7.43192e-14)
(-60.931 102.499 3.42145e-14)
(-64.678 107.656 3.50697e-14)
(-63.6727 109.084 0)
(-74.1816 115.986 -3.29079e-14)
(-54.7578 116.183 0)
(-43.5466 77.7545 4.53558e-16)
(-45.6363 76.753 4.38707e-16)
(-45.2076 75.2008 1.68112e-14)
(-46.0484 75.3656 -4.75031e-14)
(-47.4049 76.6276 4.42814e-14)
(-49.0591 78.1181 1.42781e-14)
(-50.4783 79.6511 -1.35435e-14)
(-51.9026 81.2342 2.50493e-14)
(-53.2569 82.9426 2.36306e-14)
(-54.6523 84.8113 -6.76511e-18)
(-56.1611 86.9237 0)
(-57.6794 89.1984 -5.24741e-16)
(-59.5186 91.8038 1.93732e-14)
(-61.039 94.3886 3.91477e-14)
(-63.5685 97.7024 2.05116e-15)
(-64.5667 100.184 -6.933e-14)
(-68.8235 105.163 3.61769e-14)
(-67.527 106.524 -6.25761e-14)
(-78.4867 113.386 3.30644e-14)
(-59.2453 113.796 0)
(-48.8449 78.6809 0)
(-49.4746 75.6541 -1.94313e-14)
(-48.0239 73.9863 -1.68313e-14)
(-49.1705 74.203 0)
(-50.5029 75.3722 4.57268e-14)
(-52.1735 76.6583 -4.25283e-14)
(-53.5733 78.0424 -5.50015e-14)
(-55.0169 79.4847 -5.47151e-16)
(-56.3962 81.0811 0)
(-57.8338 82.8461 2.58772e-18)
(-59.4056 84.8626 2.16988e-14)
(-60.9839 87.0566 0)
(-62.9315 89.5568 4.08171e-14)
(-64.4933 92.0968 -7.62263e-14)
(-67.2382 95.2314 3.61006e-14)
(-68.1171 97.7809 1.59429e-17)
(-72.9211 102.435 -3.51007e-14)
(-71.2145 103.86 3.1699e-14)
(-82.7863 110.612 -3.47782e-14)
(-63.6469 111.16 5.33539e-14)
(-54.9362 78.3069 0)
(-53.1271 73.414 0)
(-51.0705 72.391 -3.44897e-14)
(-52.5105 72.7042 6.38595e-14)
(-53.7201 73.8519 -6.02876e-14)
(-55.3642 74.9631 1.44756e-14)
(-56.705 76.2376 5.47496e-14)
(-58.1396 77.5549 2.63803e-14)
(-59.5203 79.0535 -2.37639e-14)
(-60.9828 80.724 2.29253e-14)
(-62.6017 82.6506 -4.39979e-14)
(-64.2283 84.7744 2.01791e-14)
(-66.2721 87.1664 4.08262e-14)
(-67.8777 89.6752 4.01216e-14)
(-70.8194 92.6013 -3.60639e-14)
(-71.6049 95.2845 3.41134e-14)
(-76.9651 99.4863 7.02696e-14)
(-74.7266 101.169 -3.06542e-14)
(-87.1218 107.678 0)
(-67.9095 108.196 0)
(-59.8637 75.5896 0)
(-56.3376 70.1729 2.00143e-14)
(-54.1518 70.5406 -1.68162e-14)
(-55.9755 70.7908 -3.3148e-14)
(-57.0181 72.016 1.42927e-14)
(-58.6384 72.963 2.88039e-14)
(-59.8862 74.1682 -5.59251e-18)
(-61.2815 75.3799 0)
(-62.6342 76.8096 0)
(-64.0907 78.4008 4.66834e-14)
(-65.7378 80.2523 1.05278e-15)
(-67.3985 82.3225 -4.09187e-14)
(-69.5211 84.607 0)
(-71.1714 87.1048 -7.61844e-14)
(-74.2824 89.802 3.80546e-14)
(-75.0235 92.6978 -1.04334e-13)
(-80.9304 96.2531 3.49963e-14)
(-78.1222 98.6387 3.25488e-14)
(-91.5839 104.419 -6.76464e-14)
(-71.9704 104.685 5.2886e-14)
(-60.0076 71.9796 -8.09139e-16)
(-59.6604 66.9315 -1.91171e-14)
(-57.4352 68.5574 -1.7085e-14)
(-60.042 68.521 1.65251e-14)
(-60.7584 69.8209 3.19326e-14)
(-62.3067 70.5865 -2.91105e-14)
(-63.3865 71.7707 -2.78935e-14)
(-64.678 72.9259 2.67231e-14)
(-65.9298 74.3271 -2.39436e-14)
(-67.3452 75.9059 -2.3493e-14)
(-68.9714 77.7123 4.30608e-14)
(-70.6391 79.7729 5.09225e-16)
(-72.8046 81.9625 -3.97659e-14)
(-74.5004 84.498 3.62322e-14)
(-77.702 86.9145 0)
(-78.4923 90.1686 3.44652e-14)
(-84.6403 92.75 1.1262e-15)
(-81.6309 96.5682 -3.01344e-14)
(-96.2456 100.809 0)
(-75.8825 100.48 -5.20789e-14)
(-57.5737 71.7147 1.98339e-14)
(-61.5525 65.0733 4.97444e-18)
(-59.7698 66.6026 1.55269e-14)
(-62.6031 66.3666 -2.93517e-14)
(-63.0865 67.6356 -4.34554e-16)
(-64.5917 68.4585 1.32157e-14)
(-65.522 69.6788 3.82996e-16)
(-66.7429 70.8976 1.5201e-17)
(-67.9241 72.3438 -2.14617e-14)
(-69.2808 73.9892 -2.01839e-14)
(-70.8531 75.8366 5.83823e-16)
(-72.4915 77.9693 -1.76458e-14)
(-74.6178 80.1435 0)
(-76.3629 82.8042 6.41542e-14)
(-79.5144 85.0303 0)
(-80.4542 88.6511 -3.00127e-14)
(-86.5152 90.5893 2.92644e-14)
(-83.4973 95.4075 2.69733e-14)
(-98.2571 98.2549 -4.46313e-16)
(-78.2248 99.1791 3.19973e-16)
(-57.7359 71.3339 0)
(-62.1054 65.0224 1.38188e-14)
(-60.1615 66.3147 0)
(-63.0395 66.1464 1.20831e-14)
(-63.4511 67.3468 0)
(-64.957 68.179 -2.14733e-14)
(-65.8762 69.3751 3.23245e-16)
(-67.1011 70.5858 -2.92523e-16)
(-68.2817 72.0152 1.80743e-14)
(-69.6419 73.6525 1.70265e-14)
(-71.2149 75.4893 -1.62848e-14)
(-72.8647 77.622 2.99832e-14)
(-74.9863 79.784 0)
(-76.7576 82.4645 -2.75371e-14)
(-79.8757 84.6451 4.32385e-16)
(-80.8988 88.3406 2.3871e-17)
(-86.8911 90.1101 -3.82477e-16)
(-83.9965 95.1875 -2.35846e-14)
(-98.5823 97.583 -2.23851e-14)
(-78.7427 98.9319 -1.81309e-14)
(-58.0966 70.7131 2.41068e-16)
(-62.6603 64.9376 -2.09843e-16)
(-60.5848 65.9632 0)
(-63.4695 65.8801 1.24567e-14)
(-63.8223 67.0142 1.09491e-14)
(-65.3239 67.8649 2.11056e-14)
(-66.2301 69.0404 6.32763e-16)
(-67.4576 70.2475 1.29786e-17)
(-68.6361 71.6645 -2.75977e-16)
(-69.9994 73.2979 -3.40782e-14)
(-71.5706 75.1267 8.65025e-18)
(-73.2324 77.261 -3.01134e-14)
(-75.3476 79.4127 2.14702e-16)
(-77.1471 82.1133 -4.41271e-16)
(-80.2246 84.2522 -2.64164e-14)
(-81.3459 88.016 2.59888e-14)
(-87.2164 89.6402 4.05527e-16)
(-84.5002 94.9445 -3.51288e-16)
(-98.8569 96.9232 2.26811e-14)
(-79.2746 98.7343 3.63751e-14)
(-58.5299 70.0496 0)
(-63.1994 64.8158 0)
(-61.0204 65.5953 1.25646e-14)
(-63.8887 65.6049 -1.20934e-14)
(-64.1862 66.6776 -1.09492e-14)
(-65.6788 67.5503 -3.37607e-16)
(-66.5745 68.7071 -1.99002e-14)
(-67.8046 69.9103 -5.97255e-16)
(-68.982 71.3146 2.75857e-16)
(-70.3489 72.9432 1.70364e-14)
(-71.919 74.764 3.20673e-14)
(-73.5931 76.8985 7.09521e-18)
(-75.7025 79.04 1.40845e-14)
(-77.5317 81.7578 0)
(-80.5704 83.8589 2.63732e-14)
(-81.7917 87.6848 3.93882e-16)
(-87.5318 89.1797 2.50537e-14)
(-85.008 94.6885 2.33216e-14)
(-99.1175 96.2789 3.70813e-16)
(-79.7919 98.5363 -1.82139e-14)
(-58.9769 69.4048 1.44232e-14)
(-63.7154 64.6829 -1.06908e-17)
(-61.4523 65.2335 1.71434e-16)
(-64.2872 65.3366 -3.84046e-16)
(-64.5338 66.3525 -1.09367e-14)
(-66.016 67.2474 -1.07066e-14)
(-66.9052 68.3856 1.98819e-14)
(-68.1392 69.5832 2.91514e-16)
(-69.3174 70.9731 1.80106e-14)
(-70.6893 72.5949 0)
(-72.2599 74.4068 -1.59895e-14)
(-73.947 76.5396 2.97805e-14)
(-76.0514 78.6703 -1.40812e-14)
(-77.9123 81.4018 0)
(-80.9124 83.4681 -4.3105e-16)
(-82.236 87.3494 -2.56186e-14)
(-87.8386 88.7245 -2.50206e-14)
(-85.521 94.4231 -2.29977e-14)
(-99.371 95.6418 -3.43038e-16)
(-80.2993 98.3351 2.85595e-16)
(-59.416 68.7918 -2.91631e-14)
(-64.2048 64.5474 1.38766e-14)
(-61.8731 64.8831 -2.70039e-17)
(-64.6616 65.0782 1.84399e-16)
(-64.8635 66.041 2.25476e-14)
(-66.3347 66.9579 1.03347e-14)
(-67.2213 68.0769 -1.95152e-14)
(-68.4608 69.2669 -2.90764e-16)
(-69.6418 70.64 -1.79723e-14)
(-71.0201 72.253 -2.70907e-16)
(-72.5926 74.0547 2.42912e-16)
(-74.2938 76.184 -1.48391e-14)
(-76.3936 78.3036 -1.38374e-14)
(-78.2881 81.0453 -2.08834e-16)
(-81.2496 83.0794 2.67251e-14)
(-82.6783 87.0094 2.60273e-14)
(-88.137 88.2741 2.53663e-14)
(-86.0388 94.1487 -3.53401e-16)
(-99.6173 95.0085 -2.27673e-14)
(-80.7992 98.1331 2.71477e-16)
(-59.8405 68.213 1.4278e-14)
(-64.667 64.4114 -1.39719e-14)
(-62.2789 64.5475 -2.50196e-14)
(-65.0106 64.8317 0)
(-65.1741 65.7447 -1.01219e-17)
(-66.6342 66.6833 -3.47436e-16)
(-67.5221 67.7823 2.04201e-14)
(-68.7688 68.9625 3.02905e-16)
(-69.9549 70.3166 -2.7363e-16)
(-71.341 71.9182 0)
(-72.9171 73.7086 0)
(-74.6331 75.8324 1.47671e-14)
(-76.729 77.9407 1.40617e-14)
(-78.6588 80.6891 2.74691e-14)
(-81.5819 82.6952 -5.38334e-14)
(-83.1184 86.6649 3.94174e-16)
(-88.4274 87.8291 -2.49295e-14)
(-86.5611 93.8656 0)
(-99.8565 94.3775 2.63677e-17)
(-81.2918 97.9316 -1.83051e-14)
(-60.2475 67.6662 1.416e-14)
(-65.1008 64.2787 1.44393e-14)
(-62.6665 64.2293 1.25016e-14)
(-65.3325 64.5989 1.20556e-14)
(-65.4643 65.4654 -2.2841e-14)
(-66.9135 66.425 -9.9647e-15)
(-67.8068 67.5034 1.30774e-17)
(-69.0626 68.6716 -1.91881e-14)
(-70.2561 70.0039 0)
(-71.6516 71.5917 1.68035e-14)
(-73.2329 73.3692 -2.52642e-16)
(-74.9648 75.4853 -1.42395e-14)
(-77.0574 77.5821 -2.13955e-16)
(-79.0241 80.3336 -1.52214e-17)
(-81.9088 82.3157 2.66799e-14)
(-83.5558 86.316 0)
(-88.71 87.3904 0)
(-87.0876 93.5741 -2.35411e-14)
(-100.089 93.7473 2.94313e-17)
(-81.7767 97.7321 -2.95378e-18)
(-60.6354 67.1508 -2.86864e-14)
(-65.5039 64.1544 -1.43025e-14)
(-63.0328 63.9306 -1.24766e-14)
(-65.6261 64.3815 -1.2052e-14)
(-65.7327 65.2048 2.2447e-14)
(-67.1716 66.1846 0)
(-68.0744 67.2416 0)
(-69.3416 68.3955 1.63132e-17)
(-70.5452 69.7032 0)
(-71.9516 71.2743 -1.67315e-14)
(-73.5397 73.0372 -1.54261e-14)
(-75.2885 75.1435 -1.48348e-14)
(-77.3786 77.2285 -1.42616e-14)
(-79.3837 79.9793 -5.46974e-14)
(-82.2306 81.9412 0)
(-83.9902 85.9624 0)
(-88.9848 86.9583 0)
(-87.618 93.2744 2.35799e-14)
(-100.314 93.1182 4.41037e-14)
(-82.2533 97.5365 1.82608e-14)
(-61.0044 66.6585 1.42988e-14)
(-65.8741 64.0407 0)
(-63.3754 63.6533 1.24804e-14)
(-65.89 64.1812 3.82621e-16)
(-65.9783 64.9641 -1.15524e-14)
(-67.4074 65.9637 0)
(-68.3242 66.9986 0)
(-69.6051 68.1357 1.87444e-14)
(-70.8218 69.4158 2.82477e-16)
(-72.2408 70.9672 -5.19604e-16)
(-73.8373 72.7136 1.5815e-14)
(-75.604 74.8078 1.45728e-14)
(-77.6927 76.8805 1.40379e-14)
(-79.7375 79.6266 2.70108e-14)
(-82.5475 81.572 -2.4094e-17)
(-84.4215 85.6046 3.94412e-16)
(-89.2518 86.5334 0)
(-88.1521 92.9668 0)
(-100.531 92.489 -2.19303e-14)
(-82.7207 97.347 0)
(-61.3547 66.1838 1.42144e-14)
(-66.2089 63.9404 0)
(-63.6922 63.399 1.24709e-14)
(-66.1228 63.9998 -3.82766e-16)
(-66.1999 64.7448 -1.08313e-14)
(-67.6201 65.7634 0)
(-68.5551 66.7759 0)
(-69.8525 67.8937 1.83067e-14)
(-71.0854 69.143 -1.24607e-17)
(-72.5188 70.6714 5.15784e-16)
(-74.1253 72.399 1.51953e-14)
(-75.9113 74.4788 1.45469e-14)
(-77.9998 76.5386 1.4022e-14)
(-80.0853 79.2761 2.78629e-14)
(-82.8596 81.2085 -4.0468e-16)
(-84.851 85.2447 0)
(-89.5113 86.1163 0)
(-88.6897 92.6517 0)
(-100.739 91.8582 -2.1747e-14)
(-83.178 97.1661 0)
(-61.6861 65.7214 -2.83728e-14)
(-66.5056 63.8561 -1.44552e-14)
(-63.9821 63.1686 -1.24838e-14)
(-66.3223 63.8395 -1.20585e-14)
(-66.3971 64.5478 2.23168e-14)
(-67.8095 65.5844 0)
(-68.7667 66.5751 0)
(-70.083 67.6713 -3.16078e-17)
(-71.3358 68.886 0)
(-72.7855 70.3879 -1.63421e-14)
(-74.4035 72.0944 -1.55675e-14)
(-76.2103 74.157 -1.43345e-14)
(-78.2999 76.2035 -1.3801e-14)
(-80.4271 78.9281 -5.50557e-14)
(-83.1664 80.8509 0)
(-85.2699 84.8847 0)
(-89.7663 85.7108 0)
(-89.2312 92.3293 2.3752e-14)
(-100.937 91.2253 4.32242e-14)
(-83.6241 96.9974 1.80742e-14)
(-61.9982 65.2661 1.43904e-14)
(-66.7622 63.7897 1.43029e-14)
(-64.2442 62.9634 1.24871e-14)
(-66.4876 63.702 1.20819e-14)
(-66.5701 64.374 -2.19427e-14)
(-67.9756 65.4274 -1.12155e-14)
(-68.9587 66.3972 -1.28628e-17)
(-70.2967 67.4697 -1.82256e-14)
(-71.5724 68.6464 0)
(-73.0404 70.1179 1.59725e-14)
(-74.6719 71.8006 4.76837e-16)
(-76.5009 73.843 -1.4996e-14)
(-78.5931 75.8756 2.13419e-16)
(-80.7628 78.583 1.58e-17)
(-83.4675 80.4997 2.65459e-14)
(-85.6829 84.5234 0)
(-90.0041 85.3206 0)
(-89.7777 91.9999 -2.37799e-14)
(-101.125 90.5874 -4.07435e-17)
(-84.057 96.8438 -3.77874e-17)
(-62.291 64.8125 1.43652e-14)
(-66.9769 63.7427 -1.47849e-14)
(-64.4775 62.7844 -2.50029e-14)
(-66.6192 63.5887 0)
(-66.72 64.2237 2.59833e-17)
(-68.1191 65.2926 3.01941e-17)
(-69.1318 66.2428 2.00315e-14)
(-70.4937 67.2895 -5.78062e-16)
(-71.7955 68.4253 2.63393e-16)
(-73.2838 69.8625 0)
(-74.9306 71.5181 2.44119e-16)
(-76.7833 73.5374 1.43313e-14)
(-78.8799 75.5552 1.40098e-14)
(-81.0926 78.241 2.74227e-14)
(-83.7629 80.155 -5.26537e-14)
(-86.0897 84.1574 -3.94887e-16)
(-90.2331 84.9453 -2.46289e-14)
(-90.3307 91.663 0)
(-101.301 89.9439 -4.14503e-17)
(-84.474 96.7135 -1.79592e-14)
(-62.566 64.3559 -2.82474e-14)
(-67.1475 63.7154 1.48568e-14)
(-64.6826 62.6326 2.73886e-17)
(-66.7179 63.4998 -1.84628e-16)
(-66.8489 64.0961 2.23006e-14)
(-68.2412 65.1797 1.0923e-14)
(-69.2868 66.1119 -2.03936e-14)
(-70.6748 67.1311 2.82521e-16)
(-72.0057 68.223 -1.72303e-14)
(-73.5163 69.6221 2.58677e-16)
(-75.1802 71.2475 -2.32248e-16)
(-77.0577 73.2405 -1.45403e-14)
(-79.1605 75.2426 -1.42418e-14)
(-81.4165 77.9023 2.08234e-16)
(-84.0533 79.8175 2.65388e-14)
(-86.4958 83.7845 2.61419e-14)
(-90.4569 84.5842 2.42031e-14)
(-90.8904 91.3169 3.58489e-16)
(-101.463 89.2956 -2.07967e-14)
(-84.8727 96.6093 -2.64276e-16)
(-62.8251 63.8893 1.43382e-14)
(-67.272 63.7061 1.20744e-17)
(-64.8602 62.5065 -1.58626e-16)
(-66.7859 63.4333 3.83526e-16)
(-66.9587 63.9889 -1.1509e-14)
(-68.3431 65.087 -1.05366e-14)
(-69.4242 66.0036 2.00122e-14)
(-70.8404 66.9941 -2.82375e-16)
(-72.2034 68.0393 1.72681e-14)
(-73.7382 69.3964 0)
(-75.421 70.9888 -1.52294e-14)
(-77.3243 72.9523 2.90956e-14)
(-79.4352 74.9376 -1.40125e-14)
(-81.7346 77.5667 0)
(-84.3394 79.4872 -4.2833e-16)
(-86.8978 83.4056 -2.5765e-14)
(-90.6757 84.2374 -2.45684e-14)
(-91.4553 90.9582 -2.43316e-14)
(-101.61 88.6429 3.2355e-16)
(-85.2522 96.5335 -2.78086e-16)
(-63.0623 63.3965 0)
(-67.3521 63.7118 0)
(-65.0108 62.4009 1.25184e-14)
(-66.8274 63.3857 -1.20421e-14)
(-67.0521 63.8984 -1.10981e-14)
(-68.4271 65.0122 5.22158e-17)
(-69.545 65.9162 -1.97623e-14)
(-70.9915 66.8779 2.95649e-16)
(-72.3891 67.8738 -2.6306e-16)
(-73.9498 69.1854 1.61521e-14)
(-75.6532 70.7419 3.04808e-14)
(-77.5835 72.6726 2.2655e-16)
(-79.7037 74.6396 1.38076e-14)
(-82.0474 77.2344 0)
(-84.6206 79.1626 2.69803e-14)
(-87.2946 83.0241 -3.95651e-16)
(-90.8856 83.8956 2.45462e-14)
(-92.0414 90.5901 2.3975e-14)
(-101.734 87.9805 -3.43056e-16)
(-85.6162 96.495 -1.77695e-14)
(-63.2574 62.8518 -2.27795e-16)
(-67.3958 63.727 2.20945e-16)
(-65.1381 62.3092 0)
(-66.8531 63.3528 1.16958e-14)
(-67.1353 63.8235 1.14771e-14)
(-68.4996 64.9555 2.139e-14)
(-69.6543 65.8506 -3.01469e-16)
(-71.1329 66.7845 -2.9573e-16)
(-72.5665 67.7284 2.62949e-16)
(-74.1545 68.9909 -3.2337e-14)
(-75.8794 70.5081 -8.23897e-18)
(-77.8376 72.4027 -2.88873e-14)
(-79.9678 74.3494 -2.13426e-16)
(-82.3568 76.907 4.40357e-16)
(-84.8969 78.8429 -2.69678e-14)
(-87.6909 82.644 2.62155e-14)
(-91.1002 83.5482 -3.99418e-16)
(-92.6557 90.2296 3.59979e-16)
(-101.812 87.2914 2.05745e-14)
(-85.9765 96.5139 3.54921e-14)
(-63.3911 62.238 0)
(-67.3484 63.6962 1.45392e-14)
(-65.207 62.1948 0)
(-66.8229 63.2876 1.19324e-14)
(-67.1807 63.7376 0)
(-68.5434 64.8978 -2.10147e-14)
(-69.7471 65.799 -3.15157e-16)
(-71.2652 66.7116 2.81806e-16)
(-72.7399 67.6052 1.69716e-14)
(-74.3566 68.8156 1.64302e-14)
(-76.1049 70.2915 -1.50149e-14)
(-78.0911 72.1466 2.89238e-14)
(-80.2334 74.0723 0)
(-82.6661 76.5879 -2.75072e-14)
(-85.1766 78.5377 -4.29307e-16)
(-88.0813 82.2632 -1.65942e-17)
(-91.3055 83.2125 3.73616e-16)
(-93.2734 89.8718 -2.37083e-14)
(-101.841 86.578 -2.07617e-14)
(-86.3324 96.5999 -1.77021e-14)
(-63.3967 61.5338 1.7812e-14)
(-67.0281 63.5548 -1.37568e-16)
(-65.1617 62.0768 1.5222e-14)
(-66.6633 63.1753 -2.91138e-14)
(-67.1484 63.6414 4.2271e-16)
(-68.5327 64.8215 1.21268e-14)
(-69.8144 65.7404 -3.72413e-16)
(-71.3859 66.6373 -1.70321e-17)
(-72.9093 67.4885 -1.99995e-14)
(-74.5552 68.6488 -1.87238e-14)
(-76.3291 70.0848 -5.6099e-16)
(-78.3416 71.8983 -1.68543e-14)
(-80.5027 73.8063 0)
(-82.9681 76.2711 6.40475e-14)
(-85.4747 78.2569 0)
(-88.4391 81.8617 -3.03795e-14)
(-91.5568 82.9422 2.83764e-14)
(-93.7741 89.4337 2.82357e-14)
(-101.915 85.9367 4.02496e-16)
(-86.6567 96.6822 -3.1458e-16)
(-66.1391 64.1891 -3.4866e-16)
(-67.8478 65.9401 -2.13105e-14)
(-67.151 64.8018 -1.77591e-14)
(-68.1972 65.3606 1.68107e-14)
(-68.8824 65.175 -3.11448e-14)
(-70.2003 65.5067 2.82013e-14)
(-71.5001 65.7372 -2.69539e-14)
(-72.924 66.12 -2.57951e-14)
(-74.2915 66.6516 2.27742e-14)
(-75.802 67.5733 2.2544e-14)
(-77.5275 68.8311 -4.15405e-14)
(-79.5366 70.4576 3.91447e-14)
(-81.7462 72.2662 3.91469e-14)
(-84.2344 74.4923 -3.58888e-14)
(-86.8608 76.559 3.66582e-14)
(-89.8176 79.6916 1.02061e-15)
(-93.267 81.6647 -6.69541e-14)
(-94.9871 86.6479 3.06196e-14)
(-104.115 85.3689 0)
(-88.2363 94.0291 2.19009e-17)
(-68.9676 57.949 0)
(-68.7183 58.6137 -2.16301e-14)
(-69.0114 59.1635 1.87953e-14)
(-69.826 59.8461 3.54669e-14)
(-71.036 60.7272 1.73547e-14)
(-72.4705 61.6737 -2.91535e-14)
(-73.9623 62.5235 1.21571e-16)
(-75.4083 63.1947 0)
(-76.8239 63.8943 0)
(-78.3604 64.836 -5.96317e-16)
(-80.1484 66.0848 -1.1359e-15)
(-82.205 67.6215 -5.40148e-16)
(-84.5274 69.4063 0)
(-87.0434 71.422 -7.55027e-14)
(-89.9014 73.6228 -3.75851e-14)
(-92.6041 76.0426 -3.63017e-14)
(-96.7136 78.6584 3.43067e-14)
(-97.4865 81.6759 -3.28752e-14)
(-109.023 82.5162 6.45557e-14)
(-90.4629 90.7667 1.28155e-15)
(-71.4316 54.2301 0)
(-71.2069 55.1185 0)
(-71.5904 55.9379 3.70239e-14)
(-72.4579 56.8405 -6.76868e-14)
(-73.6993 57.822 -7.13776e-16)
(-75.1206 58.8342 1.48281e-14)
(-76.5657 59.7032 5.57239e-14)
(-77.9542 60.3781 -2.66645e-14)
(-79.31 61.0493 2.35063e-14)
(-80.8106 61.9397 2.26156e-14)
(-82.5936 63.1158 -2.13736e-14)
(-84.6699 64.566 0)
(-87.0371 66.2514 -4.0195e-14)
(-89.6064 68.1594 3.56336e-14)
(-92.546 70.2445 3.55242e-14)
(-95.3174 72.5711 1.06725e-13)
(-99.4912 75.039 -6.87296e-14)
(-100.453 77.9 3.11047e-14)
(-112.412 78.8544 0)
(-93.252 87.1281 0)
(-72.6403 50.0308 0)
(-72.7996 51.3145 -1.82189e-14)
(-73.4405 52.4394 -1.72444e-14)
(-74.4951 53.5666 0)
(-75.8914 54.7421 -1.63156e-14)
(-77.4253 55.8836 1.39507e-14)
(-78.9292 56.8312 7.10965e-16)
(-80.3298 57.5277 -5.11348e-14)
(-81.6753 58.1778 0)
(-83.1678 59.021 -5.02316e-17)
(-84.9606 60.1286 2.14258e-14)
(-87.0643 61.491 0)
(-89.4775 63.0724 -4.0237e-14)
(-92.1039 64.8673 7.55603e-14)
(-95.1182 66.8253 -3.55352e-14)
(-97.9554 69.0198 1.994e-17)
(-102.368 71.3472 -3.43383e-14)
(-103.276 74.0922 -8.08959e-16)
(-115.368 74.8708 6.5924e-14)
(-96.2126 83.536 -5.25616e-14)
(-73.5652 46.4281 -3.67011e-14)
(-74.1141 47.8356 3.48332e-14)
(-75.0435 49.0819 1.68581e-14)
(-76.3238 50.3297 1.68724e-14)
(-77.8942 51.6046 -1.4663e-14)
(-79.5509 52.8168 1.45608e-14)
(-81.1259 53.803 -1.37897e-14)
(-82.5504 54.5056 7.85556e-14)
(-83.8976 55.1388 -2.34992e-14)
(-85.3952 55.9475 -6.16102e-17)
(-87.205 56.9982 0)
(-89.3388 58.2822 4.13679e-14)
(-91.7959 59.7663 -1.90461e-14)
(-94.4784 61.4558 -3.88709e-14)
(-97.5574 63.291 -2.09938e-15)
(-100.467 65.3716 -1.01432e-15)
(-104.94 67.5164 0)
(-105.952 70.2418 -3.2077e-14)
(-118.148 70.6668 3.27583e-14)
(-99.1314 79.8511 0)
(-74.2755 43.1714 1.77656e-14)
(-75.1726 44.6041 1.68659e-14)
(-76.3878 45.8863 1.62045e-14)
(-77.9121 47.1757 4.79417e-14)
(-79.6872 48.4861 -4.45428e-14)
(-81.4872 49.7228 -2.98297e-14)
(-83.1484 50.7175 4.03141e-14)
(-84.6137 51.4076 6.95552e-16)
(-85.9788 52.0196 1.4141e-15)
(-87.4945 52.7919 1.22189e-15)
(-89.3299 53.7835 -2.08228e-14)
(-91.498 54.9883 -4.08399e-14)
(-93.9995 56.3767 0)
(-96.7361 57.9605 -5.78213e-14)
(-99.8779 59.673 7.32907e-14)
(-102.853 61.6402 -3.42689e-14)
(-107.463 63.62 6.995e-14)
(-108.474 66.3058 -3.11091e-14)
(-120.768 66.3236 -3.27883e-14)
(-101.948 76.089 0)
(-74.8848 40.2145 0)
(-76.103 41.5968 -3.38525e-14)
(-77.5896 42.8429 -9.22566e-16)
(-79.3454 44.1046 1.55191e-14)
(-81.3205 45.3861 -1.43735e-14)
(-83.2731 46.6006 -1.4233e-14)
(-85.0211 47.5678 -1.34873e-14)
(-86.5288 48.2302 -2.6323e-14)
(-87.9184 48.815 2.32187e-14)
(-89.4601 49.5483 6.09761e-16)
(-91.3271 50.4807 -2.07348e-14)
(-93.5329 51.6079 2.03893e-14)
(-96.0786 52.9014 1.95784e-14)
(-98.8671 54.3804 1.89188e-14)
(-102.066 55.9705 0)
(-105.109 57.8207 -7.17221e-14)
(-109.776 59.6165 -9.9516e-16)
(-110.847 62.2877 6.51123e-14)
(-123.228 61.8579 -3.19941e-14)
(-104.637 72.2541 -1.26239e-17)
(-75.4563 37.5167 -1.68747e-14)
(-76.9775 38.8053 0)
(-78.718 39.9475 -3.20179e-14)
(-80.6874 41.1084 1.43012e-14)
(-82.8506 42.3176 -3.12616e-16)
(-84.9419 43.4644 0)
(-86.7632 44.369 1.34256e-14)
(-88.3054 44.9879 0)
(-89.7208 45.5384 0)
(-91.2938 46.2297 -2.2382e-14)
(-93.197 47.1013 0)
(-95.4424 48.1497 -2.09008e-14)
(-98.0286 49.3465 1.95457e-14)
(-100.867 50.7204 -3.78042e-14)
(-104.117 52.187 1.77985e-14)
(-107.221 53.9218 7.07093e-14)
(-111.94 55.529 0)
(-113.08 58.1873 -3.21166e-14)
(-125.521 57.2752 0)
(-107.183 68.3635 -1.26128e-17)
(-76.1023 35.0545 0)
(-77.8832 36.133 0)
(-79.8323 37.1195 1.55084e-14)
(-81.9921 38.1627 7.35447e-16)
(-84.3201 39.2621 -1.40323e-14)
(-86.5158 40.3021 1.32966e-14)
(-88.3853 41.1206 -4.05569e-14)
(-89.9486 41.6833 2.43081e-14)
(-91.3881 42.1946 0)
(-92.9947 42.8412 2.23369e-14)
(-94.935 43.6501 2.11728e-14)
(-97.2212 44.6165 0)
(-99.8466 45.715 2.00875e-14)
(-102.731 46.9842 5.46198e-16)
(-106.027 48.3253 -5.40519e-16)
(-109.188 49.9418 -5.46048e-14)
(-113.947 51.3596 -1.03002e-15)
(-115.164 54.0045 0)
(-127.634 52.5727 0)
(-109.584 64.4528 -5.36951e-14)
(-76.8869 32.5993 1.5731e-14)
(-78.8726 33.4969 -7.61669e-15)
(-80.9828 34.3222 0)
(-83.2928 35.2207 1.44716e-14)
(-85.7484 36.1859 -2.76037e-14)
(-88.01 37.0982 -3.81369e-16)
(-89.8939 37.8169 1.31608e-14)
(-91.4604 38.3151 2.57785e-14)
(-92.9213 38.7851 -1.10171e-14)
(-94.5648 39.3851 -2.28824e-14)
(-96.5431 40.13 2.04691e-14)
(-98.8662 41.0144 -4.10564e-14)
(-101.529 42.0141 1.8936e-14)
(-104.456 43.1758 -1.83325e-14)
(-107.793 44.3893 -3.66635e-14)
(-111.008 45.8868 -1.04926e-15)
(-115.797 47.1165 6.85585e-14)
(-117.096 49.7352 0)
(-129.555 47.7558 -3.28934e-14)
(-111.855 60.5777 2.68322e-14)
(-77.8251 30.1708 -7.64008e-15)
(-79.9434 30.856 -3.17003e-16)
(-82.1723 31.5036 -6.63374e-16)
(-84.6043 32.2483 2.76085e-14)
(-87.1481 33.0653 -1.2751e-14)
(-89.4326 33.8378 4.50997e-16)
(-91.2923 34.4465 -1.34953e-14)
(-92.8429 34.8793 -8.25153e-16)
(-94.321 35.3123 -3.94964e-16)
(-96.0029 35.8669 0)
(-98.021 36.5451 -2.11025e-14)
(-100.379 37.3452 2.02226e-14)
(-103.074 38.2461 0)
(-106.042 39.2992 3.77714e-14)
(-109.412 40.3838 -1.83349e-14)
(-112.679 41.7639 0)
(-117.491 42.8044 -1.67298e-14)
(-118.874 45.3752 -4.85515e-14)
(-131.272 42.8622 9.76819e-14)
(-114.031 56.6377 1.29433e-17)
(-78.8784 27.7308 2.99474e-14)
(-81.0838 28.183 -3.58827e-14)
(-83.4043 28.6385 1.35593e-14)
(-85.9309 29.215 -6.78146e-15)
(-88.5186 29.8744 1.34925e-14)
(-90.7716 30.5026 4.58837e-16)
(-92.5693 31.0019 -1.25835e-14)
(-94.092 31.377 0)
(-95.5879 31.7772 -2.37461e-14)
(-97.3093 32.2861 1.07119e-14)
(-99.3654 32.8963 0)
(-101.757 33.6119 0)
(-104.48 34.4144 0)
(-107.484 35.3585 -3.83464e-14)
(-110.884 36.314 3.61638e-14)
(-114.199 37.5782 0)
(-119.03 38.4256 1.67412e-14)
(-120.493 40.932 1.55683e-14)
(-132.798 37.9549 -1.56357e-14)
(-116.098 52.3544 -1.28065e-14)
(-80.0366 25.2163 -7.10629e-15)
(-82.2978 25.4281 1.44001e-14)
(-84.6878 25.6896 6.47891e-16)
(-87.2753 26.0871 -6.39814e-15)
(-89.8507 26.587 0)
(-92.0088 27.074 1.33975e-14)
(-93.7112 27.478 1.34907e-14)
(-95.1996 27.8092 1.3236e-14)
(-96.717 28.1816 -1.1305e-14)
(-98.4798 28.6449 1.1393e-14)
(-100.572 29.1871 -1.0216e-14)
(-102.996 29.8181 0)
(-105.744 30.522 2.00895e-14)
(-108.781 31.3565 -3.78303e-14)
(-112.203 32.1847 -5.38852e-16)
(-115.564 33.3337 0)
(-120.407 33.985 7.34233e-18)
(-121.943 36.4304 -1.60866e-14)
(-134.154 33.0381 -7.74481e-16)
(-118.011 48.025 -1.40475e-14)
(-81.2949 22.5718 -7.17025e-15)
(-83.5901 22.5513 0)
(-86.0247 22.6154 -1.39713e-14)
(-88.6271 22.8305 1.31761e-14)
(-91.1131 23.18 0)
(-93.111 23.5441 0)
(-94.6963 23.8795 -6.57353e-15)
(-96.1546 24.1823 -2.48853e-14)
(-97.7023 24.5298 1.17003e-14)
(-99.5104 24.9459 0)
(-101.637 25.4204 0)
(-104.091 25.9674 1.01267e-14)
(-106.86 26.5739 -9.77268e-15)
(-109.927 27.2983 -9.47283e-15)
(-113.367 28.0018 1.89433e-14)
(-116.773 29.0326 -1.72331e-14)
(-121.616 29.4863 -3.51861e-14)
(-123.225 31.8819 1.51517e-14)
(-135.344 28.1055 -4.3493e-16)
(-119.749 43.4631 -1.34432e-14)
(-82.6403 19.7516 -1.09118e-14)
(-84.9557 19.5011 -3.81638e-15)
(-87.4066 19.3682 1.35815e-14)
(-89.9555 19.4133 0)
(-92.2568 19.6401 0)
(-94.0396 19.9185 0)
(-95.5067 20.2194 -2.91743e-17)
(-96.9515 20.5081 -4.16486e-16)
(-98.5412 20.8316 5.48887e-15)
(-100.398 21.1975 1.1435e-14)
(-102.56 21.6033 -2.11439e-14)
(-105.041 22.0659 -3.77654e-18)
(-107.828 22.5758 1.03648e-14)
(-110.919 23.189 -9.21118e-15)
(-114.372 23.7706 -9.48539e-15)
(-117.82 24.6788 8.62927e-15)
(-122.655 24.9422 0)
(-124.34 27.3088 -1.65355e-14)
(-136.379 23.1059 1.52439e-14)
(-121.267 38.7723 3.96805e-14)
(-84.0781 16.7147 -1.60287e-16)
(-86.4048 16.2222 1.76299e-14)
(-88.8213 15.9057 -1.74422e-14)
(-91.2066 15.816 6.85827e-15)
(-93.2199 15.9766 0)
(-94.7566 16.2226 7.25015e-15)
(-96.1298 16.5215 2.00314e-16)
(-97.5889 16.8011 1.84309e-16)
(-99.2343 17.0961 6.0865e-15)
(-101.142 17.4076 0)
(-103.337 17.7427 -1.09233e-14)
(-105.841 18.1195 3.05158e-14)
(-108.642 18.5325 -9.52295e-15)
(-111.754 19.0332 -2.47332e-18)
(-115.215 19.4963 0)
(-118.699 20.2776 8.90862e-15)
(-123.524 20.3664 8.95192e-15)
(-125.281 22.708 2.55311e-16)
(-137.219 17.9022 -3.37254e-14)
(-122.571 34.6122 -6.08301e-16)
(-85.6679 13.3426 -7.38086e-15)
(-87.9539 12.5944 3.52116e-15)
(-90.2151 12.1432 -7.24225e-15)
(-92.2765 12.001 0)
(-93.9115 12.1901 7.62385e-15)
(-95.2163 12.4681 -1.06194e-14)
(-96.5498 12.7992 3.42166e-15)
(-98.0614 13.0734 6.3381e-15)
(-99.7764 13.3335 -5.92725e-15)
(-101.736 13.5837 -5.76449e-15)
(-103.96 13.844 -3.14853e-16)
(-106.485 14.1317 4.95326e-15)
(-109.297 14.4486 0)
(-112.426 14.8373 9.52674e-15)
(-115.89 15.1846 0)
(-119.408 15.8322 -8.92153e-15)
(-124.213 15.7597 0)
(-126.063 18.0517 -1.63422e-14)
(-137.776 12.7374 7.62024e-15)
(-123.788 30.2407 -3.05155e-16)
(-87.2967 9.28722 0)
(-89.434 8.30169 0)
(-91.3837 7.86845 5.7641e-15)
(-92.9998 7.85369 1.97592e-15)
(-94.2565 8.24142 0)
(-95.4164 8.64966 7.53029e-15)
(-96.7941 9.05694 -3.33244e-15)
(-98.3966 9.32488 0)
(-100.18 9.53907 2.99114e-15)
(-102.181 9.7227 5.79248e-15)
(-104.426 9.90863 -5.19153e-15)
(-106.964 10.1094 -5.12173e-15)
(-109.783 10.3312 -4.93199e-15)
(-112.923 10.6059 0)
(-116.386 10.8434 -4.62614e-15)
(-119.934 11.3541 0)
(-124.718 11.1239 -4.34461e-15)
(-126.664 13.3524 0)
(-138.112 7.55535 -1.68429e-14)
(-124.869 25.7276 6.40642e-15)
(-89.0082 3.90566 2.10101e-15)
(-90.786 3.05751 -9.47575e-16)
(-92.121 3.09017 -4.25484e-15)
(-93.1483 3.48866 -2.14924e-15)
(-94.1277 4.21002 0)
(-95.35 4.75937 0)
(-96.876 5.10639 -7.11328e-15)
(-98.5934 5.4488 3.14035e-15)
(-100.45 5.627 -3.00424e-15)
(-102.482 5.77683 4.32839e-15)
(-104.739 5.91539 -1.26537e-15)
(-107.282 6.04893 7.78305e-15)
(-110.101 6.19299 2.54472e-15)
(-113.246 6.36304 0)
(-116.706 6.50325 6.94964e-15)
(-120.279 6.8766 4.6024e-15)
(-125.047 6.51874 1.29974e-16)
(-127.062 8.63902 -4.14071e-15)
(-138.203 2.4192 3.997e-15)
(-125.736 21.2064 -6.71064e-15)
(-90.8595 -2.26187 -1.2593e-15)
(-91.4089 -2.225 1.22426e-15)
(-91.9166 -1.63856 -2.32263e-15)
(-92.5271 -0.883286 9.75916e-16)
(-93.4412 -0.461321 -5.13733e-17)
(-94.7955 0.115402 -1.01115e-15)
(-96.4879 0.600799 -9.49987e-17)
(-98.3537 0.998746 7.5142e-16)
(-100.343 1.31016 -4.30407e-17)
(-102.472 1.56065 -7.3383e-16)
(-104.807 1.76012 -1.35093e-15)
(-107.406 1.90988 0)
(-110.257 2.0394 -1.27448e-15)
(-113.422 2.14449 -1.30121e-15)
(-116.885 2.21584 -1.26037e-15)
(-120.475 2.45162 -6.60871e-17)
(-125.209 2.02009 -6.66286e-17)
(-127.35 4.00267 -1.09227e-15)
(-138.04 -2.43856 -1.51915e-16)
(-126.791 16.613 4.96019e-15)
(-70.5626 64.375 -3.63417e-14)
(-71.339 58.6506 0)
(-72.3643 53.1396 0)
(-72.9445 48.6653 3.88151e-14)
(-73.3621 44.9803 -1.86603e-14)
(-73.6689 41.7291 0)
(-73.922 38.8283 -8.66941e-15)
(-74.1543 36.2333 2.64621e-14)
(-74.476 33.9655 1.71747e-14)
(-75.018 31.7393 -8.87879e-15)
(-75.8106 29.5272 7.79868e-15)
(-76.7623 27.309 -7.42058e-15)
(-77.8471 25.0294 1.46359e-14)
(-79.0637 22.6149 1.60275e-16)
(-80.3877 20.0205 -1.40837e-14)
(-81.801 17.2242 3.40437e-15)
(-83.3762 14.1423 3.6168e-15)
(-85.0546 10.4682 1.83916e-15)
(-86.8024 5.27514 -2.91424e-15)
(-89.9362 -1.51929 3.67676e-15)
(-74.6898 62.0264 -3.28953e-14)
(-74.0867 56.9543 0)
(-73.6764 51.2394 0)
(-73.5985 46.975 -2.0062e-14)
(-73.5206 43.3437 0)
(-73.4399 40.1574 2.45822e-16)
(-73.3529 37.3267 -8.92478e-15)
(-73.2685 34.8433 -8.73735e-15)
(-73.2656 32.7375 -1.78749e-14)
(-73.5371 30.8523 -1.74048e-14)
(-74.1722 28.8756 -1.53823e-14)
(-75.0303 26.8889 -7.39862e-15)
(-76.0324 24.8422 7.16843e-15)
(-77.1797 22.6368 7.16225e-15)
(-78.4489 20.2391 7.13797e-15)
(-79.791 17.657 -1.06846e-14)
(-81.2635 14.8714 3.53072e-15)
(-82.8741 11.6813 0)
(-84.4123 7.03711 0)
(-88.5175 -0.05603 -1.68137e-15)
(-77.3845 59.2857 -2.72614e-14)
(-76.0793 53.6816 -2.2119e-14)
(-74.9929 48.7399 0)
(-74.4069 44.9249 -1.91413e-14)
(-73.9455 41.5184 1.85038e-14)
(-73.5505 38.4891 5.13391e-16)
(-73.182 35.7925 5.14812e-16)
(-72.8296 33.4687 0)
(-72.5422 31.5795 -8.81308e-15)
(-72.5529 30.1527 8.63581e-17)
(-73.0243 28.4399 3.27729e-14)
(-73.8113 26.6685 7.4179e-15)
(-74.7569 24.8426 0)
(-75.8601 22.8234 6.83885e-15)
(-77.0969 20.5718 0)
(-78.3777 18.1295 -3.44383e-15)
(-79.7108 15.5622 3.46402e-15)
(-81.1224 12.8346 -3.32193e-15)
(-82.2766 9.00542 -2.49667e-15)
(-86.5571 2.09822 1.4989e-15)
(-77.8053 57.1222 0)
(-77.3131 50.2307 2.12087e-14)
(-76.1481 46.0788 0)
(-75.2797 42.742 -5.03795e-16)
(-74.5772 39.629 3.60422e-14)
(-73.9685 36.8068 1.7836e-14)
(-73.3985 34.2862 9.15874e-15)
(-72.84 32.1593 -8.99171e-15)
(-72.3034 30.5182 0)
(-72.0342 29.5438 -9.44457e-15)
(-72.3106 28.1926 -8.96366e-15)
(-73.0342 26.6042 -1.60022e-14)
(-73.9141 24.9989 0)
(-74.941 23.1699 -1.44091e-14)
(-76.1411 21.0667 -3.51025e-15)
(-77.4221 18.7321 1.11529e-16)
(-78.7144 16.2841 6.80206e-15)
(-79.942 13.8629 1.77141e-15)
(-80.7238 10.8603 2.45228e-15)
(-84.1689 4.69898 -9.04836e-16)
(-75.9714 55.1906 2.24641e-14)
(-77.9578 47.3563 -3.57308e-14)
(-77.0718 43.4874 -1.75391e-14)
(-76.1643 40.5849 -1.87916e-14)
(-75.3884 37.8019 -1.15949e-15)
(-74.6961 35.2116 0)
(-74.0267 32.8814 0)
(-73.34 30.949 8.87249e-15)
(-72.6143 29.5546 9.81198e-15)
(-72.0841 28.953 5.50364e-16)
(-72.1108 28.1011 0)
(-72.6857 26.6714 9.00385e-15)
(-73.422 25.2285 -7.88474e-15)
(-74.2945 23.556 1.54299e-14)
(-75.3976 21.5991 -7.37179e-15)
(-76.6598 19.3755 1.28034e-16)
(-77.9681 16.9895 -8.79871e-17)
(-79.114 14.6724 0)
(-79.6662 12.2233 -2.52652e-15)
(-81.8015 7.09934 1.28294e-15)
(-73.3566 53.304 1.96698e-14)
(-77.8117 44.9752 1.67015e-14)
(-77.7001 41.175 1.73904e-14)
(-76.9941 38.7046 1.7121e-14)
(-76.3034 36.2257 -1.3664e-15)
(-75.6794 33.8851 0)
(-75.0628 31.7793 0)
(-74.3905 30.0594 -3.10299e-14)
(-73.5748 28.892 0)
(-72.7931 28.5802 1.28456e-14)
(-72.4956 28.2084 -1.18331e-14)
(-72.8454 26.7783 2.8503e-16)
(-73.4434 25.4249 2.1384e-16)
(-74.1514 23.9293 0)
(-75.1021 22.16 0)
(-76.2464 20.0726 0)
(-77.4742 17.7128 -3.51011e-15)
(-78.5492 15.2927 0)
(-79.0276 12.921 -8.4325e-16)
(-80.1144 8.75773 8.3098e-16)
(-69.9566 51.5417 -2.09421e-14)
(-77.1007 43.2396 -1.34593e-14)
(-77.8565 39.1296 -7.14756e-16)
(-77.6423 36.8832 2.89085e-14)
(-77.1717 34.8783 -3.46662e-14)
(-76.7788 33.0088 0)
(-76.4068 31.3005 0)
(-75.9636 29.924 9.31196e-16)
(-75.306 29.103 -1.34951e-14)
(-74.4001 29.0111 1.67428e-14)
(-73.5888 28.9796 1.40518e-15)
(-73.6196 27.0999 5.44728e-16)
(-74.0571 25.7863 1.1456e-14)
(-74.5994 24.4521 -9.64514e-15)
(-75.3453 22.8513 -4.16335e-15)
(-76.2699 20.8804 -4.01394e-15)
(-77.2881 18.5372 7.90735e-15)
(-78.2279 15.9444 0)
(-78.7431 13.3137 -8.87869e-16)
(-79.2843 9.79793 8.52995e-16)
(-66.0939 49.8038 -1.9891e-14)
(-74.87 42.0018 2.61299e-14)
(-77.225 37.3965 1.13071e-14)
(-77.8022 35.2843 -2.54534e-14)
(-77.6598 33.5582 -6.42643e-15)
(-77.459 31.9405 -7.08296e-15)
(-77.2997 30.4874 8.25349e-15)
(-77.1221 29.3591 -8.91723e-15)
(-76.7905 28.6474 1.09542e-14)
(-76.1716 28.3585 2.66756e-14)
(-75.4939 28.6056 7.34474e-16)
(-75.0263 27.3594 0)
(-75.1444 26.4092 2.67841e-14)
(-75.4507 25.1901 5.55496e-15)
(-75.9306 23.5895 5.50115e-15)
(-76.5673 21.6514 -4.6316e-15)
(-77.2962 19.3216 4.21951e-15)
(-78.031 16.6265 -4.0886e-15)
(-78.5739 13.6979 -9.56678e-16)
(-78.9491 10.4183 8.98894e-16)
(-62.2666 48.1547 0)
(-71.7819 41.2624 -1.94887e-14)
(-76.0377 36.3562 0)
(-77.3296 34.0516 -1.05909e-14)
(-77.7432 32.5277 1.68757e-14)
(-77.7952 31.1782 1.81995e-14)
(-77.7959 29.9882 -1.29421e-14)
(-77.7675 29.0341 -6.74854e-15)
(-77.6239 28.365 -1.55821e-14)
(-77.2571 27.9522 -9.3173e-15)
(-76.782 27.8326 -1.10732e-14)
(-76.2831 27.0379 -1.06813e-14)
(-76.1623 26.1556 -4.28061e-16)
(-76.2498 25.0503 -4.64914e-15)
(-76.5071 23.6194 4.40494e-16)
(-76.8903 21.8054 -3.90008e-15)
(-77.3692 19.5846 3.85171e-15)
(-77.8917 16.9696 0)
(-78.3744 13.9805 -8.60179e-16)
(-78.7266 10.7749 -5.74584e-17)
(-58.6332 46.6337 -3.86225e-14)
(-67.7208 40.8805 1.9617e-14)
(-73.3295 35.8722 0)
(-76.3521 33.2451 9.19741e-15)
(-77.3271 31.7165 -9.21394e-15)
(-77.7564 30.5695 -9.76424e-15)
(-77.9567 29.5859 2.04584e-14)
(-78.0642 28.7879 3.28607e-16)
(-78.063 28.1901 3.72797e-16)
(-77.8964 27.768 7.76753e-15)
(-77.602 27.4599 1.61021e-14)
(-77.2362 26.8761 7.54587e-15)
(-76.9983 26.048 0)
(-76.9218 24.9836 -3.53547e-15)
(-76.9735 23.5969 6.85092e-15)
(-77.1165 21.8308 -2.85325e-15)
(-77.339 19.6646 1.37609e-15)
(-77.6106 17.0935 1.41838e-15)
(-77.9064 14.1268 -1.37786e-15)
(-78.1678 11.0066 1.29547e-17)
(-55.2627 45.1879 0)
(-63.1427 40.5876 6.18334e-15)
(-69.4518 35.8303 4.3868e-15)
(-73.7275 32.8725 3.79461e-15)
(-76.0973 31.1611 0)
(-77.0833 30.0426 0)
(-77.6212 29.1906 -4.53945e-15)
(-77.9126 28.4967 0)
(-78.0395 27.9393 0)
(-78.018 27.4811 1.06281e-14)
(-77.8741 27.0487 -8.3078e-16)
(-77.6491 26.49 -6.61938e-15)
(-77.3925 25.6788 0)
(-77.2225 24.6365 4.86189e-15)
(-77.1279 23.284 -2.38539e-15)
(-77.0853 21.5624 2.17431e-16)
(-77.0877 19.4604 1.10526e-15)
(-77.1264 16.9889 -1.10348e-15)
(-77.1936 14.1437 5.82602e-16)
(-77.2538 11.1075 5.96407e-16)
(-52.1129 43.7057 0)
(-58.5087 40.178 -7.57979e-15)
(-64.5443 35.9838 -7.96165e-16)
(-69.8303 32.8775 -4.15654e-15)
(-73.2771 30.8792 0)
(-75.3087 29.6235 0)
(-76.3932 28.7619 -3.16617e-16)
(-77.075 28.0925 3.64018e-15)
(-77.4074 27.5332 3.85781e-15)
(-77.5365 27.0324 -4.51698e-15)
(-77.5147 26.5113 -9.44202e-15)
(-77.4064 25.9042 0)
(-77.1676 25.0781 4.41759e-15)
(-76.945 24.0247 -6.49405e-15)
(-76.7422 22.6744 0)
(-76.5462 20.9823 -8.54965e-16)
(-76.3563 18.9406 0)
(-76.1717 16.5377 -8.58625e-16)
(-75.9932 13.8065 4.58401e-16)
(-75.7869 10.9334 4.70708e-16)
(-49.2032 42.1153 7.43417e-15)
(-54.1949 39.5003 -1.46877e-14)
(-59.1219 36.0548 -5.45028e-15)
(-64.6012 33.0737 -5.68408e-17)
(-69.0135 30.8332 6.3223e-15)
(-72.0116 29.315 0)
(-73.8061 28.2968 -5.87069e-15)
(-74.9332 27.5587 0)
(-75.7009 26.9383 0)
(-76.0965 26.3564 1.45943e-15)
(-76.2525 25.7532 1.55682e-15)
(-76.2725 25.0669 -1.66638e-15)
(-76.0958 24.1967 0)
(-75.8581 23.1053 -4.68584e-15)
(-75.5753 21.7359 4.67704e-15)
(-75.2466 20.0573 -2.12929e-15)
(-74.8806 18.057 2.07437e-15)
(-74.4825 15.7286 -9.64157e-16)
(-74.0554 13.1014 1.00294e-15)
(-73.582 10.3981 -2.88501e-16)
(-46.5429 40.4678 -7.59844e-15)
(-50.3838 38.4844 0)
(-53.902 35.7451 0)
(-58.6545 33.1716 0)
(-63.3204 30.8972 0)
(-67.0891 29.1171 0)
(-69.8031 27.8313 5.00664e-15)
(-71.54 26.8972 0)
(-72.6305 26.1384 0)
(-73.3726 25.4474 1.10731e-15)
(-73.7721 24.7353 -4.22366e-15)
(-73.9475 23.9374 1.60908e-15)
(-73.8887 22.982 -2.66585e-15)
(-73.6786 21.8237 2.62866e-15)
(-73.35 20.417 2.4457e-15)
(-72.9223 18.7338 -1.10951e-15)
(-72.4039 16.7545 2.55894e-17)
(-71.8082 14.4828 5.28478e-16)
(-71.142 11.9517 4.65386e-16)
(-70.398 9.4269 -1.64862e-16)
(-44.0636 38.786 -1.11459e-14)
(-47.0232 37.133 1.92268e-14)
(-49.4772 34.9645 0)
(-52.9653 32.8719 0)
(-56.9934 30.7977 0)
(-60.8323 28.9151 -1.05665e-15)
(-64.014 27.3657 -2.54002e-15)
(-66.4008 26.1424 -8.70894e-16)
(-68.0759 25.1535 -8.4847e-16)
(-69.169 24.2814 0)
(-69.8408 23.4149 0)
(-70.1873 22.4819 8.88285e-16)
(-70.2739 21.4192 0)
(-70.1401 20.1628 -1.13783e-15)
(-69.7983 18.6886 0)
(-69.3113 16.9743 3.53127e-16)
(-68.6821 15.0025 1.55752e-16)
(-67.9305 12.7665 1.47949e-16)
(-67.0728 10.3213 -8.36083e-16)
(-66.1074 7.97367 2.60134e-16)
(-41.6598 37.0611 0)
(-43.9073 35.6417 -5.84154e-15)
(-45.8465 33.9405 1.94433e-15)
(-48.3304 32.1785 5.79517e-15)
(-51.2468 30.3236 -5.90136e-15)
(-54.4081 28.4778 1.37539e-15)
(-57.3952 26.7688 1.93528e-15)
(-59.9174 25.2849 -7.01904e-16)
(-61.8854 24.0169 1.6599e-15)
(-63.3128 22.8911 6.33247e-16)
(-64.2696 21.817 0)
(-64.8486 20.7232 -9.76695e-16)
(-65.0938 19.5177 -1.46752e-15)
(-65.0586 18.1435 7.27818e-17)
(-64.7935 16.5842 1.35544e-15)
(-64.32 14.818 -1.01048e-15)
(-63.6646 12.8306 3.01815e-16)
(-62.8708 10.6068 6.28611e-16)
(-61.9742 8.25976 6.28805e-17)
(-60.9044 6.11091 0)
(-39.1945 35.3192 0)
(-40.8699 34.3113 -7.93175e-15)
(-42.558 32.9804 4.4682e-15)
(-44.6125 31.3599 -3.85867e-15)
(-46.7404 29.5416 6.04993e-15)
(-48.9697 27.6797 7.82974e-16)
(-51.2382 25.8841 1.63388e-15)
(-53.3502 24.2124 -1.47189e-15)
(-55.1646 22.7003 -8.42817e-16)
(-56.6093 21.3236 3.81699e-16)
(-57.6702 20.023 -4.77754e-17)
(-58.381 18.7416 -4.52338e-16)
(-58.7709 17.3661 -8.78063e-16)
(-58.8778 15.8638 -1.69885e-16)
(-58.7443 14.222 4.40055e-16)
(-58.3908 12.4138 -7.27014e-16)
(-57.8698 10.425 6.06844e-16)
(-57.2503 8.28313 3.20149e-16)
(-56.5524 6.20177 -3.83869e-16)
(-55.5415 4.33433 9.18935e-31)
(-36.6958 33.5082 -3.93487e-15)
(-37.9803 32.896 5.18212e-15)
(-39.5576 31.7016 -3.42486e-15)
(-41.3692 30.0798 3.45694e-15)
(-43.116 28.2403 -1.06892e-15)
(-44.6886 26.346 -9.58351e-16)
(-46.2102 24.4958 -3.68915e-16)
(-47.6785 22.764 0)
(-49.0323 21.1489 2.57601e-16)
(-50.2033 19.6088 7.41803e-16)
(-51.1419 18.1342 -7.29559e-16)
(-51.8264 16.6804 4.39971e-16)
(-52.2908 15.1204 4.0284e-16)
(-52.5417 13.466 -3.42198e-16)
(-52.5989 11.7342 0)
(-52.4988 9.95349 -2.16653e-16)
(-52.268 8.15338 0)
(-51.9226 6.37708 8.39667e-17)
(-51.3557 4.77677 -1.08233e-16)
(-50.6378 3.05296 -6.52176e-18)
(-33.9542 31.5169 2.17079e-15)
(-34.6608 31.1062 -3.52563e-15)
(-35.9918 29.5944 1.60378e-15)
(-37.6813 27.5222 -1.20633e-15)
(-39.3136 25.4211 2.33262e-15)
(-40.7727 23.5065 -1.107e-15)
(-42.0414 21.7444 7.63513e-16)
(-43.1515 20.126 -3.50833e-16)
(-44.1541 18.5892 -3.46455e-16)
(-45.0377 17.0701 2.1198e-16)
(-45.7729 15.555 -4.89232e-17)
(-46.3196 14.0246 1.24871e-16)
(-46.6623 12.446 -1.06852e-16)
(-46.8117 10.8661 -1.05819e-16)
(-46.7543 9.32073 3.87064e-18)
(-46.6257 7.76767 -2.03585e-17)
(-46.4964 6.10709 -2.98635e-17)
(-46.265 4.49012 -3.36417e-17)
(-45.8812 2.92463 -1.30263e-17)
(-45.6937 1.18833 5.86212e-18)
(-29.5003 31.15 0)
(-28.8782 31.1294 2.65377e-16)
(-29.4337 29.0993 1.4348e-17)
(-30.1692 26.868 0)
(-30.9768 24.9647 0)
(-31.8488 23.3571 -7.03669e-17)
(-32.7726 21.941 -2.60855e-16)
(-33.7239 20.6244 1.61269e-16)
(-34.6369 19.3728 0)
(-35.4979 18.1397 4.3339e-17)
(-36.2931 16.8945 0)
(-37.0007 15.6114 -1.57263e-16)
(-37.6175 14.3036 -5.28782e-17)
(-38.1411 12.9846 1.62032e-16)
(-38.5526 11.643 0)
(-38.839 10.2889 0)
(-39.0003 8.9167 -4.20845e-17)
(-39.0143 7.49383 4.74163e-17)
(-38.9356 6.02143 -5.58591e-17)
(-38.5048 4.35635 1.69289e-17)
)
;

boundaryField
{
    right
    {
        type            cyclic;
    }
    left
    {
        type            cyclic;
    }
    outerWall
    {
        type            calculated;
        value           nonuniform List<vector> 
60
(
(-3.88268 209.368 0)
(-11.6427 209.081 0)
(-19.3868 208.506 0)
(-27.1041 207.644 0)
(-34.7842 206.496 0)
(-42.4165 205.065 0)
(-49.9903 203.351 0)
(-57.4954 201.357 0)
(-64.9213 199.087 0)
(-72.2579 196.542 0)
(-79.4951 193.727 0)
(-86.6228 190.645 0)
(-93.6313 187.301 0)
(-100.511 183.7 0)
(-107.252 179.845 0)
(-113.846 175.744 0)
(-120.283 171.4 0)
(-126.554 166.821 0)
(-132.651 162.012 0)
(-138.566 156.98 0)
(-141.814 154.101 0)
(-142.488 153.482 0)
(-143.159 152.86 0)
(-143.827 152.235 0)
(-144.492 151.607 0)
(-145.154 150.976 0)
(-145.813 150.341 0)
(-146.469 149.703 0)
(-147.122 149.063 0)
(-147.772 148.419 0)
(-148.419 147.772 0)
(-149.063 147.122 0)
(-149.703 146.469 0)
(-150.341 145.813 0)
(-150.976 145.154 0)
(-151.607 144.492 0)
(-152.235 143.827 0)
(-152.86 143.159 0)
(-153.482 142.488 0)
(-154.101 141.814 0)
(-156.98 138.566 0)
(-162.012 132.651 0)
(-166.821 126.554 0)
(-171.4 120.283 0)
(-175.744 113.846 0)
(-179.845 107.252 0)
(-183.7 100.511 0)
(-187.301 93.6313 0)
(-190.645 86.6228 0)
(-193.727 79.4951 0)
(-196.542 72.2579 0)
(-199.087 64.9213 0)
(-201.357 57.4954 0)
(-203.351 49.9903 0)
(-205.065 42.4165 0)
(-206.496 34.7842 0)
(-207.644 27.1041 0)
(-208.506 19.3868 0)
(-209.081 11.6427 0)
(-209.368 3.88268 0)
)
;
    }
    stirrerWall
    {
        type            calculated;
        value           nonuniform List<vector> 
100
(
(-0.775973 41.8739 0)
(-2.32686 41.817 0)
(-3.87457 41.7025 0)
(-5.41696 41.5307 0)
(-6.95191 41.3017 0)
(-8.4773 41.0159 0)
(-9.99103 40.6737 0)
(-11.491 40.2755 0)
(-12.9752 39.8219 0)
(-14.4415 39.3135 0)
(-15.8879 38.751 0)
(-17.3124 38.1352 0)
(-18.7131 37.4669 0)
(-20.088 36.7471 0)
(-21.4352 35.9768 0)
(-22.7529 35.1569 0)
(-24.0393 34.2887 0)
(-25.2925 33.3733 0)
(-26.5109 32.4121 0)
(-27.6927 31.4062 0)
(-29.3359 32.0508 0)
(-31.4591 34.3677 0)
(-33.5823 36.6846 0)
(-35.7055 39.0016 0)
(-37.8287 41.3185 0)
(-39.9519 43.6354 0)
(-42.0751 45.9523 0)
(-44.1983 48.2693 0)
(-46.3215 50.5862 0)
(-48.4447 52.9031 0)
(-50.5679 55.22 0)
(-52.6911 57.537 0)
(-54.8142 59.8539 0)
(-56.9374 62.1708 0)
(-59.0606 64.4877 0)
(-61.1838 66.8047 0)
(-63.307 69.1216 0)
(-65.4302 71.4385 0)
(-67.5534 73.7554 0)
(-69.6766 76.0724 0)
(-70.9005 77.0685 0)
(-71.2251 76.7439 0)
(-71.5498 76.4192 0)
(-71.8744 76.0946 0)
(-72.199 75.77 0)
(-72.5237 75.4453 0)
(-72.8483 75.1207 0)
(-73.1729 74.7961 0)
(-73.4976 74.4715 0)
(-73.8222 74.1468 0)
(-74.1468 73.8222 0)
(-74.4715 73.4976 0)
(-74.7961 73.1729 0)
(-75.1207 72.8483 0)
(-75.4453 72.5237 0)
(-75.77 72.199 0)
(-76.0946 71.8744 0)
(-76.4192 71.5498 0)
(-76.7439 71.2251 0)
(-77.0685 70.9005 0)
(-76.0724 69.6766 0)
(-73.7554 67.5534 0)
(-71.4385 65.4302 0)
(-69.1216 63.307 0)
(-66.8047 61.1838 0)
(-64.4877 59.0606 0)
(-62.1708 56.9374 0)
(-59.8539 54.8142 0)
(-57.537 52.6911 0)
(-55.22 50.5679 0)
(-52.9031 48.4447 0)
(-50.5862 46.3215 0)
(-48.2693 44.1983 0)
(-45.9523 42.0751 0)
(-43.6354 39.9519 0)
(-41.3185 37.8287 0)
(-39.0016 35.7055 0)
(-36.6846 33.5823 0)
(-34.3677 31.4591 0)
(-32.0508 29.3359 0)
(-31.4062 27.6927 0)
(-32.4121 26.5109 0)
(-33.3733 25.2925 0)
(-34.2887 24.0393 0)
(-35.1569 22.7529 0)
(-35.9768 21.4352 0)
(-36.7471 20.088 0)
(-37.4669 18.7131 0)
(-38.1352 17.3124 0)
(-38.751 15.8879 0)
(-39.3135 14.4415 0)
(-39.8219 12.9752 0)
(-40.2755 11.491 0)
(-40.6737 9.99103 0)
(-41.0159 8.4773 0)
(-41.3017 6.95191 0)
(-41.5307 5.41696 0)
(-41.7025 3.87457 0)
(-41.817 2.32686 0)
(-41.8739 0.775973 0)
)
;
    }
    top
    {
        type            empty;
    }
    bottom
    {
        type            empty;
    }
}


// ************************************************************************* //
