/*--------------------------------*- C++ -*----------------------------------*\
  =========                 |
  \\      /  F ield         | OpenFOAM: The Open Source CFD Toolbox
   \\    /   O peration     | Website:  https://openfoam.org
    \\  /    A nd           | Version:  10
     \\/     M anipulation  |
\*---------------------------------------------------------------------------*/
FoamFile
{
    format      ascii;
    class       volScalarField;
    location    "33000";
    object      yPlus;
}
// * * * * * * * * * * * * * * * * * * * * * * * * * * * * * * * * * * * * * //

dimensions      [0 0 0 0 0 0 0];

internalField   uniform 0;

boundaryField
{
    right
    {
        type            cyclic;
    }
    left
    {
        type            cyclic;
    }
    outerWall
    {
        type            calculated;
        value           nonuniform List<scalar> 0();
    }
    stirrerWall
    {
        type            calculated;
        value           nonuniform List<scalar> 
398
(
0.183304
0.125629
0.0922508
0.0751797
0.066124
0.0609355
0.0577351
0.0558615
0.055063
0.0552295
0.0562849
0.058175
0.0608376
0.064212
0.0682795
0.0729454
0.0781919
0.0839874
0.0903211
0.097139
0.104342
0.111878
0.119728
0.127646
0.135529
0.143316
0.150886
0.158144
0.164946
0.171162
0.176672
0.181384
0.18525
0.188237
0.190316
0.191778
0.192818
0.193042
0.191745
0.188958
0.185231
0.181651
0.177774
0.173114
0.167791
0.161782
0.155572
0.149203
0.142639
0.136207
0.129924
0.123757
0.117713
0.1118
0.106018
0.10034
0.0946688
0.0891205
0.0838147
0.0787834
0.0740142
0.0694883
0.0651853
0.0610327
0.0570875
0.0532427
0.0496053
0.0461187
0.0428237
0.0398332
0.0372918
0.035257
0.0337506
0.0327338
0.031951
0.0308633
0.028717
0.0247146
0.0180252
0.00522238
0.00522238
0.0139342
0.00590954
0.00823255
0.00995989
0.0126118
0.0153402
0.0178797
0.0198169
0.0211238
0.0218953
0.0222002
0.0221126
0.0217087
0.021057
0.0202153
0.0192336
0.0181514
0.0170074
0.0158469
0.014774
0.0137954
0.0128696
0.0119836
0.0111441
0.0103567
0.0096348
0.00900098
0.00848252
0.00811271
0.00794062
0.00806176
0.0086697
0.00982889
0.0115406
0.0136872
0.0160654
0.0184907
0.0208372
0.0230674
0.0251866
0.0272777
0.029421
0.0315397
0.0337832
0.0361726
0.0389403
0.0420781
0.0459428
0.050873
0.0573644
0.0650264
0.0748067
0.085879
0.0985534
0.113151
0.129659
0.148136
0.168714
0.191486
0.216535
0.243946
0.273833
0.306361
0.34178
0.380445
0.422807
0.469372
0.520638
0.577137
0.639591
0.708999
0.786638
0.873959
0.973574
1.08353
1.20081
1.32324
1.44806
1.57198
1.69635
1.81791
1.93152
2.03536
2.13108
2.21788
2.29757
2.3722
2.44303
2.51181
2.57918
2.64533
2.71034
2.77296
2.8328
2.88839
2.93521
2.97404
3.00771
3.03245
3.04536
3.04797
3.04327
3.03233
3.01559
2.99202
2.9619
2.92579
2.88487
2.83916
2.78852
2.73286
2.67171
2.6041
2.53299
2.45654
2.38154
2.30468
2.22428
2.14095
2.05549
1.96893
1.88228
1.79641
1.71232
1.63121
1.55418
1.48186
0.0197918
0.0330555
0.0215087
0.0172644
0.01916
0.0265163
0.0404935
0.0638604
0.0914569
0.115996
0.13517
0.148369
0.155486
0.157528
0.154264
0.146659
0.139284
0.131814
0.123911
0.115592
0.106935
0.0980304
0.0891287
0.0804383
0.072112
0.0643768
0.0573117
0.0509954
0.0456476
0.0415133
0.0389947
0.0399836
0.0513717
0.0743633
0.109694
0.150659
0.188578
0.218194
0.240614
0.261459
0.285183
0.314175
0.345141
0.376362
0.405742
0.434043
0.461817
0.488123
0.51922
0.55497
0.603323
0.680025
0.794054
0.981899
1.4334
2.5248
4.35454
6.56256
8.61462
10.0371
10.4709
10.4921
11.0938
11.2417
9.36058
9.63252
9.94455
11.1239
11.7393
9.93964
10.4687
11.6584
12.1071
12.481
12.5694
11.1964
12.2131
10.8789
11.5313
11.9322
13.2198
13.0565
11.7716
13.0301
11.5983
11.9118
12.1012
11.6562
11.8222
11.9883
12.1538
12.3191
12.4845
12.6502
12.8165
12.9836
13.1517
13.3209
13.4916
13.6637
13.8376
14.0136
14.1921
14.3736
14.5577
14.745
14.9356
15.1295
15.326
15.523
0.0197918
0.0566085
0.0827371
0.113226
0.118999
0.117378
0.120254
0.124741
0.137937
0.158301
0.183554
0.213646
0.248402
0.287879
0.332042
0.3809
0.434419
0.492362
0.554403
0.62033
0.689777
0.76238
0.837898
0.916283
0.997791
1.08419
1.18059
1.28044
1.37947
1.47706
1.57292
1.66639
1.75794
1.84911
1.94113
2.02688
2.11202
2.20226
2.29863
2.39596
2.51031
2.58042
2.60748
2.65309
2.68996
2.72332
2.76522
2.80498
2.84329
2.88503
2.9328
2.9894
3.05787
3.1371
3.22506
3.32203
3.42719
3.54012
3.65864
3.7766
3.88411
3.96816
4.00087
3.94169
3.74629
3.38018
2.84029
2.19035
1.58415
1.16973
0.946992
0.784088
0.70813
0.728763
0.706783
0.623725
0.534228
0.446366
0.355977
0.264413
)
;
    }
    top
    {
        type            empty;
    }
    bottom
    {
        type            empty;
    }
    procBoundary1to0
    {
        type            processor;
        value           uniform 0;
    }
}


// ************************************************************************* //
