/*--------------------------------*- C++ -*----------------------------------*\
  =========                 |
  \\      /  F ield         | OpenFOAM: The Open Source CFD Toolbox
   \\    /   O peration     | Website:  https://openfoam.org
    \\  /    A nd           | Version:  10
     \\/     M anipulation  |
\*---------------------------------------------------------------------------*/
FoamFile
{
    format      ascii;
    class       volScalarField;
    location    "8000";
    object      yPlus;
}
// * * * * * * * * * * * * * * * * * * * * * * * * * * * * * * * * * * * * * //

dimensions      [0 0 0 0 0 0 0];

internalField   uniform 0;

boundaryField
{
    right
    {
        type            cyclic;
    }
    left
    {
        type            cyclic;
    }
    outerWall
    {
        type            calculated;
        value           nonuniform List<scalar> 0();
    }
    stirrerWall
    {
        type            calculated;
        value           nonuniform List<scalar> 
398
(
0.00980798
0.00966026
0.00981683
0.00946926
0.00926108
0.00881764
0.00845209
0.00811398
0.00783617
0.00758411
0.00737034
0.00720975
0.00710677
0.00704508
0.00700136
0.00696209
0.00693981
0.0069426
0.00696613
0.00700721
0.00706044
0.00712445
0.00718899
0.0072462
0.0072916
0.00732512
0.0073527
0.00736985
0.00736646
0.00733517
0.00727649
0.00718567
0.00703181
0.00681274
0.00650502
0.00616135
0.00580005
0.0054442
0.00508242
0.0047243
0.0043947
0.00408966
0.00379482
0.00351924
0.00326699
0.0030418
0.00283414
0.00264202
0.00246867
0.00231588
0.00218454
0.0020764
0.00199321
0.00193815
0.00191446
0.00192564
0.00197679
0.00206771
0.00219499
0.00235237
0.00253705
0.00274357
0.0029643
0.00319222
0.00342046
0.00364003
0.00384216
0.0040189
0.00416405
0.00427171
0.00433513
0.00434694
0.00429972
0.0041847
0.00399162
0.00370867
0.00332119
0.00279387
0.00202305
0.000583842
0.000583842
0.00155484
0.000605413
0.000728662
0.000680598
0.000663982
0.000634396
0.000602257
0.000569155
0.000537617
0.000509315
0.000485434
0.000466675
0.000453298
0.000445263
0.000442418
0.000444527
0.000450945
0.000460438
0.000471553
0.000483602
0.000497043
0.000512862
0.000531164
0.000551408
0.000573432
0.000597585
0.0006242
0.000651638
0.0006775
0.000699874
0.000720628
0.00074578
0.000765479
0.000804299
0.000884631
0.000904171
0.00108337
0.00125827
0.00121395
0.00172143
0.00182219
0.00182163
0.00312612
0.00323052
0.003624
0.00522824
0.00413193
0.0067777
0.00507761
0.00423673
0.00409004
0.00340622
0.00440716
0.00380714
0.00506612
0.00411335
0.00535119
0.00471815
0.00403607
0.00420338
0.00327761
0.00430529
0.00503547
0.00580085
0.00775179
0.00989223
0.0122345
0.0157279
0.0146472
0.0174786
0.015793
0.0124511
0.0182503
0.00992473
0.0164255
0.00794493
0.0123992
0.00939858
0.0156087
0.0210056
0.0136406
0.0167254
0.0291022
0.0171403
0.026223
0.0194116
0.0176309
0.0244338
0.0132547
0.0176962
0.0142104
0.0103931
0.0133508
0.00789373
0.00711915
0.00514264
0.00949955
0.00866544
0.0075271
0.00901168
0.0111705
0.00703527
0.00892957
0.00898684
0.00805219
0.00943768
0.0091164
0.0117043
0.0141882
0.0124974
0.0107331
0.0108171
0.0114519
0.0122467
0.0125363
0.0129625
0.012716
0.012036
0.0115521
0.0108251
0.00954377
0.00808138
0.00702327
0.00618948
0.00565169
0.00540939
0.00541383
0.000177754
0.000397559
0.00026021
0.000188102
0.000153549
0.000131912
0.000115059
0.000101963
9.23139e-05
8.57029e-05
8.12443e-05
7.77352e-05
7.47807e-05
7.24485e-05
7.07691e-05
6.97885e-05
6.95708e-05
7.01407e-05
7.14306e-05
7.3325e-05
7.5658e-05
7.82156e-05
8.07532e-05
8.30131e-05
8.47484e-05
8.57894e-05
8.60229e-05
8.53742e-05
8.37983e-05
8.13061e-05
7.79706e-05
7.39243e-05
6.92998e-05
6.41982e-05
5.86628e-05
5.29335e-05
4.63365e-05
4.02648e-05
4.0146e-05
7.71361e-05
0.00020642
0.000474425
0.000816405
0.00118962
0.00117972
0.0016766
0.00272085
0.00445597
0.00793881
0.00884951
0.00960513
0.00449556
0.00595493
0.00357734
0.006346
0.00448995
0.00489084
0.00365135
0.00388308
0.00647694
0.00964858
0.0246559
0.0172755
0.029647
0.0134484
0.0147893
0.0103868
0.0241176
0.0113817
0.0174748
0.0187972
0.0130704
0.0193816
0.0181675
0.0182016
0.0227549
0.0214253
0.0258012
0.0285807
0.0324859
0.0366011
0.0408424
0.0454653
0.0502997
0.0555245
0.0610346
0.0667872
0.072847
0.0792678
0.0860324
0.0930948
0.100468
0.108207
0.116292
0.12475
0.133614
0.142882
0.152597
0.162842
0.173639
0.184993
0.196957
0.209591
0.22295
0.237071
0.251974
0.267681
0.284231
0.30167
0.320036
0.000177754
0.000525228
0.000748332
0.000970463
0.00115197
0.0011155
0.000934012
0.000790536
0.000762371
0.000860095
0.00106004
0.000952241
0.000717083
0.000551422
0.000423178
0.000319354
0.000228238
0.00023497
0.00021921
0.000194083
0.000174047
0.000194635
0.000200497
0.000200236
0.000198479
0.000217998
0.000233687
0.000245727
0.000263744
0.000292989
0.000325585
0.000370573
0.000438968
0.000539014
0.000666052
0.000801468
0.000934476
0.00106943
0.00120826
0.00134574
0.00147935
0.00160953
0.00173601
0.00185841
0.00197695
0.00209228
0.00220527
0.00231726
0.00242966
0.00254375
0.00266128
0.00278457
0.0029155
0.00305508
0.00320298
0.00335857
0.00351996
0.00368253
0.00384041
0.00398899
0.00412881
0.00426181
0.00441208
0.00458589
0.00481595
0.00498406
0.00537786
0.00572206
0.00627486
0.00693425
0.00758417
0.00738104
0.00760664
0.00739225
0.00761541
0.00785823
0.00810069
0.00869553
0.0090736
0.00947588
)
;
    }
    top
    {
        type            empty;
    }
    bottom
    {
        type            empty;
    }
    procBoundary1to0
    {
        type            processor;
        value           uniform 0;
    }
}


// ************************************************************************* //
