/*--------------------------------*- C++ -*----------------------------------*\
  =========                 |
  \\      /  F ield         | OpenFOAM: The Open Source CFD Toolbox
   \\    /   O peration     | Website:  https://openfoam.org
    \\  /    A nd           | Version:  10
     \\/     M anipulation  |
\*---------------------------------------------------------------------------*/
FoamFile
{
    format      ascii;
    class       surfaceScalarField;
    location    "300";
    object      phi;
}
// * * * * * * * * * * * * * * * * * * * * * * * * * * * * * * * * * * * * * //

dimensions      [0 3 -1 0 0 0 0];

internalField   nonuniform List<scalar> 
3880
(
8.94737e-06
-1.47663e-05
1.00981e-05
2.48519e-05
1.67178e-05
4.9415e-05
2.44936e-05
6.78383e-05
3.22385e-05
8.03822e-05
3.94529e-05
8.64665e-05
4.57535e-05
8.76493e-05
5.04233e-05
8.50287e-05
5.31015e-05
7.8971e-05
5.33244e-05
6.98211e-05
5.08315e-05
5.85616e-05
4.55541e-05
4.66161e-05
3.84897e-05
3.64847e-05
3.28609e-05
2.85627e-05
2.92194e-05
1.91059e-05
2.31539e-05
1.97402e-06
1.83838e-05
-2.96328e-05
1.3987e-05
-6.18692e-05
1.0473e-05
-9.3068e-05
-0.000121753
8.26127e-06
4.00326e-06
-1.87388e-05
5.85615e-06
2.30322e-05
1.09898e-05
4.42817e-05
1.81831e-05
6.06419e-05
2.70033e-05
7.15886e-05
3.61319e-05
7.73203e-05
4.45278e-05
7.92227e-05
5.12665e-05
7.82573e-05
5.57371e-05
7.44923e-05
5.72338e-05
6.83532e-05
5.5896e-05
5.99277e-05
5.19023e-05
5.05777e-05
4.66253e-05
4.16681e-05
4.30791e-05
3.19895e-05
4.10829e-05
2.09809e-05
3.54571e-05
7.45022e-06
2.93106e-05
-2.35116e-05
2.37116e-05
-5.62588e-05
1.91859e-05
-8.84887e-05
-0.000118608
1.6091e-05
3.25024e-06
-2.20325e-05
7.66386e-06
1.86118e-05
1.27405e-05
3.92214e-05
1.96952e-05
5.36834e-05
2.82254e-05
6.30408e-05
3.72629e-05
6.8265e-05
4.58603e-05
7.06073e-05
5.322e-05
7.09091e-05
5.86241e-05
6.90994e-05
6.14841e-05
6.54806e-05
6.18507e-05
5.95576e-05
5.9987e-05
5.24527e-05
5.7181e-05
4.45166e-05
5.45257e-05
3.46959e-05
5.13681e-05
2.41622e-05
4.61369e-05
1.27526e-05
3.83752e-05
-1.57175e-05
3.23897e-05
-5.02905e-05
2.75695e-05
-8.37073e-05
-0.000115102
2.40177e-05
3.37826e-06
-2.54191e-05
9.66598e-06
1.23619e-05
1.57016e-05
3.31266e-05
2.30088e-05
4.63358e-05
3.12293e-05
5.47899e-05
3.98299e-05
5.97065e-05
4.81884e-05
6.22706e-05
5.5759e-05
6.33263e-05
6.17477e-05
6.30955e-05
6.56977e-05
6.1524e-05
6.74705e-05
5.77961e-05
6.71424e-05
5.27647e-05
6.5735e-05
4.58916e-05
6.348e-05
3.69628e-05
6.03506e-05
2.73688e-05
5.65414e-05
1.65834e-05
4.78719e-05
-7.16938e-06
4.16298e-05
-4.42041e-05
3.6593e-05
-7.87478e-05
-0.000111159
3.26279e-05
3.30543e-06
-2.87318e-05
1.0331e-05
5.35425e-06
1.75538e-05
2.58364e-05
2.55296e-05
3.83705e-05
3.38003e-05
4.64797e-05
4.21274e-05
5.13907e-05
5.02041e-05
5.42058e-05
5.77349e-05
5.57957e-05
6.42014e-05
5.66247e-05
6.9077e-05
5.66169e-05
7.19526e-05
5.48766e-05
7.29331e-05
5.17422e-05
7.26199e-05
4.61838e-05
7.1125e-05
3.84362e-05
6.87352e-05
2.97138e-05
6.6032e-05
1.91803e-05
5.78718e-05
8.67251e-07
5.17433e-05
-3.81866e-05
4.65165e-05
-7.35596e-05
-0.000106621
4.19686e-05
2.84191e-06
-3.15869e-05
9.70343e-06
-1.49761e-06
1.7994e-05
1.74718e-05
2.68018e-05
2.95983e-05
3.54054e-05
3.78262e-05
4.36643e-05
4.31109e-05
5.15023e-05
4.63517e-05
5.88479e-05
4.84331e-05
6.55182e-05
4.99315e-05
7.11165e-05
5.09729e-05
7.49987e-05
5.09391e-05
7.7189e-05
4.94751e-05
7.78164e-05
4.54653e-05
7.72072e-05
3.89857e-05
7.60333e-05
3.08563e-05
7.45905e-05
2.05881e-05
6.80064e-05
7.39697e-06
6.20031e-05
-3.22323e-05
5.66562e-05
-6.823e-05
-0.000101537
5.1583e-05
2.24164e-06
-3.3854e-05
8.33435e-06
-7.556e-06
1.72082e-05
8.50793e-06
2.68162e-05
2.00172e-05
3.59097e-05
2.86698e-05
4.42549e-05
3.47267e-05
5.18892e-05
3.86853e-05
5.89674e-05
4.13273e-05
6.55635e-05
4.32843e-05
7.14894e-05
4.49612e-05
7.62284e-05
4.61224e-05
7.94801e-05
4.61752e-05
8.10512e-05
4.38729e-05
8.13325e-05
3.87167e-05
8.09861e-05
3.12143e-05
8.08081e-05
2.07702e-05
7.75065e-05
1.06887e-05
7.18484e-05
-2.65417e-05
6.64524e-05
-6.27954e-05
-9.59036e-05
6.08596e-05
1.58451e-06
-3.54734e-05
6.62337e-06
-1.25281e-05
1.54676e-05
-4.44649e-07
2.55939e-05
9.90518e-06
3.51458e-05
1.90514e-05
4.36772e-05
2.61543e-05
5.12058e-05
3.11223e-05
5.80217e-05
3.44892e-05
6.43821e-05
3.68893e-05
7.03179e-05
3.8979e-05
7.55476e-05
4.08675e-05
7.96904e-05
4.20317e-05
8.22451e-05
4.1339e-05
8.37028e-05
3.72883e-05
8.40677e-05
3.0867e-05
8.47324e-05
2.01257e-05
8.46475e-05
1.08056e-05
7.98524e-05
-2.17072e-05
7.47377e-05
-5.76718e-05
-8.99447e-05
6.8759e-05
1.0464e-06
-3.65505e-05
4.98778e-06
-1.63872e-05
1.30374e-05
-8.60766e-06
2.31345e-05
-1.76151e-07
3.28948e-05
9.23346e-06
4.16118e-05
1.74011e-05
4.91747e-05
2.35348e-05
5.57903e-05
2.78603e-05
6.17812e-05
3.08769e-05
6.74656e-05
3.3271e-05
7.28948e-05
3.54302e-05
7.77366e-05
3.71845e-05
8.13451e-05
3.77348e-05
8.42109e-05
3.44271e-05
8.59196e-05
2.91646e-05
8.77614e-05
1.82773e-05
8.91973e-05
9.34608e-06
8.54252e-05
-1.79938e-05
8.057e-05
-5.28862e-05
-8.36031e-05
7.41675e-05
5.04219e-07
-3.70785e-05
3.54411e-06
-1.93515e-05
1.05117e-05
-1.56753e-05
1.97162e-05
-9.36465e-06
2.90406e-05
-1.33359e-07
3.77157e-05
8.68787e-06
4.53707e-05
1.58571e-05
5.19029e-05
2.13099e-05
5.75656e-05
2.519e-05
6.28503e-05
2.79616e-05
6.81236e-05
3.01358e-05
7.32798e-05
3.20068e-05
7.78016e-05
3.32037e-05
8.16116e-05
3.06108e-05
8.46717e-05
2.60985e-05
8.7223e-05
1.56742e-05
8.93499e-05
7.13724e-06
8.70526e-05
-1.578e-05
8.25457e-05
-4.84144e-05
-7.68156e-05
7.5766e-05
-1.66692e-07
-3.69387e-05
2.14137e-06
-2.16044e-05
7.9775e-06
-2.15893e-05
1.56908e-05
-1.70773e-05
2.38999e-05
-8.3703e-06
3.19452e-05
6.02811e-07
3.94329e-05
8.3592e-06
4.58891e-05
1.48383e-05
5.13085e-05
1.97574e-05
5.61413e-05
2.31208e-05
6.10265e-05
2.52389e-05
6.62253e-05
2.68038e-05
7.13943e-05
2.80488e-05
7.56935e-05
2.63382e-05
7.97638e-05
2.2057e-05
8.28123e-05
1.26098e-05
8.52216e-05
4.70487e-06
8.39766e-05
-1.45014e-05
7.97737e-05
-4.4139e-05
-6.90644e-05
7.20877e-05
-9.69199e-07
-3.60058e-05
4.4132e-07
-2.29782e-05
4.70758e-06
-2.59128e-05
1.05447e-05
-2.29358e-05
1.74392e-05
-1.52765e-05
2.44575e-05
-6.44832e-06
3.10446e-05
1.79052e-06
3.71927e-05
8.69499e-06
4.23856e-05
1.45713e-05
4.67512e-05
1.87756e-05
5.10763e-05
2.09466e-05
5.60701e-05
2.18547e-05
6.15474e-05
2.26192e-05
6.66397e-05
2.13046e-05
7.14814e-05
1.72775e-05
7.51098e-05
9.03392e-06
7.74317e-05
2.44589e-06
7.64539e-05
-1.34633e-05
7.18487e-05
-3.95233e-05
-5.9678e-05
6.24215e-05
-1.91195e-06
-3.41344e-05
-1.78907e-06
-2.30775e-05
3.28966e-07
-2.80694e-05
4.00139e-06
-2.66427e-05
9.04224e-06
-2.03146e-05
1.47923e-05
-1.22312e-05
2.00633e-05
-3.44755e-06
2.53685e-05
3.41393e-06
3.01388e-05
9.82412e-06
3.39114e-05
1.50339e-05
3.74478e-05
1.7451e-05
4.18689e-05
1.74866e-05
4.71809e-05
1.73424e-05
5.2758e-05
1.57402e-05
5.80345e-05
1.19868e-05
6.18818e-05
5.1686e-06
6.41151e-05
1.81141e-07
6.32274e-05
-1.26903e-05
5.65809e-05
-3.30072e-05
-4.75083e-05
4.43143e-05
-2.98323e-06
-3.11836e-05
-4.68432e-06
-2.13738e-05
-5.18812e-06
-2.75919e-05
-3.83713e-06
-2.80303e-05
-6.02356e-07
-2.35479e-05
3.29588e-06
-1.61885e-05
7.07531e-06
-7.23461e-06
1.10182e-05
-5.20533e-07
1.46999e-05
6.16229e-06
1.72425e-05
1.25055e-05
1.93333e-05
1.53461e-05
2.2607e-05
1.41783e-05
2.75495e-05
1.23527e-05
3.30889e-05
1.01682e-05
3.81261e-05
6.90222e-06
4.14024e-05
1.81013e-06
4.28939e-05
-1.41246e-06
4.00619e-05
-9.95383e-06
3.05786e-05
-2.35455e-05
-3.32228e-05
1.63095e-05
-3.9975e-06
-2.72048e-05
-7.74559e-06
-1.76606e-05
-1.11373e-05
-2.4233e-05
-1.31257e-05
-2.60921e-05
-1.25322e-05
-2.41674e-05
-9.59503e-06
-1.92028e-05
-5.35542e-06
-1.15362e-05
-1.85286e-06
-4.06216e-06
-7.61868e-07
5.0704e-06
-1.25388e-06
1.30141e-05
-2.42648e-06
1.65128e-05
-1.91211e-06
1.36584e-05
1.39254e-06
9.07787e-06
6.24041e-06
5.41198e-06
1.02692e-05
2.97422e-06
1.1354e-05
7.56346e-07
9.81192e-06
7.15946e-08
2.82583e-06
-3.04236e-06
-8.84768e-06
-1.19896e-05
-2.02951e-05
-2.19621e-05
-4.84676e-06
-2.23736e-05
-1.02611e-05
-1.23222e-05
-1.60041e-05
-1.85376e-05
-2.14113e-05
-2.07702e-05
-2.54796e-05
-2.01359e-05
-2.76095e-05
-1.71232e-05
-2.67863e-05
-1.23837e-05
-2.33898e-05
-7.45242e-06
-1.92114e-05
9.33495e-07
-1.67041e-05
1.05605e-05
-1.7595e-05
1.7461e-05
-2.33307e-05
1.94338e-05
-2.74452e-05
1.3247e-05
-2.62063e-05
4.2422e-06
-2.5214e-05
1.97373e-06
-2.90453e-05
4.47229e-06
-3.70408e-05
7.9465e-06
-5.03625e-05
1.02575e-05
-6.25725e-05
3.1294e-07
-2.23474e-05
-6.03921e-05
-5.41986e-06
-1.69861e-05
-1.15953e-05
-6.25178e-06
-1.84123e-05
-1.17449e-05
-2.58839e-05
-1.34188e-05
-3.30209e-05
-1.30031e-05
-3.94989e-05
-1.0616e-05
-4.50591e-05
-6.78838e-06
-4.99568e-05
-2.56042e-06
-5.13974e-05
2.3209e-06
-5.11755e-05
1.02599e-05
-4.96747e-05
1.59365e-05
-4.51728e-05
1.4927e-05
-4.15145e-05
9.57139e-06
-4.42803e-05
7.03262e-06
-5.15773e-05
9.26573e-06
-6.02206e-05
1.31029e-05
-6.60291e-05
1.37666e-05
-6.44664e-05
8.58633e-06
-5.52908e-05
-9.07022e-06
-3.56795e-05
-4.21333e-05
-5.73363e-06
-1.13036e-05
-1.13551e-05
-7.55636e-07
-1.76004e-05
-5.42199e-06
-2.48462e-05
-6.28666e-06
-3.22015e-05
-5.76104e-06
-3.9054e-05
-3.90232e-06
-4.49931e-05
-9.545e-07
-5.00998e-05
2.52529e-06
-5.36392e-05
5.90969e-06
-5.3233e-05
9.87596e-06
-4.91884e-05
1.19182e-05
-4.31113e-05
8.92033e-06
-3.93843e-05
5.90711e-06
-3.89679e-05
6.56992e-06
-3.7112e-05
7.26745e-06
-3.36149e-05
9.57281e-06
-3.31087e-05
1.32781e-05
-3.37678e-05
9.13468e-06
-3.22824e-05
-1.06198e-05
-3.70746e-05
-3.07925e-05
-5.98217e-06
-5.35786e-06
-9.27592e-06
2.39743e-06
-1.39858e-05
-7.60081e-07
-1.92931e-05
-1.1594e-06
-2.38639e-05
-1.27851e-06
-2.69336e-05
-8.73783e-07
-2.80786e-05
1.61909e-07
-2.72475e-05
1.63126e-06
-2.46043e-05
3.19573e-06
-1.93492e-05
4.56287e-06
-1.36348e-05
6.19718e-06
-1.13122e-05
6.64213e-06
-1.25998e-05
7.27437e-06
-1.35866e-05
7.61407e-06
-1.19108e-05
5.63691e-06
-5.77014e-06
3.48362e-06
3.25419e-06
4.25422e-06
9.98655e-06
2.32171e-06
6.09136e-06
-7.0206e-06
-1.97061e-05
-1.16232e-05
-5.35754e-06
-3.07964e-06
-3.92283e-06
-5.13983e-06
-6.4178e-06
-7.28245e-06
-7.12567e-06
-5.49238e-06
-2.27834e-06
2.28641e-06
8.47489e-06
1.51067e-05
2.23687e-05
2.99644e-05
3.5603e-05
3.90554e-05
4.32584e-05
4.56506e-05
3.87423e-05
1.90384e-05
7.21851e-06
-0.000148727
6.61484e-06
-0.000177732
5.38804e-06
-0.000205074
3.54206e-06
-0.00023493
1.88724e-06
-0.00026992
7.61981e-07
-0.000307008
5.57818e-08
-0.000345067
-3.18623e-07
-0.000385043
-4.41323e-07
-0.000427262
-4.03758e-07
-0.000471468
-3.06602e-07
-0.00051746
-1.79114e-07
-0.000565255
-9.46027e-08
-0.000614787
5.49526e-08
-0.000666082
9.19977e-08
-0.000718078
3.48209e-07
-0.000775521
5.58709e-07
-0.00082358
1.24867e-06
-0.000916795
4.11996e-06
-0.000895167
-0.00121269
1.41926e-05
-0.000146819
1.27023e-05
-0.000176287
1.07586e-05
-0.000203215
8.4104e-06
-0.000232672
6.36421e-06
-0.000267945
4.77073e-06
-0.000305464
3.55603e-06
-0.000343884
2.66557e-06
-0.000384151
2.07345e-06
-0.000426589
1.70677e-06
-0.000470939
1.45571e-06
-0.000517011
1.29955e-06
-0.000564891
1.13811e-06
-0.000614426
1.09313e-06
-0.000665882
8.96694e-07
-0.000717794
9.64369e-07
-0.00077557
9.6295e-07
-0.000823625
1.1584e-06
-0.000917054
3.19071e-06
-0.000897253
-0.00120954
2.15155e-05
-0.000144331
1.92695e-05
-0.000174078
1.65676e-05
-0.000200572
1.35901e-05
-0.00022975
1.09786e-05
-0.000265382
8.82672e-06
-0.000303348
7.06673e-06
-0.000342124
5.67271e-06
-0.000382718
4.61148e-06
-0.000425473
3.80972e-06
-0.000470087
3.17376e-06
-0.00051633
2.70584e-06
-0.000564366
2.27339e-06
-0.000613936
2.01802e-06
-0.000665614
1.58055e-06
-0.000717398
1.47988e-06
-0.000775539
1.19539e-06
-0.000823415
1.05856e-06
-0.000916951
2.69526e-06
-0.000898916
-0.00120686
2.9424e-05
-0.000141121
2.62364e-05
-0.000170917
2.25609e-05
-0.000196947
1.87765e-05
-0.000226004
1.55062e-05
-0.000262117
1.27607e-05
-0.000300596
1.044e-05
-0.000339825
8.52327e-06
-0.000380871
6.99342e-06
-0.000424041
5.78467e-06
-0.000468985
4.79863e-06
-0.00051545
4.03675e-06
-0.000563694
3.33454e-06
-0.000613315
2.87504e-06
-0.000665252
2.20895e-06
-0.000716834
1.9867e-06
-0.000775387
1.55683e-06
-0.000823014
1.45683e-06
-0.000916842
2.50654e-06
-0.000899968
-0.00120436
3.78697e-05
-0.000137018
3.35127e-05
-0.00016657
2.86346e-05
-0.000192057
2.38896e-05
-0.000221209
1.98653e-05
-0.000258039
1.64524e-05
-0.000297173
1.35407e-05
-0.000336964
1.11189e-05
-0.000378538
9.16802e-06
-0.000422177
7.60441e-06
-0.000467498
6.31086e-06
-0.000514231
5.28389e-06
-0.000562737
4.33156e-06
-0.000612433
3.68394e-06
-0.000664692
2.79552e-06
-0.000716018
2.45429e-06
-0.000775089
1.81089e-06
-0.000822354
1.5357e-06
-0.000916541
1.93427e-06
-0.000900378
-0.00120244
4.6515e-05
-0.000131906
4.07841e-05
-0.000160786
3.44778e-05
-0.000185689
2.86416e-05
-0.000215307
2.38131e-05
-0.00025316
1.97221e-05
-0.000293062
1.62454e-05
-0.000333489
1.33674e-05
-0.000375656
1.10466e-05
-0.000419819
9.17184e-06
-0.000465566
7.609e-06
-0.000512616
6.3543e-06
-0.000561438
5.19164e-06
-0.000611246
4.39704e-06
-0.000663907
3.31068e-06
-0.000714932
2.93612e-06
-0.0007747
1.99126e-06
-0.000821374
1.49606e-06
-0.000916036
1.66394e-06
-0.000900579
-0.00120082
5.47156e-05
-0.000125721
4.74088e-05
-0.000153457
3.95207e-05
-0.000177795
3.25978e-05
-0.000208391
2.70339e-05
-0.000247612
2.23376e-05
-0.000288385
1.83768e-05
-0.000329545
1.51206e-05
-0.000372399
1.24954e-05
-0.000417159
1.03655e-05
-0.000463384
8.58822e-06
-0.000510783
7.16409e-06
-0.000559956
5.85462e-06
-0.00060989
4.97867e-06
-0.000663008
3.7301e-06
-0.000713662
3.42892e-06
-0.000774358
2.04289e-06
-0.000819957
1.54619e-06
-0.000915551
1.83964e-06
-0.000900929
-0.00119903
6.15101e-05
-0.000118506
5.25013e-05
-0.000144496
4.30507e-05
-0.000168399
3.52668e-05
-0.000200667
2.91997e-05
-0.000241615
2.40779e-05
-0.000283334
1.97892e-05
-0.000325328
1.6287e-05
-0.000368965
1.34652e-05
-0.000414394
1.11714e-05
-0.000461143
9.25733e-06
-0.000508915
7.7257e-06
-0.000558455
6.32101e-06
-0.000608512
5.40742e-06
-0.000662113
4.08099e-06
-0.00071234
3.77027e-06
-0.000774026
2.07594e-06
-0.000818251
1.64775e-06
-0.000915152
2.05701e-06
-0.000901412
-0.00119703
6.57013e-05
-0.000110074
5.49359e-05
-0.000133744
4.42472e-05
-0.00015771
3.61379e-05
-0.000192546
2.99717e-05
-0.000235423
2.47072e-05
-0.000278031
2.0318e-05
-0.000320896
1.67509e-05
-0.000365362
1.38765e-05
-0.000411498
1.15339e-05
-0.000458804
9.57305e-06
-0.000506981
7.99937e-06
-0.00055692
6.55137e-06
-0.000607117
5.63621e-06
-0.000661242
4.33781e-06
-0.000711061
4.08045e-06
-0.000773769
2.16238e-06
-0.000816337
1.82774e-06
-0.000914852
2.28846e-06
-0.000901948
-0.00119478
6.593e-05
-0.00010019
5.35131e-05
-0.000121251
4.23711e-05
-0.000146457
3.47878e-05
-0.000184823
2.90412e-05
-0.000229516
2.39897e-05
-0.000272799
1.97786e-05
-0.000316512
1.63584e-05
-0.000361792
1.36028e-05
-0.00040862
1.13523e-05
-0.000456468
9.45837e-06
-0.000505043
7.9306e-06
-0.000555382
6.51356e-06
-0.000605721
5.62125e-06
-0.000660376
4.26476e-06
-0.000709703
4.1862e-06
-0.000773684
2.24616e-06
-0.000814396
2.08123e-06
-0.000914713
2.53461e-06
-0.00090246
-0.00119226
6.06055e-05
-8.86598e-05
4.71789e-05
-0.000107786
3.70416e-05
-0.000136278
3.10625e-05
-0.000178818
2.62968e-05
-0.000224779
2.1863e-05
-0.000268411
1.81502e-05
-0.000312862
1.51159e-05
-0.000358822
1.26625e-05
-0.000406205
1.06448e-05
-0.00045447
8.92774e-06
-0.000503341
7.53247e-06
-0.000554003
6.22539e-06
-0.000604437
5.41724e-06
-0.000659582
4.12795e-06
-0.000708392
4.14626e-06
-0.000773678
2.21183e-06
-0.000812446
2.36347e-06
-0.000914872
2.819e-06
-0.000902945
-0.00118945
4.90633e-05
-7.53944e-05
3.56599e-05
-9.45085e-05
2.85311e-05
-0.000129303
2.51019e-05
-0.000175573
2.18018e-05
-0.000221685
1.84113e-05
-0.000265202
1.55348e-05
-0.000310144
1.31377e-05
-0.000356544
1.11663e-05
-0.000404301
9.50428e-06
-0.000452853
8.05251e-06
-0.000501926
6.85698e-06
-0.000552836
5.717e-06
-0.00060332
5.02175e-06
-0.00065889
3.85562e-06
-0.00070719
4.02379e-06
-0.000773809
2.08055e-06
-0.000810473
2.63124e-06
-0.000915412
2.94041e-06
-0.000903257
-0.00118651
2.97234e-05
-6.08708e-05
1.95773e-05
-8.43914e-05
1.78243e-05
-0.000127509
1.74494e-05
-0.000175115
1.59622e-05
-0.000220078
1.39785e-05
-0.000263103
1.21884e-05
-0.000308272
1.06034e-05
-0.000354874
9.2389e-06
-0.00040285
8.02245e-06
-0.000451591
6.90455e-06
-0.000500796
5.95975e-06
-0.000551892
5.02863e-06
-0.000602396
4.45715e-06
-0.000658309
3.46195e-06
-0.000706151
3.73194e-06
-0.000774032
1.8319e-06
-0.000808537
2.9149e-06
-0.000916471
2.75205e-06
-0.000903081
-0.00118375
3.74506e-06
-4.82637e-05
1.84809e-06
-8.24703e-05
6.583e-06
-0.00013223
8.98376e-06
-0.000177525
9.40712e-06
-0.000220536
8.99662e-06
-0.000262764
8.40538e-06
-0.000307765
7.71999e-06
-0.000354215
7.02193e-06
-0.000402137
6.29793e-06
-0.000450867
5.55633e-06
-0.000500058
4.89332e-06
-0.000551224
4.19688e-06
-0.000601698
3.74336e-06
-0.000657843
2.95464e-06
-0.000705325
3.24528e-06
-0.000774286
1.43452e-06
-0.000806702
2.9263e-06
-0.000917947
2.57289e-06
-0.000902721
-0.00118117
-2.38145e-05
-4.66399e-05
-1.35476e-05
-9.29112e-05
-3.75854e-06
-0.000142152
7.01639e-07
-0.000182082
2.97466e-06
-0.000222869
4.09914e-06
-0.000263946
4.65767e-06
-0.000308352
4.83456e-06
-0.000354361
4.76241e-06
-0.00040203
4.50474e-06
-0.000450616
4.12985e-06
-0.000499693
3.74151e-06
-0.000550832
3.2801e-06
-0.000601237
2.92839e-06
-0.00065749
2.37934e-06
-0.00070476
2.58657e-06
-0.000774477
9.5085e-07
-0.000805063
2.70491e-06
-0.000919711
1.96051e-06
-0.000901973
-0.00117921
-4.21298e-05
-6.48513e-05
-2.31862e-05
-0.000111757
-1.17574e-05
-0.000153462
-5.92793e-06
-0.000187831
-2.25852e-06
-0.000226498
8.94395e-09
-0.0002662
1.40858e-06
-0.000309735
2.23852e-06
-0.000355152
2.65579e-06
-0.000402423
2.7855e-06
-0.000450754
2.73347e-06
-0.000499633
2.58471e-06
-0.000550661
2.33328e-06
-0.000600975
2.05974e-06
-0.000657209
1.76327e-06
-0.000704458
1.76187e-06
-0.000774469
4.18985e-07
-0.000803721
2.26807e-06
-0.000921581
-4.06787e-07
-0.000899289
-0.00117961
-3.18515e-05
-7.53453e-05
-2.14701e-05
-0.000122299
-1.44039e-05
-0.000160589
-9.22885e-06
-0.000193056
-5.4515e-06
-0.000230348
-2.77399e-06
-0.000268904
-1.02644e-06
-0.000311473
1.50171e-07
-0.000356301
8.68024e-07
-0.000403125
1.269e-06
-0.000451158
1.46642e-06
-0.000499804
1.49805e-06
-0.000550667
1.40385e-06
-0.000600888
1.16481e-06
-0.000656969
1.09988e-06
-0.000704408
7.31392e-07
-0.000774124
-8.23577e-08
-0.000802912
1.56394e-06
-0.000923242
-3.11837e-06
-0.000894622
-0.00118272
-2.67006e-05
-7.92595e-05
-1.83526e-05
-0.000130612
-1.31712e-05
-0.000165809
-8.9038e-06
-0.000197348
-6.09639e-06
-0.00023317
-3.93553e-06
-0.000271053
-2.46662e-06
-0.000312956
-1.33612e-06
-0.00035744
-5.3203e-07
-0.000403924
-1.85961e-10
-0.000451699
3.65341e-07
-0.000500129
5.13341e-07
-0.00055078
5.49746e-07
-0.00060096
2.31579e-07
-0.000656655
4.4055e-07
-0.00070462
-6.79969e-07
-0.000773048
-3.97294e-07
-0.000803195
1.82806e-07
-0.000923831
-4.4276e-06
-0.000890061
-0.00118716
-1.29885e-05
-7.80639e-05
-9.69612e-06
-0.000133958
-7.54945e-06
-0.00016801
-5.89556e-06
-0.000199043
-4.35118e-06
-0.000234727
-3.23871e-06
-0.000272155
-2.38398e-06
-0.000313872
-1.77264e-06
-0.000358112
-1.16819e-06
-0.000404504
-7.78013e-07
-0.000452109
-3.933e-07
-0.000500497
-2.61004e-07
-0.000550866
-1.73627e-08
-0.000601264
-6.97509e-07
-0.000655991
1.21949e-07
-0.000705409
-2.54491e-06
-0.00077045
-2.27419e-07
-0.000805545
-4.0357e-06
-0.000920022
-4.82732e-06
-0.000889318
-0.00119202
8.6783e-06
-6.77398e-05
5.25511e-06
-0.000130633
3.11588e-06
-0.000165902
3.20057e-06
-0.000199112
2.85055e-06
-0.000234435
2.4173e-06
-0.000271739
1.77209e-06
-0.000313286
1.06998e-06
-0.000357518
7.21018e-07
-0.000404072
4.42443e-07
-0.000451821
3.27365e-07
-0.000500439
2.20001e-07
-0.000550701
3.62435e-07
-0.000601457
-5.28785e-07
-0.000655153
2.55925e-07
-0.000706146
-2.61216e-06
-0.000767636
-4.37778e-07
-0.000807768
-7.50892e-06
-0.000912947
-1.17173e-05
-0.000885149
-0.00120375
2.78e-06
-7.05484e-05
1.66748e-06
-0.000129537
1.9152e-06
-0.000166152
1.39284e-06
-0.000198585
1.16661e-06
-0.000234242
6.87333e-07
-0.000271293
3.35452e-07
-0.000312942
-3.76377e-08
-0.000357166
-2.71689e-07
-0.000403825
-4.48344e-07
-0.000451635
-5.03473e-07
-0.000500411
-5.70917e-07
-0.000550631
-4.44368e-07
-0.00060157
-6.19893e-07
-0.000654989
-1.53135e-07
-0.000706622
-8.36956e-07
-0.000766956
3.59073e-07
-0.000808981
-1.62263e-06
-0.000910975
2.20138e-06
-0.00088898
-0.00120155
2.95723e-06
-7.35051e-05
1.79043e-06
-0.000128376
2.08486e-06
-0.000166453
1.58204e-06
-0.000198078
1.36474e-06
-0.000234031
8.92072e-07
-0.000270827
5.42851e-07
-0.00031259
1.66467e-07
-0.000356797
-7.84884e-08
-0.00040358
-2.70447e-07
-0.00045144
-3.43644e-07
-0.000500343
-4.3201e-07
-0.00055054
-3.26323e-07
-0.000601678
-5.51111e-07
-0.000654768
-1.11799e-07
-0.000707056
-8.47585e-07
-0.000766222
3.69091e-07
-0.0008102
-1.66754e-06
-0.000908937
2.12193e-06
-0.00089277
-0.00119943
2.8836e-06
-7.63893e-05
1.99097e-06
-0.000127486
2.29221e-06
-0.000166761
1.83697e-06
-0.000197619
1.60803e-06
-0.000233808
1.14045e-06
-0.000270366
7.86226e-07
-0.000312231
4.03066e-07
-0.000356423
1.41211e-07
-0.000403317
-6.96698e-08
-0.000451226
-1.67319e-07
-0.000500252
-2.77879e-07
-0.000550427
-1.98621e-07
-0.000601759
-4.43325e-07
-0.000654529
-4.01952e-08
-0.000707453
-7.90221e-07
-0.000765475
4.10337e-07
-0.000811404
-1.64943e-06
-0.000906877
1.98468e-06
-0.000896404
-0.00119745
2.82332e-06
-7.92152e-05
2.21067e-06
-0.000126874
2.52145e-06
-0.000167079
2.10543e-06
-0.000197199
1.85937e-06
-0.000233569
1.39618e-06
-0.000269911
1.03804e-06
-0.000311867
6.49408e-07
-0.000356043
3.70095e-07
-0.000403036
1.39095e-07
-0.00045099
1.51746e-08
-0.000500135
-1.18886e-07
-0.000550289
-6.72023e-08
-0.000601812
-3.29145e-07
-0.000654275
3.87138e-08
-0.000707813
-7.21475e-07
-0.000764719
4.58418e-07
-0.000812587
-1.62383e-06
-0.000904794
1.88106e-06
-0.000899908
-0.00119556
2.78884e-06
-8.20069e-05
2.4288e-06
-0.000126514
2.7425e-06
-0.000167401
2.35783e-06
-0.000196809
2.09386e-06
-0.000233313
1.63798e-06
-0.000269464
1.28046e-06
-0.000311501
8.90561e-07
-0.000355663
5.96185e-07
-0.00040274
3.46369e-07
-0.000450734
1.96538e-07
-0.000499994
3.93978e-08
-0.000550128
6.31952e-08
-0.000601835
-2.10708e-07
-0.000654009
1.19873e-07
-0.000708135
-6.51551e-07
-0.000763952
5.07573e-07
-0.000813749
-1.59684e-06
-0.000902689
1.80362e-06
-0.000903308
-0.00119376
2.78524e-06
-8.47945e-05
2.64029e-06
-0.000126369
2.94835e-06
-0.000167719
2.58735e-06
-0.000196441
2.30623e-06
-0.000233041
1.86142e-06
-0.000269028
1.50975e-06
-0.000311137
1.12332e-06
-0.000355285
8.16873e-07
-0.000402431
5.50093e-07
-0.00045046
3.75212e-07
-0.00049983
1.95734e-07
-0.000549943
1.89924e-07
-0.000601827
-9.47691e-08
-0.000653734
1.99362e-07
-0.00070842
-5.79803e-07
-0.000763178
5.57114e-07
-0.000814888
-1.56901e-06
-0.000900563
1.75379e-06
-0.00090663
-0.00119201
2.80975e-06
-8.76059e-05
2.84067e-06
-0.000126399
3.13388e-06
-0.000168024
2.78896e-06
-0.000196087
2.49246e-06
-0.000232753
2.06311e-06
-0.000268608
1.72297e-06
-0.000310783
1.34504e-06
-0.000354915
1.02998e-06
-0.000402115
7.48413e-07
-0.00045017
5.4975e-07
-0.000499642
3.48969e-07
-0.000549736
3.13678e-07
-0.000601788
1.95224e-08
-0.00065345
2.75669e-07
-0.000708665
-5.06525e-07
-0.000762401
6.06871e-07
-0.000816004
-1.54205e-06
-0.000898413
1.7309e-06
-0.000909902
-0.00119028
2.85753e-06
-9.04648e-05
3.02556e-06
-0.000126566
3.29401e-06
-0.000168306
2.95786e-06
-0.000195741
2.64874e-06
-0.000232454
2.2399e-06
-0.000268209
1.91728e-06
-0.000310446
1.55311e-06
-0.000354559
1.23327e-06
-0.000401795
9.39459e-07
-0.000449868
7.18696e-07
-0.000499433
4.97988e-07
-0.000549509
4.33704e-07
-0.000601719
1.2949e-07
-0.000653156
3.45948e-07
-0.00070887
-4.32022e-07
-0.000761628
6.56594e-07
-0.000817094
-1.51663e-06
-0.000896239
1.7353e-06
-0.000913154
-0.00118854
2.92309e-06
-9.33891e-05
3.1905e-06
-0.00012683
3.42342e-06
-0.000168554
3.08932e-06
-0.000195396
2.77167e-06
-0.000232147
2.38901e-06
-0.000267836
2.09002e-06
-0.000310131
1.74497e-06
-0.000354221
1.42452e-06
-0.000401475
1.12135e-06
-0.000449556
8.80605e-07
-0.000499204
6.41666e-07
-0.000549264
5.49179e-07
-0.000601619
2.34889e-07
-0.000652852
4.10843e-07
-0.000709035
-3.56383e-07
-0.000760865
7.05878e-07
-0.000818159
-1.4929e-06
-0.00089404
1.76829e-06
-0.000916415
-0.00118678
2.99977e-06
-9.63902e-05
3.32994e-06
-0.000127155
3.51684e-06
-0.000168757
3.17916e-06
-0.000195046
2.85843e-06
-0.000231836
2.50807e-06
-0.000267496
2.23878e-06
-0.000309847
1.91817e-06
-0.000353909
1.60156e-06
-0.000401162
1.29226e-06
-0.000449238
1.03407e-06
-0.000498959
7.78934e-07
-0.000549003
6.59423e-07
-0.000601492
3.36742e-07
-0.00065254
4.71919e-07
-0.000709159
-2.79659e-07
-0.000760117
7.54199e-07
-0.000819195
-1.47096e-06
-0.000891814
1.83211e-06
-0.000919718
-0.00118495
3.08124e-06
-9.94732e-05
3.4389e-06
-0.000127505
3.56928e-06
-0.000168904
3.22423e-06
-0.000194689
2.90693e-06
-0.000231529
2.59527e-06
-0.000267196
2.3615e-06
-0.000309599
2.0705e-06
-0.000353626
1.7623e-06
-0.000400858
1.45041e-06
-0.000448918
1.17774e-06
-0.000498699
9.08778e-07
-0.000548728
7.63832e-07
-0.000601338
4.34782e-07
-0.000652221
5.29006e-07
-0.000709242
-2.01929e-07
-0.000759389
8.00949e-07
-0.000820201
-1.45098e-06
-0.000889562
1.93048e-06
-0.0009231
-0.00118302
3.16087e-06
-0.000102637
3.51326e-06
-0.000127848
3.57612e-06
-0.000168986
3.22223e-06
-0.000194324
2.91563e-06
-0.000231231
2.6491e-06
-0.00026694
2.45625e-06
-0.000309394
2.20001e-06
-0.000353378
1.90481e-06
-0.000400568
1.59413e-06
-0.0004486
1.31031e-06
-0.000498429
1.03027e-06
-0.000548442
8.61861e-07
-0.00060116
5.28601e-07
-0.000651898
5.81808e-07
-0.000709285
-1.23256e-07
-0.000758687
8.4591e-07
-0.000821173
-1.43346e-06
-0.000887283
2.06269e-06
-0.000926596
-0.00118095
3.23391e-06
-0.000105875
3.54938e-06
-0.000128153
3.53361e-06
-0.00016899
3.17163e-06
-0.000193952
2.88307e-06
-0.00023095
2.6679e-06
-0.000266736
2.52104e-06
-0.000309236
2.30495e-06
-0.00035317
2.02735e-06
-0.000400297
1.72191e-06
-0.000448287
1.43062e-06
-0.000498149
1.14261e-06
-0.00054815
9.5302e-07
-0.000600961
6.17897e-07
-0.000651573
6.30059e-07
-0.000709289
-4.38326e-08
-0.000758016
8.88908e-07
-0.000822107
-1.41914e-06
-0.000884975
2.22868e-06
-0.000930244
-0.00117873
3.29521e-06
-0.000109176
3.54403e-06
-0.00012839
3.4393e-06
-0.000168906
3.07318e-06
-0.000193577
2.81043e-06
-0.000230691
2.65226e-06
-0.000266586
2.55486e-06
-0.000309128
2.38346e-06
-0.000353004
2.12847e-06
-0.000400048
1.83246e-06
-0.000447983
1.53769e-06
-0.000497866
1.24509e-06
-0.000547853
1.03692e-06
-0.000600742
7.02449e-07
-0.000651248
6.73378e-07
-0.000709252
3.62203e-08
-0.000757381
9.29603e-07
-0.000823002
-1.409e-06
-0.000882637
2.42864e-06
-0.000934081
-0.0011763
3.33734e-06
-0.000112522
3.49196e-06
-0.000128534
3.29164e-06
-0.000168728
2.92994e-06
-0.000193208
2.70169e-06
-0.000230464
2.60505e-06
-0.000266494
2.55831e-06
-0.00030907
2.43417e-06
-0.000352884
2.20689e-06
-0.000399825
1.92473e-06
-0.000447692
1.63075e-06
-0.000497581
1.33715e-06
-0.000547557
1.11339e-06
-0.000600509
7.82318e-07
-0.000650925
7.12261e-07
-0.000709176
1.16755e-07
-0.000756788
9.66944e-07
-0.000823853
-1.40433e-06
-0.000880267
2.66243e-06
-0.000938147
-0.00117364
3.3539e-06
-0.000115885
3.39076e-06
-0.00012856
3.09045e-06
-0.000168448
2.74597e-06
-0.000192857
2.56108e-06
-0.000230275
2.52924e-06
-0.000266464
2.53319e-06
-0.000309061
2.45687e-06
-0.00035281
2.26117e-06
-0.000399633
1.99802e-06
-0.00044742
1.70926e-06
-0.0004973
1.41848e-06
-0.000547264
1.18231e-06
-0.000600263
8.57935e-07
-0.000650607
7.55447e-07
-0.00070907
2.02924e-07
-0.000756239
9.98113e-07
-0.000824649
-1.40537e-06
-0.000877866
2.92875e-06
-0.000942479
-0.00117071
3.33931e-06
-0.000119233
3.24093e-06
-0.000128451
2.8366e-06
-0.00016806
2.5269e-06
-0.000192541
2.39419e-06
-0.000230136
2.42916e-06
-0.000266498
2.48223e-06
-0.000309102
2.4527e-06
-0.000352781
2.29114e-06
-0.000399474
2.05191e-06
-0.000447171
1.77289e-06
-0.000497026
1.48898e-06
-0.00054698
1.24345e-06
-0.000600009
9.29699e-07
-0.000650299
7.99084e-07
-0.000708936
3.01492e-07
-0.000755744
1.03244e-06
-0.00082538
-1.40814e-06
-0.000875428
3.22449e-06
-0.000947111
-0.00116749
3.29323e-06
-0.00012253
3.04393e-06
-0.000128191
2.53204e-06
-0.000167558
2.27984e-06
-0.000192283
2.20826e-06
-0.000230058
2.31102e-06
-0.000266599
2.40957e-06
-0.00030919
2.42469e-06
-0.000352797
2.29821e-06
-0.00039935
2.08621e-06
-0.00044695
1.82162e-06
-0.000496766
1.54885e-06
-0.000546708
1.29651e-06
-0.00059975
9.97462e-07
-0.000650004
8.29158e-07
-0.000708766
4.09504e-07
-0.000755328
1.06392e-06
-0.000826035
-1.40825e-06
-0.000872959
3.54769e-06
-0.000952065
-0.00116394
3.21779e-06
-0.000125745
2.77902e-06
-0.000127741
2.17528e-06
-0.00016696
2.01349e-06
-0.000192114
2.0172e-06
-0.000230056
2.18706e-06
-0.000266765
2.32527e-06
-0.00030932
2.37887e-06
-0.000352852
2.28615e-06
-0.000399259
2.10297e-06
-0.000446757
1.85669e-06
-0.000496522
1.59803e-06
-0.000546451
1.34228e-06
-0.000599487
1.05849e-06
-0.000649721
8.59016e-07
-0.000708564
5.21066e-07
-0.000754992
1.07418e-06
-0.000826586
-1.41448e-06
-0.000870472
3.91048e-06
-0.00095739
-0.00116003
2.94809e-06
-0.000128691
2.44646e-06
-0.000127229
1.77355e-06
-0.00016629
1.7584e-06
-0.000192094
1.84719e-06
-0.000230142
2.08504e-06
-0.000267
2.25397e-06
-0.000309487
2.33586e-06
-0.000352937
2.26854e-06
-0.000399195
2.11126e-06
-0.00044659
1.88112e-06
-0.000496291
1.63773e-06
-0.000546215
1.37678e-06
-0.000599221
1.11022e-06
-0.000649447
8.89827e-07
-0.000708341
6.38596e-07
-0.000754746
1.03303e-06
-0.000826976
-1.29671e-06
-0.000868137
4.07914e-06
-0.000962766
-0.00115595
-3.25196e-06
-9.4749e-05
-3.077e-05
-2.89965e-06
-0.000127484
-6.87217e-06
-0.000162192
-1.72426e-06
-0.000197155
1.28307e-06
-0.000233116
5.25224e-06
-0.000270929
7.13464e-06
-0.000311339
8.20165e-06
-0.000353983
7.86279e-06
-0.000398836
7.10091e-06
-0.000445806
5.52648e-06
-0.000494706
4.49231e-06
-0.00054516
2.39406e-06
-0.000597096
3.16057e-06
-0.000650206
-1.19601e-06
-0.000703972
5.30171e-06
-0.000761225
-8.55419e-06
-0.000813096
2.15933e-05
-0.000898248
-2.51988e-05
-0.000915928
-0.00118112
-1.45046e-05
-9.85708e-05
1.85215e-05
-1.02451e-05
-0.000131538
-7.92866e-06
-0.000164483
-6.06088e-06
-0.000198989
-4.14145e-06
-0.000234913
-2.14986e-06
-0.000272925
-3.91033e-07
-0.00031309
9.81701e-07
-0.000355327
1.76376e-06
-0.000399609
2.0591e-06
-0.000446079
1.89003e-06
-0.000494513
1.5332e-06
-0.000544782
9.07323e-07
-0.000596441
5.38567e-07
-0.000649835
-3.8627e-07
-0.000703043
2.13335e-07
-0.000761794
-1.36048e-06
-0.000811472
2.44321e-06
-0.000902002
-1.2992e-05
-0.000900445
-0.00119408
-2.35464e-05
-0.000106848
3.18666e-05
-1.7911e-05
-0.000137024
-1.35116e-05
-0.000168849
-1.00588e-05
-0.000202406
-7.13764e-06
-0.000237802
-4.76048e-06
-0.000275314
-2.87435e-06
-0.000314986
-1.51083e-06
-0.000356695
-6.07102e-07
-0.000400526
-1.07016e-07
-0.000446592
1.03893e-07
-0.000494738
9.84008e-08
-0.000544801
-6.04963e-09
-0.000596358
-2.29716e-07
-0.000649632
-3.40353e-07
-0.000702942
-5.12863e-07
-0.000761605
-4.7885e-07
-0.000811467
-1.04401e-06
-0.000901382
-6.63572e-06
-0.000894798
-0.00120069
-2.87187e-05
-0.000113667
3.55925e-05
-2.33736e-05
-0.000142393
-1.88827e-05
-0.000173384
-1.49979e-05
-0.000206263
-1.17219e-05
-0.000241148
-8.94946e-06
-0.000278136
-6.69736e-06
-0.000317274
-4.94763e-06
-0.000358485
-3.6285e-06
-0.000401893
-2.68701e-06
-0.000447589
-2.04481e-06
-0.000495442
-1.63142e-06
-0.000545277
-1.37743e-06
-0.00059667
-1.2518e-06
-0.000649801
-1.12631e-06
-0.000703101
-1.11788e-06
-0.000761625
-9.71736e-07
-0.000811597
-1.15341e-06
-0.000901166
-3.80493e-06
-0.000892104
-0.00120449
-3.16735e-05
-0.000119682
3.77491e-05
-2.6517e-05
-0.000147639
-2.19884e-05
-0.000177926
-1.80959e-05
-0.000210236
-1.47488e-05
-0.0002446
-1.18799e-05
-0.000281061
-9.52168e-06
-0.00031969
-7.61431e-06
-0.000360469
-6.07048e-06
-0.000403518
-4.84495e-06
-0.000448898
-3.88397e-06
-0.000496485
-3.14293e-06
-0.000546096
-2.5775e-06
-0.000597317
-2.16901e-06
-0.000650287
-1.78823e-06
-0.000703531
-1.53807e-06
-0.000761881
-1.24497e-06
-0.000811891
-9.99977e-07
-0.0009014
-2.70548e-06
-0.000890385
-0.00120721
-3.31691e-05
-0.000124784
3.82226e-05
-2.85704e-05
-0.000152386
-2.43144e-05
-0.00018221
-2.05752e-05
-0.00021411
-1.72331e-05
-0.000248022
-1.43234e-05
-0.000284024
-1.18837e-05
-0.000322205
-9.84682e-06
-0.000362599
-8.12535e-06
-0.000405327
-6.67811e-06
-0.000450428
-5.47012e-06
-0.000497775
-4.47438e-06
-0.000547163
-3.64377e-06
-0.000598205
-2.98326e-06
-0.000651013
-2.36689e-06
-0.000704206
-1.8895e-06
-0.000762385
-1.41896e-06
-0.000812375
-8.27971e-07
-0.000902005
-2.16967e-06
-0.000889065
-0.00120942
-3.3529e-05
-0.000129091
3.77388e-05
-2.94941e-05
-0.000156519
-2.57018e-05
-0.000186094
-2.21946e-05
-0.00021769
-1.89942e-05
-0.000251262
-1.61714e-05
-0.000286897
-1.37431e-05
-0.000324705
-1.16447e-05
-0.000364772
-9.80531e-06
-0.000407224
-8.19296e-06
-0.000452088
-6.79425e-06
-0.000499223
-5.60342e-06
-0.000548403
-4.56673e-06
-0.000599282
-3.69589e-06
-0.000651928
-2.85859e-06
-0.000705081
-2.14569e-06
-0.000763125
-1.60509e-06
-0.000812938
-7.57469e-07
-0.000902884
-1.85104e-06
-0.000888028
-0.00121133
-3.31344e-05
-0.000132648
3.66514e-05
-2.96685e-05
-0.000160034
-2.63322e-05
-0.000189496
-2.31205e-05
-0.0002209
-2.01516e-05
-0.000254252
-1.74796e-05
-0.000289611
-1.51152e-05
-0.000327115
-1.30075e-05
-0.000366913
-1.11045e-05
-0.000409143
-9.38901e-06
-0.00045381
-7.8615e-06
-0.000500757
-6.52528e-06
-0.000549746
-5.33356e-06
-0.000600482
-4.30121e-06
-0.000652976
-3.30371e-06
-0.000706092
-2.43598e-06
-0.000763998
-1.81478e-06
-0.000813581
-7.45698e-07
-0.000903996
-1.5315e-06
-0.000887323
-0.00121292
-3.22505e-05
-0.000135557
3.51578e-05
-2.93153e-05
-0.000162994
-2.63626e-05
-0.00019241
-2.34979e-05
-0.000223744
-2.08006e-05
-0.000256973
-1.83087e-05
-0.000292131
-1.60448e-05
-0.000329397
-1.39723e-05
-0.000368988
-1.20554e-05
-0.000411049
-1.02919e-05
-0.000455555
-8.68952e-06
-0.000502335
-7.25384e-06
-0.000551153
-5.95104e-06
-0.000601757
-4.80027e-06
-0.00065411
-3.69133e-06
-0.000707198
-2.69737e-06
-0.000764978
-1.9453e-06
-0.000814345
-7.66244e-07
-0.000905218
-1.0977e-06
-0.00088707
-0.00121405
-3.10563e-05
-0.000137952
3.34534e-05
-2.85468e-05
-0.000165461
-2.598e-05
-0.000194896
-2.34722e-05
-0.000226253
-2.1038e-05
-0.000259431
-1.87328e-05
-0.000294449
-1.65911e-05
-0.00033154
-1.45866e-05
-0.000370986
-1.26964e-05
-0.000412926
-1.09256e-05
-0.000457304
-9.28783e-06
-0.000503941
-7.79358e-06
-0.000552607
-6.41946e-06
-0.00060309
-5.19357e-06
-0.000655303
-4.0143e-06
-0.000708369
-2.93038e-06
-0.000766035
-2.12382e-06
-0.000815148
-8.26936e-07
-0.000906537
-4.79487e-07
-0.000887463
-0.00121454
-2.96226e-05
-0.000139919
3.16282e-05
-2.74797e-05
-0.00016752
-2.53142e-05
-0.000197038
-2.31269e-05
-0.000228463
-2.0934e-05
-0.00026164
-1.88196e-05
-0.000296573
-1.68139e-05
-0.000333553
-1.48941e-05
-0.000372912
-1.30511e-05
-0.000414777
-1.1299e-05
-0.000459056
-9.6553e-06
-0.000505571
-8.13897e-06
-0.0005541
-6.7306e-06
-0.000604473
-5.46908e-06
-0.000656545
-4.2611e-06
-0.00070958
-3.14805e-06
-0.000767122
-2.33841e-06
-0.000815945
-9.69972e-07
-0.000907904
-2.84842e-07
-0.000888149
-0.0012148
-2.80191e-05
-0.000141529
2.97032e-05
-2.62493e-05
-0.000169264
-2.44412e-05
-0.000198889
-2.2522e-05
-0.000230405
-2.05487e-05
-0.000263628
-1.86163e-05
-0.000298527
-1.67453e-05
-0.00033545
-1.49167e-05
-0.000374768
-1.31342e-05
-0.000416591
-1.14187e-05
-0.0004608
-9.79101e-06
-0.000507215
-8.28082e-06
-0.000555624
-6.87212e-06
-0.000605896
-5.60746e-06
-0.000657829
-4.40073e-06
-0.000710825
-3.2944e-06
-0.000768228
-2.48626e-06
-0.00081675
-1.10577e-06
-0.000909266
-8.14257e-07
-0.000888414
-0.00121559
-2.63504e-05
-0.000142863
2.77236e-05
-2.49309e-05
-0.000170751
-2.33885e-05
-0.000200469
-2.16968e-05
-0.000232101
-1.99262e-05
-0.000265412
-1.8162e-05
-0.00030032
-1.64177e-05
-0.000337223
-1.46808e-05
-0.000376533
-1.29658e-05
-0.000418342
-1.1299e-05
-0.000462503
-9.70641e-06
-0.000508839
-8.22556e-06
-0.000557144
-6.84539e-06
-0.000607322
-5.60769e-06
-0.00065912
-4.4343e-06
-0.000712071
-3.33353e-06
-0.000769358
-2.47683e-06
-0.000817621
-1.02164e-06
-0.000910707
-8.78914e-07
-0.000888529
-0.00121645
-2.46774e-05
-0.000143973
2.57537e-05
-2.35139e-05
-0.000171996
-2.21699e-05
-0.000201792
-2.06869e-05
-0.000233564
-1.91032e-05
-0.000266998
-1.74914e-05
-0.000301944
-1.58625e-05
-0.000338852
-1.42156e-05
-0.000378176
-1.25721e-05
-0.000419988
-1.09625e-05
-0.000464115
-9.41975e-06
-0.000510385
-7.9857e-06
-0.000558598
-6.65294e-06
-0.000608693
-5.4598e-06
-0.00066037
-4.3449e-06
-0.000713268
-3.27385e-06
-0.000770476
-2.34712e-06
-0.000818577
-9.75251e-07
-0.000912083
-1.20939e-06
-0.000888284
-0.00121768
-2.29947e-05
-0.000144874
2.38377e-05
-2.19756e-05
-0.00017301
-2.08133e-05
-0.000202886
-1.95274e-05
-0.000234813
-1.81078e-05
-0.0002684
-1.66268e-05
-0.000303402
-1.50992e-05
-0.000340335
-1.35381e-05
-0.000379686
-1.19679e-05
-0.000421512
-1.0425e-05
-0.000465615
-8.94678e-06
-0.000511828
-7.57281e-06
-0.000559961
-6.29652e-06
-0.000609982
-5.1491e-06
-0.000661554
-4.10332e-06
-0.00071438
-3.12117e-06
-0.000771497
-2.10485e-06
-0.000819622
-1.12469e-06
-0.000913078
-2.21665e-06
-0.000887203
-0.00121994
-2.12927e-05
-0.000145603
2.20152e-05
-2.03507e-05
-0.000173855
-1.93547e-05
-0.000203815
-1.82374e-05
-0.000235903
-1.69471e-05
-0.000269673
-1.55617e-05
-0.00030476
-1.41255e-05
-0.000341722
-1.26474e-05
-0.000381107
-1.11554e-05
-0.000422945
-9.68773e-06
-0.00046702
-8.28506e-06
-0.000513171
-6.98227e-06
-0.000561223
-5.77477e-06
-0.000611167
-4.67875e-06
-0.000662647
-3.69219e-06
-0.00071539
-2.77117e-06
-0.000772417
-1.74777e-06
-0.000820649
-1.2323e-06
-0.000913599
-9.94427e-07
-0.000887478
-0.00122099
-1.96576e-05
-0.000146266
2.03817e-05
-1.87694e-05
-0.000174649
-1.78898e-05
-0.000204685
-1.6862e-05
-0.000236945
-1.56224e-05
-0.000270935
-1.42972e-05
-0.000306092
-1.29303e-05
-0.000343082
-1.1528e-05
-0.000382492
-1.01149e-05
-0.000424328
-8.73158e-06
-0.000468366
-7.42065e-06
-0.000514444
-6.20797e-06
-0.00056241
-5.0904e-06
-0.000612262
-4.06607e-06
-0.00066365
-3.15665e-06
-0.000716279
-2.25449e-06
-0.000773279
-1.23219e-06
-0.000821654
-6.35165e-07
-0.000914208
1.97244e-07
-0.000888379
-0.00122081
-1.81318e-05
-0.000147249
1.91797e-05
-1.70998e-05
-0.000175698
-1.62217e-05
-0.000205611
-1.52821e-05
-0.000237922
-1.40984e-05
-0.000272168
-1.28323e-05
-0.000307412
-1.14985e-05
-0.000344465
-1.01592e-05
-0.000383868
-8.82429e-06
-0.000425691
-7.53536e-06
-0.000469682
-6.33088e-06
-0.00051568
-5.22333e-06
-0.000563548
-4.21346e-06
-0.00061328
-3.27958e-06
-0.00066457
-2.4834e-06
-0.000717058
-1.6397e-06
-0.000774104
-7.43825e-07
-0.000822527
-1.65316e-07
-0.000914772
3.97055e-07
-0.000888995
-0.00122043
-1.54781e-05
-0.000149151
1.73601e-05
-1.38277e-05
-0.000177431
-1.29284e-05
-0.000206525
-1.25768e-05
-0.000238295
-1.18793e-05
-0.000272895
-1.07553e-05
-0.000308567
-9.51018e-06
-0.000345732
-8.2762e-06
-0.000385127
-7.06864e-06
-0.000426943
-5.91627e-06
-0.000470892
-4.84347e-06
-0.000516804
-3.85824e-06
-0.000564585
-2.99198e-06
-0.000614226
-2.19873e-06
-0.000665465
-1.56061e-06
-0.000717762
-7.74846e-07
-0.000774916
-9.85732e-08
-0.000823236
5.17888e-07
-0.000915444
1.34581e-06
-0.000889875
-0.00121912
-1.18393e-06
1.808e-06
-1.98523e-07
-3.3485e-07
-1.84997e-06
-3.24479e-06
-3.74005e-06
-3.72767e-06
-3.45364e-06
-3.03472e-06
-2.53712e-06
-2.03501e-06
-1.562e-06
-1.17047e-06
-8.05562e-07
-6.29688e-07
-3.49241e-07
-2.67141e-07
2.20757e-07
2.42161e-06
-4.50726e-05
1.44508e-05
-6.9947e-05
4.353e-05
-8.15743e-05
4.36864e-05
-9.041e-05
4.43969e-05
-9.72906e-05
4.45044e-05
-0.000102781
4.36449e-05
-0.000107268
4.21063e-05
-0.000110896
4.01852e-05
-0.000113763
3.80671e-05
-0.000116047
3.58428e-05
-0.000117884
3.35293e-05
-0.000119356
3.11662e-05
-0.000120519
2.88337e-05
-0.0001214
2.65894e-05
-0.000122005
2.44557e-05
-0.000122397
2.24836e-05
-0.0001227
2.07578e-05
-0.000123207
1.96673e-05
-0.000124439
1.85474e-05
1.29134e-06
-2.50536e-05
3.96128e-05
-4.54885e-05
6.39832e-05
-5.92553e-05
5.74146e-05
-6.9273e-05
5.44579e-05
-7.67058e-05
5.19168e-05
-8.24804e-05
4.93163e-05
-8.70578e-05
4.65976e-05
-9.06363e-05
4.38017e-05
-9.34189e-05
4.09209e-05
-9.5592e-05
3.80245e-05
-9.72622e-05
3.51742e-05
-9.84815e-05
3.23759e-05
-9.93055e-05
2.96551e-05
-9.97544e-05
2.70241e-05
-9.98127e-05
2.45049e-05
-9.95234e-05
2.22125e-05
-9.90281e-05
2.0279e-05
-9.84644e-05
1.90829e-05
-9.8183e-05
1.82417e-05
-4.30169e-07
-1.24777e-05
5.2068e-05
-2.75688e-05
7.92246e-05
-4.00517e-05
6.99413e-05
-4.96586e-05
6.39907e-05
-5.69718e-05
5.91392e-05
-6.2588e-05
5.49218e-05
-6.69899e-05
5.09828e-05
-7.03977e-05
4.7216e-05
-7.30107e-05
4.35546e-05
-7.49745e-05
4.00012e-05
-7.63874e-05
3.65922e-05
-7.72926e-05
3.32736e-05
-7.77005e-05
3.0032e-05
-7.75546e-05
2.68436e-05
-7.67828e-05
2.3738e-05
-7.54099e-05
2.08818e-05
-7.35627e-05
1.84441e-05
-7.11975e-05
1.67202e-05
-6.85246e-05
1.55501e-05
-2.93752e-06
-3.99844e-06
5.61064e-05
-1.41186e-05
8.93335e-05
-2.41346e-05
7.99273e-05
-3.22857e-05
7.20918e-05
-3.87446e-05
6.55622e-05
-4.37818e-05
5.99566e-05
-4.77414e-05
5.4902e-05
-5.07622e-05
5.02338e-05
-5.30155e-05
4.58484e-05
-5.46383e-05
4.16583e-05
-5.57225e-05
3.76741e-05
-5.62946e-05
3.38079e-05
-5.6303e-05
2.99909e-05
-5.5592e-05
2.61163e-05
-5.40149e-05
2.22074e-05
-5.14927e-05
1.84121e-05
-4.79944e-05
1.4949e-05
-4.33491e-05
1.21087e-05
-3.74326e-05
9.60376e-06
-6.26094e-06
4.89167e-07
5.56161e-05
-4.33443e-06
9.41376e-05
-1.12944e-05
8.68827e-05
-1.75239e-05
7.82918e-05
-2.26765e-05
7.06946e-05
-2.67838e-05
6.4052e-05
-3.00073e-05
5.81004e-05
-3.24079e-05
5.26619e-05
-3.41136e-05
4.76173e-05
-3.52686e-05
4.28464e-05
-3.59564e-05
3.83374e-05
-3.61986e-05
3.39906e-05
-3.59179e-05
2.96618e-05
-3.49385e-05
2.51477e-05
-3.3075e-05
2.04111e-05
-2.99403e-05
1.5305e-05
-2.50617e-05
1.00771e-05
-1.82962e-05
5.3558e-06
-9.36078e-06
6.71054e-07
-1.18777e-05
3.39284e-06
5.22155e-05
2.8271e-06
9.47022e-05
-1.20135e-06
9.08897e-05
-5.46062e-06
8.25058e-05
-9.1615e-06
7.43863e-05
-1.21976e-05
6.70761e-05
-1.45592e-05
6.04614e-05
-1.62544e-05
5.43992e-05
-1.73744e-05
4.87948e-05
-1.80746e-05
4.35614e-05
-1.84393e-05
3.86585e-05
-1.84799e-05
3.39631e-05
-1.81053e-05
2.92494e-05
-1.72043e-05
2.42727e-05
-1.56748e-05
1.89217e-05
-1.29396e-05
1.25378e-05
-8.59495e-06
5.73811e-06
-1.98965e-06
-1.33195e-06
8.06777e-06
-9.32172e-06
-1.97188e-05
5.41294e-06
4.68028e-05
8.10519e-06
9.19839e-05
6.63143e-06
9.23227e-05
4.26865e-06
8.48157e-05
2.00573e-06
7.66522e-05
1.45311e-09
6.9072e-05
-1.59066e-06
6.20692e-05
-2.74461e-06
5.55988e-05
-3.52336e-06
4.96132e-05
-4.03776e-06
4.4066e-05
-4.32671e-06
3.88858e-05
-4.42949e-06
3.39893e-05
-4.38666e-06
2.91654e-05
-4.17599e-06
2.40656e-05
-3.811e-06
1.85247e-05
-2.6696e-06
1.13224e-05
-1.9111e-07
3.211e-06
4.99782e-06
-6.67442e-06
1.38635e-05
-1.80821e-05
-2.90281e-05
6.87699e-06
3.99206e-05
1.25299e-05
8.62747e-05
1.32147e-05
9.15974e-05
1.24204e-05
8.5559e-05
1.1318e-05
7.77575e-05
1.03137e-05
7.0071e-05
9.51749e-06
6.28791e-05
8.89525e-06
5.62524e-05
8.36358e-06
5.01595e-05
7.8279e-06
4.45634e-05
7.28604e-06
3.93427e-05
6.77871e-06
3.44091e-05
6.22115e-06
2.96718e-05
5.55382e-06
2.46965e-05
4.77564e-06
1.92082e-05
4.67204e-06
1.13863e-05
6.81345e-06
9.69786e-07
1.25612e-05
-1.25486e-05
2.08177e-05
-2.62895e-05
-3.77575e-05
7.19292e-06
3.27042e-05
1.56267e-05
7.77827e-05
1.87485e-05
8.84256e-05
1.96098e-05
8.46491e-05
1.95831e-05
7.77765e-05
1.92715e-05
7.03759e-05
1.88533e-05
6.33043e-05
1.83959e-05
5.67247e-05
1.79049e-05
5.06458e-05
1.73553e-05
4.50565e-05
1.66604e-05
3.99385e-05
1.57998e-05
3.51774e-05
1.47843e-05
3.06273e-05
1.36873e-05
2.57196e-05
1.36666e-05
1.90949e-05
1.67759e-05
8.26457e-06
2.2934e-05
-5.24874e-06
2.96093e-05
-1.92534e-05
3.5724e-05
-3.24102e-05
-4.35666e-05
7.27242e-06
2.54032e-05
1.84011e-05
6.65909e-05
2.42043e-05
8.25472e-05
2.63964e-05
8.2415e-05
2.73719e-05
7.67838e-05
2.78432e-05
6.99022e-05
2.80707e-05
6.30824e-05
2.81604e-05
5.66428e-05
2.81723e-05
5.06216e-05
2.81737e-05
4.5e-05
2.83001e-05
3.97287e-05
2.8841e-05
3.45598e-05
3.01901e-05
2.92157e-05
3.26897e-05
2.31423e-05
3.67401e-05
1.49717e-05
4.1522e-05
3.46886e-06
4.61456e-05
-9.90889e-06
5.01436e-05
-2.32721e-05
5.34904e-05
-3.58386e-05
-4.64412e-05
6.67617e-06
1.87011e-05
1.92348e-05
5.39584e-05
2.84249e-05
7.32508e-05
3.32406e-05
7.75671e-05
3.55474e-05
7.44579e-05
3.70387e-05
6.84173e-05
3.82287e-05
6.18993e-05
3.92581e-05
5.5622e-05
4.02585e-05
4.96104e-05
4.13967e-05
4.38187e-05
4.29314e-05
3.81363e-05
4.51349e-05
3.23071e-05
4.82182e-05
2.60883e-05
5.22102e-05
1.90898e-05
5.69635e-05
1.02203e-05
6.15413e-05
-1.11292e-06
6.5233e-05
-1.36152e-05
6.79528e-05
-2.60333e-05
6.96352e-05
-3.76276e-05
-4.71411e-05
5.86206e-06
1.28093e-05
1.90091e-05
4.07268e-05
3.09699e-05
6.11726e-05
3.93026e-05
6.92173e-05
4.42856e-05
6.94647e-05
4.70485e-05
6.56623e-05
4.91255e-05
5.98282e-05
5.10427e-05
5.3709e-05
5.30581e-05
4.75786e-05
5.53386e-05
4.14987e-05
5.80588e-05
3.53736e-05
6.13536e-05
2.8986e-05
6.52566e-05
2.21685e-05
6.96259e-05
1.46846e-05
7.42071e-05
5.65752e-06
7.82245e-05
-5.12117e-06
8.1105e-05
-1.64975e-05
8.26787e-05
-2.76297e-05
8.29121e-05
-3.7883e-05
-4.60602e-05
4.85222e-06
7.92856e-06
1.73329e-05
2.81554e-05
3.09762e-05
4.74325e-05
4.23151e-05
5.78752e-05
5.07753e-05
6.10017e-05
5.66172e-05
5.98198e-05
6.05794e-05
5.58659e-05
6.36576e-05
5.06279e-05
6.64605e-05
4.47595e-05
6.94634e-05
3.84693e-05
7.28094e-05
3.20048e-05
7.65461e-05
2.52432e-05
8.06182e-05
1.81009e-05
8.48614e-05
1.04342e-05
8.89161e-05
1.60827e-06
9.20773e-05
-8.29187e-06
9.39008e-05
-1.83262e-05
9.41275e-05
-2.78423e-05
9.27095e-05
-3.6434e-05
-4.31013e-05
3.69265e-06
4.21271e-06
1.44664e-05
1.73037e-05
2.83453e-05
3.34903e-05
4.17264e-05
4.44851e-05
5.29947e-05
4.97339e-05
6.2105e-05
5.06993e-05
6.91854e-05
4.87781e-05
7.48249e-05
4.49798e-05
7.94718e-05
4.00966e-05
8.3473e-05
3.44471e-05
8.72658e-05
2.81938e-05
9.10313e-05
2.1474e-05
9.47595e-05
1.43762e-05
9.82752e-05
6.91471e-06
0.000101127
-1.25276e-06
0.000102813
-9.99103e-06
0.000103029
-1.85363e-05
0.000101672
-2.64505e-05
9.86799e-05
-3.34389e-05
-3.83629e-05
2.53428e-06
1.66319e-06
1.09551e-05
8.81065e-06
2.35945e-05
2.08022e-05
3.73783e-05
3.06634e-05
5.03624e-05
3.67392e-05
6.17607e-05
3.92817e-05
7.1392e-05
3.91305e-05
7.93494e-05
3.7009e-05
8.59942e-05
3.34416e-05
9.15772e-05
2.88575e-05
9.63063e-05
2.34602e-05
0.00010036
1.74215e-05
0.000103762
1.09782e-05
0.000106428
4.25458e-06
0.00010808
-2.89774e-06
0.00010836
-1.02532e-05
0.000107106
-1.72582e-05
0.000104235
-2.35808e-05
9.98299e-05
-2.9028e-05
-3.22706e-05
1.62417e-06
2.9171e-08
7.60205e-06
2.76308e-06
1.79547e-05
1.04198e-05
3.04918e-05
1.80866e-05
4.33586e-05
2.38572e-05
5.55028e-05
2.71212e-05
6.64722e-05
2.81468e-05
7.61104e-05
2.7365e-05
8.43783e-05
2.51796e-05
9.13134e-05
2.19334e-05
9.69267e-05
1.78523e-05
0.000101288
1.30602e-05
0.000104515
7.75436e-06
0.000106579
2.2067e-06
0.000107376
-3.66541e-06
0.000106694
-9.52705e-06
0.000104415
-1.49432e-05
0.000100519
-1.97168e-05
9.51648e-05
-2.36866e-05
-2.53815e-05
1.2595e-06
-1.23763e-06
5.35149e-06
-1.38371e-06
1.30917e-05
2.67901e-06
2.32318e-05
7.96521e-06
3.43787e-05
1.27424e-05
4.55525e-05
1.59732e-05
5.61342e-05
1.75741e-05
6.58222e-05
1.76763e-05
7.44401e-05
1.65637e-05
8.18783e-05
1.44991e-05
8.8036e-05
1.16937e-05
9.27982e-05
8.29326e-06
9.609e-05
4.4633e-06
9.789e-05
4.14589e-07
9.81781e-05
-3.95222e-06
9.67373e-05
-8.0983e-06
9.36865e-05
-1.19104e-05
8.91565e-05
-1.51846e-05
8.31336e-05
-1.76897e-05
-1.79894e-05
1.55445e-06
-2.79628e-06
4.92811e-06
-4.77287e-06
1.02705e-05
-2.6455e-06
1.71765e-05
1.12473e-06
2.50894e-05
4.86941e-06
3.35535e-05
7.51477e-06
4.21289e-05
8.97749e-06
5.03846e-05
9.39561e-06
5.7994e-05
8.94485e-06
6.47016e-05
7.79707e-06
7.02975e-05
6.11088e-06
7.45924e-05
4.02188e-06
7.74449e-05
1.65371e-06
7.88449e-05
-9.25338e-07
7.86929e-05
-3.74415e-06
7.69189e-05
-6.29324e-06
7.36105e-05
-8.59276e-06
6.89599e-05
-1.04784e-05
6.29226e-05
-1.16877e-05
-1.11176e-05
5.24639e-07
-3.32061e-06
1.93885e-06
-6.14239e-06
4.37287e-06
-5.03143e-06
8.09676e-06
-2.54794e-06
1.31907e-05
-1.99572e-07
1.92028e-05
1.49686e-06
2.57263e-05
2.4282e-06
3.23042e-05
2.7855e-06
3.85182e-05
2.698e-06
4.40001e-05
2.27586e-06
4.84436e-05
1.61376e-06
5.15848e-05
8.14839e-07
5.31749e-05
-6.45348e-09
5.30199e-05
-8.4132e-07
5.1011e-05
-1.79557e-06
4.74444e-05
-2.75554e-06
4.25274e-05
-3.6825e-06
3.66498e-05
-4.64795e-06
3.05887e-05
-5.66658e-06
-6.48656e-06
-3.32972e-06
-9.46969e-06
-1.45005e-05
-1.70467e-05
-1.72435e-05
-1.57435e-05
-1.33127e-05
-1.05251e-05
-7.82555e-06
-5.54617e-06
-3.92117e-06
-3.08282e-06
-3.05939e-06
-3.88168e-06
-5.67015e-06
-8.40367e-06
-1.20433e-05
-1.67142e-05
-2.23072e-05
)
;

boundaryField
{
    right
    {
        type            cyclic;
        value           nonuniform List<scalar> 
40
(
0.0012167
0.000892111
0.000915953
0.00082327
0.000775148
0.000717857
0.00066568
0.000614444
0.000564928
0.000517248
0.000471393
0.000427395
0.000385446
0.000345815
0.000308191
0.000271648
0.000236879
0.000206408
0.000178423
0.000149743
0.000123878
9.65233e-05
6.62682e-05
3.4633e-05
4.64278e-06
-1.50027e-05
-2.27939e-05
-2.94143e-05
-4.15246e-05
-5.64953e-05
-7.03159e-05
-8.15426e-05
-8.95549e-05
-9.39301e-05
-9.39e-05
-8.82815e-05
-7.5876e-05
-5.62037e-05
-2.57433e-05
2.86083e-05
)
;
    }
    left
    {
        type            cyclic;
        value           nonuniform List<scalar> 
40
(
-0.0012167
-0.000892111
-0.000915953
-0.00082327
-0.000775148
-0.000717857
-0.00066568
-0.000614444
-0.000564928
-0.000517248
-0.000471393
-0.000427395
-0.000385446
-0.000345815
-0.000308191
-0.000271648
-0.000236879
-0.000206408
-0.000178423
-0.000149743
-0.000123878
-9.65233e-05
-6.62682e-05
-3.4633e-05
-4.64278e-06
1.50027e-05
2.27939e-05
2.94143e-05
4.15246e-05
5.64953e-05
7.03159e-05
8.15426e-05
8.95549e-05
9.39301e-05
9.39e-05
8.82815e-05
7.5876e-05
5.62037e-05
2.57433e-05
-2.86083e-05
)
;
    }
    outerWall
    {
        type            calculated;
        value           uniform 0;
    }
    stirrerWall
    {
        type            calculated;
        value           uniform 0;
    }
    top
    {
        type            empty;
        value           nonuniform List<scalar> 0();
    }
    bottom
    {
        type            empty;
        value           nonuniform List<scalar> 0();
    }
}


// ************************************************************************* //
