/*--------------------------------*- C++ -*----------------------------------*\
  =========                 |
  \\      /  F ield         | OpenFOAM: The Open Source CFD Toolbox
   \\    /   O peration     | Website:  https://openfoam.org
    \\  /    A nd           | Version:  10
     \\/     M anipulation  |
\*---------------------------------------------------------------------------*/
FoamFile
{
    format      ascii;
    class       volVectorField;
    location    "300";
    object      U;
}
// * * * * * * * * * * * * * * * * * * * * * * * * * * * * * * * * * * * * * //

dimensions      [0 1 -1 0 0 0 0];

internalField   nonuniform List<vector> 
2000
(
(4.29001 39.9248 2.32616e-17)
(1.44719 50.7393 1.32177e-17)
(2.91588 58.5487 -1.043e-17)
(4.55859 64.9135 0)
(5.97146 70.2111 0)
(7.26616 74.3838 3.6062e-16)
(8.30247 77.647 -4.29733e-16)
(9.03201 80.2037 -5.05887e-16)
(9.22327 82.1537 5.99149e-16)
(9.04526 83.5599 7.24026e-16)
(8.36403 84.569 9.01642e-16)
(7.20002 85.4368 0)
(5.58796 86.7233 1.55621e-15)
(4.25548 88.7002 2.09891e-15)
(3.55276 90.3999 3.08702e-15)
(2.37627 90.3187 3.5122e-15)
(1.6625 88.3877 -2.33112e-15)
(0.728944 86.2161 8.78331e-16)
(0.0596299 84.2068 7.434e-16)
(-0.397325 82.6542 2.76784e-15)
(2.46953 40.9157 -1.21169e-16)
(-2.24608 50.7728 -2.97307e-18)
(-0.605255 57.6778 -2.01552e-16)
(0.445638 63.7526 -7.36816e-16)
(1.93005 68.8887 1.34036e-16)
(3.56357 73.0659 -1.62232e-15)
(5.00084 76.5315 8.76542e-16)
(6.07451 79.4383 1.5832e-15)
(6.61918 81.8025 5.96666e-16)
(6.61172 83.6614 7.0237e-16)
(6.04662 85.1501 -1.6828e-15)
(5.01172 86.4814 -1.0233e-15)
(3.56227 87.9729 -1.3664e-15)
(2.41941 89.5285 -1.7425e-15)
(2.02668 90.9435 -7.58128e-15)
(0.872208 91.7021 -4.50648e-15)
(0.18127 89.4375 7.79094e-15)
(-0.976298 87.0834 -5.60091e-15)
(-1.81339 84.8831 0)
(-2.38704 83.0848 -4.19091e-15)
(0.812549 40.3397 7.81659e-17)
(-3.80781 50.0953 -1.25674e-16)
(-2.19183 56.8945 1.90483e-16)
(-1.40442 62.7133 6.94481e-16)
(-0.189014 67.6766 1.33511e-15)
(1.23945 71.8766 3.61047e-16)
(2.5362 75.5048 9.45021e-16)
(3.54214 78.698 -1.575e-15)
(4.12405 81.4186 -1.2264e-15)
(4.20335 83.7889 -1.4067e-15)
(3.80367 85.6957 1.64788e-15)
(2.98687 87.3875 0)
(1.81432 89.0091 -4.70755e-15)
(0.945955 90.3907 0)
(0.430208 91.6714 0)
(-0.936168 92.7659 0)
(-1.85659 90.7014 6.09351e-15)
(-2.95355 88.097 -7.84641e-15)
(-3.81083 85.6548 0)
(-4.41636 83.595 2.85651e-15)
(-0.82406 39.7686 7.58951e-18)
(-5.13817 48.9712 2.76501e-16)
(-3.48875 55.8711 0)
(-2.67148 61.4784 1.33499e-15)
(-1.71576 66.2769 4.96034e-16)
(-0.583792 70.4581 2.06478e-16)
(0.450873 74.1916 -1.47363e-17)
(1.26721 77.6012 3.1517e-15)
(1.78819 80.6934 0)
(1.85218 83.4296 1.25203e-15)
(1.56354 85.7564 1.46455e-15)
(0.849821 87.7985 3.55227e-15)
(-0.185742 89.5543 4.26265e-15)
(-1.00389 90.9809 1.02656e-14)
(-1.6877 92.3236 -6.30259e-15)
(-2.7536 93.4893 -5.1418e-16)
(-4.04448 92.0931 2.18099e-14)
(-4.88505 89.1278 8.1306e-15)
(-5.78463 86.4553 6.6484e-15)
(-6.39987 84.1573 5.77938e-15)
(-2.4148 39.1007 0)
(-6.72866 47.5931 -5.93474e-16)
(-5.00597 54.6032 -4.66207e-16)
(-4.08616 60.117 -1.66976e-15)
(-3.27313 64.836 -2.19569e-15)
(-2.37299 69.0037 7.37135e-16)
(-1.58253 72.7904 -1.96784e-15)
(-0.982049 76.3289 -3.17428e-15)
(-0.595101 79.6685 -1.11681e-15)
(-0.559315 82.7682 1.29098e-16)
(-0.808146 85.4471 -2.78105e-15)
(-1.48552 87.8344 -3.34834e-15)
(-2.43761 89.7731 -3.73233e-15)
(-3.28759 91.3625 -4.47494e-15)
(-3.97885 92.8476 0)
(-4.75616 94.0472 2.58982e-16)
(-6.34836 93.4353 2.92536e-16)
(-6.79008 90.1042 -7.71945e-15)
(-7.67545 87.2378 -1.93217e-14)
(-8.3204 84.7711 5.21514e-15)
(-3.9297 38.4236 0)
(-8.57608 46.0766 3.28552e-16)
(-6.7871 53.062 0)
(-5.74944 58.5934 1.07908e-15)
(-4.99432 63.3415 2.71724e-15)
(-4.26224 67.553 0)
(-3.68262 71.3893 3.79239e-15)
(-3.29574 74.9985 6.43562e-15)
(-3.09009 78.4789 0)
(-3.11953 81.8017 -2.29606e-15)
(-3.37447 84.8475 5.73754e-15)
(-4.03479 87.5397 2.86561e-16)
(-4.94689 89.7222 3.77433e-15)
(-5.83858 91.5066 -3.7574e-15)
(-6.51231 93.126 0)
(-6.95254 94.4704 -1.27649e-14)
(-8.76804 94.6657 -9.58016e-15)
(-8.79108 91.0815 0)
(-9.61758 88.0535 1.21889e-14)
(-10.2729 85.4658 -2.04956e-14)
(-5.37255 37.813 1.67253e-16)
(-10.4664 44.5636 2.75543e-17)
(-8.75219 51.2744 -9.48607e-16)
(-7.62957 56.8257 -4.2753e-16)
(-6.87724 61.6917 -1.5764e-16)
(-6.28021 66.0325 -1.87579e-15)
(-5.89564 69.9578 3.61218e-15)
(-5.72932 73.6297 -6.31062e-15)
(-5.71524 77.1708 -6.93616e-15)
(-5.88045 80.6274 4.74704e-15)
(-6.1864 83.9205 -2.89055e-15)
(-6.84781 86.8934 -2.96217e-15)
(-7.75289 89.368 2.96038e-15)
(-8.63843 91.3799 -6.81488e-15)
(-9.34055 93.079 0)
(-9.62228 94.4835 2.26205e-14)
(-11.3092 95.4809 -3.37506e-14)
(-11.0153 92.0139 1.25984e-14)
(-11.6817 88.8507 1.13606e-14)
(-12.3468 86.2045 3.63024e-16)
(-6.77646 37.2496 2.35631e-17)
(-12.3099 43.1867 -3.49081e-16)
(-10.8003 49.3252 1.39164e-15)
(-9.68247 54.8014 -1.76609e-15)
(-8.93265 59.8227 -2.9226e-15)
(-8.45229 64.3608 0)
(-8.26028 68.4396 -3.87704e-15)
(-8.29994 72.1935 0)
(-8.49298 75.7674 4.60519e-15)
(-8.80314 79.2756 0)
(-9.24426 82.7054 0)
(-9.9399 85.9009 -4.44789e-16)
(-10.8293 88.6603 1.12366e-14)
(-11.6564 90.9361 6.5163e-15)
(-12.3715 92.7807 6.29596e-16)
(-12.6669 94.1036 -9.02197e-15)
(-13.9439 95.3499 0)
(-13.6468 92.6394 0)
(-14.0312 89.522 1.00048e-14)
(-14.692 86.9167 1.84714e-14)
(-8.16148 36.7312 -1.33043e-16)
(-13.9773 41.9353 -5.29214e-16)
(-12.8282 47.3312 8.70354e-16)
(-11.8961 52.5742 -8.27755e-16)
(-11.1857 57.7102 -1.68452e-15)
(-10.8312 62.472 1.44788e-15)
(-10.8201 66.7537 2.0219e-15)
(-11.0496 70.6405 -1.84252e-15)
(-11.4525 74.2627 0)
(-11.9583 77.7776 -4.75826e-15)
(-12.5514 81.2434 4.39985e-15)
(-13.3115 84.5722 -5.01957e-15)
(-14.1619 87.6321 0)
(-14.8966 90.0797 1.15421e-16)
(-15.5479 92.1263 5.46452e-16)
(-15.8135 93.4049 8.816e-15)
(-16.6799 94.7902 -2.26381e-14)
(-16.6844 92.9465 1.03608e-14)
(-16.7867 89.9795 -9.51307e-15)
(-17.4504 87.5238 -8.69285e-15)
(-9.54374 36.2433 0)
(-15.558 40.7425 -3.84726e-17)
(-14.6531 45.4159 -1.69587e-15)
(-14.1542 50.2274 1.60022e-16)
(-13.6383 55.3684 0)
(-13.4665 60.3084 0)
(-13.6352 64.8038 -5.48603e-15)
(-14.0391 68.8714 1.79626e-15)
(-14.6385 72.5913 -8.3611e-15)
(-15.3524 76.1084 -5.07328e-16)
(-16.1229 79.5437 8.76035e-15)
(-16.9688 82.9084 -4.25489e-15)
(-17.7933 86.1224 4.83989e-16)
(-18.4505 88.6856 5.76248e-16)
(-19.0498 91.0429 -5.72524e-15)
(-19.3659 92.3762 0)
(-20.0462 93.9045 -1.02852e-14)
(-20.2136 92.7557 3.98634e-14)
(-20.1245 90.1026 -1.65805e-14)
(-20.7933 87.9188 7.92219e-15)
(-10.9488 35.7911 5.61809e-17)
(-17.1483 39.6049 6.89863e-16)
(-16.3574 43.5937 1.5646e-15)
(-16.3373 47.9076 1.03095e-15)
(-16.2339 52.9566 1.37667e-15)
(-16.3453 57.8982 0)
(-16.7381 62.526 1.84368e-15)
(-17.3295 66.7808 1.77665e-15)
(-18.1125 70.6489 -3.89278e-15)
(-19.0308 74.2017 8.23976e-15)
(-19.9942 77.5728 4.38358e-15)
(-20.9184 80.9115 -4.42489e-15)
(-21.7679 84.2084 8.68255e-15)
(-22.3761 86.9751 4.51772e-15)
(-22.929 89.3757 5.95072e-15)
(-23.2973 90.8175 8.8873e-16)
(-23.8831 92.4711 -8.19778e-15)
(-24.2704 91.9455 -4.9219e-16)
(-24.1146 89.7793 -1.69431e-14)
(-24.822 88.0174 -9.05986e-15)
(-12.4135 35.3923 0)
(-18.7731 38.5109 -5.89728e-16)
(-18.1992 41.8757 5.54727e-16)
(-18.6883 45.7332 -1.27522e-15)
(-19.0446 50.5042 3.16275e-15)
(-19.4602 55.3629 -1.69046e-15)
(-20.1577 59.9346 0)
(-20.9945 64.2865 0)
(-21.9564 68.3157 4.21982e-15)
(-23.0722 71.9524 0)
(-24.2318 75.2669 -1.93889e-17)
(-25.2362 78.5049 -8.04346e-15)
(-26.0863 81.7794 3.90649e-15)
(-26.6753 84.7567 -4.68745e-15)
(-27.1511 87.206 0)
(-27.5569 88.8449 6.20475e-15)
(-28.1045 90.6974 0)
(-28.8124 90.6493 -8.73411e-15)
(-28.7184 88.9853 -1.60904e-14)
(-29.6882 87.7455 1.43171e-14)
(-13.9349 35.0547 1.04199e-17)
(-20.4951 37.4822 -9.13435e-16)
(-20.2965 40.291 0)
(-21.3494 43.683 -2.15357e-15)
(-22.2013 48.0107 -1.30923e-15)
(-23.0031 52.6243 -1.80223e-15)
(-23.9422 57.138 0)
(-25.0963 61.3804 0)
(-26.2575 65.505 4.06167e-15)
(-27.5786 69.2562 0)
(-28.9459 72.5303 4.31118e-15)
(-30.0491 75.6179 -3.81477e-15)
(-30.897 78.8212 -3.81349e-15)
(-31.4884 81.7744 6.2215e-16)
(-31.9014 84.3674 -1.55775e-14)
(-32.358 86.2614 5.0516e-15)
(-33.0565 88.3154 -7.38877e-15)
(-33.919 88.6676 0)
(-34.0588 87.6384 -7.29216e-15)
(-35.7645 87.096 2.32988e-14)
(-15.5008 34.8102 -1.78889e-16)
(-22.3854 36.5806 1.78909e-15)
(-22.7464 38.8653 -5.73798e-16)
(-24.3181 41.6579 2.08017e-15)
(-25.645 45.502 3.04875e-15)
(-26.8532 49.7641 -4.54635e-15)
(-28.1089 54.2823 1.02401e-14)
(-29.5454 58.3067 -1.0135e-14)
(-31.0007 62.3489 -4.49197e-16)
(-32.6081 66.1484 -4.86131e-15)
(-34.2445 69.3163 1.31625e-14)
(-35.4799 72.1279 -8.48161e-15)
(-36.3024 75.1144 4.43813e-15)
(-36.8488 78.0695 0)
(-37.3151 80.7204 0)
(-37.8742 82.8151 0)
(-38.8441 85.0428 9.18254e-15)
(-39.9694 85.8629 6.60104e-16)
(-40.967 85.6446 -7.20843e-15)
(-43.1157 85.827 -8.36775e-15)
(-17.1043 34.7243 -2.72358e-17)
(-24.4428 35.8721 -2.25849e-15)
(-25.4114 37.7181 -9.10164e-16)
(-27.5904 39.8569 8.74655e-16)
(-29.592 42.8716 1.51194e-15)
(-31.1336 46.6177 -1.80431e-15)
(-32.2476 50.9754 0)
(-33.3113 55.3089 0)
(-35.6011 59.2836 0)
(-37.8307 63.0048 0)
(-40.033 65.9407 -1.14987e-14)
(-41.5919 68.2417 1.65265e-14)
(-42.4581 70.7251 -4.83464e-15)
(-42.958 73.4713 0)
(-43.5183 76.1344 0)
(-44.3719 78.4379 0)
(-45.8549 80.6914 1.66598e-14)
(-47.7407 82.1353 7.7296e-16)
(-49.6092 82.8649 1.3235e-15)
(-52.2323 83.7589 0)
(-18.767 34.6956 0)
(-26.5794 35.3652 4.96851e-15)
(-28.0837 36.9212 -1.02518e-15)
(-30.8097 38.5749 5.59049e-15)
(-33.6023 40.8932 -5.76228e-15)
(-36.2356 43.7469 0)
(-38.2462 47.1246 0)
(-39.0449 50.7493 1.34255e-14)
(-40.5115 54.944 0)
(-42.6389 59.1085 0)
(-44.4181 62.512 -1.70286e-14)
(-46.4605 64.6503 2.57894e-14)
(-48.6079 66.3752 -7.1905e-15)
(-49.8119 68.7193 -3.07604e-14)
(-50.8407 71.363 -2.24538e-15)
(-52.4158 73.8591 -2.55885e-15)
(-54.9913 76.2148 4.00876e-14)
(-58.0201 78.4173 2.27716e-14)
(-60.407 79.6089 0)
(-62.4608 79.6456 -3.6202e-14)
(-20.5031 34.7018 0)
(-28.6618 34.9999 -2.80647e-15)
(-30.494 36.452 4.20382e-15)
(-33.5534 37.8906 -3.34743e-15)
(-36.8798 39.7715 4.2861e-15)
(-40.279 42.2208 0)
(-43.5902 44.9998 0)
(-46.3549 47.9416 1.41329e-15)
(-48.4071 50.9414 -6.04959e-15)
(-50.6183 54.4295 6.15121e-15)
(-52.8297 57.9404 1.37734e-14)
(-53.8778 60.9229 -1.6291e-14)
(-52.9918 62.5018 -4.5091e-14)
(-52.7363 63.4495 4.93292e-14)
(-55.1869 65.6778 2.6691e-14)
(-58.6552 68.7728 -3.29929e-14)
(-61.8899 71.4045 -1.90005e-15)
(-63.768 74.4277 -3.93293e-14)
(-63.0428 76.9074 -3.79658e-14)
(-61.8991 77.0101 6.33978e-14)
(-22.3388 34.6563 0)
(-30.5287 34.6998 3.53314e-15)
(-32.4071 36.2245 -4.63276e-15)
(-35.4366 37.6802 4.56359e-15)
(-38.749 39.4429 1.60876e-15)
(-42.266 41.6875 0)
(-45.9235 44.5076 0)
(-49.4725 47.8915 -3.78122e-15)
(-52.6008 51.4401 -4.40587e-16)
(-55.3716 55.0919 5.87603e-15)
(-57.0037 58.4809 0)
(-57.223 61.2193 0)
(-57.591 64.05 1.80751e-14)
(-59.0979 67.2493 4.44107e-17)
(-60.6137 70.1555 2.33606e-14)
(-62.2208 73.361 -2.19691e-14)
(-64.1414 76.6096 0)
(-65.0088 78.4258 0)
(-63.9164 77.4366 0)
(-62.1592 74.5493 0)
(-24.2947 34.357 3.47116e-16)
(-31.87 34.2907 -7.99416e-15)
(-33.6029 36.0019 7.57607e-15)
(-36.3431 37.5933 -9.09644e-15)
(-39.084 39.3361 -5.26158e-15)
(-41.6475 41.3501 1.60326e-14)
(-43.945 43.672 0)
(-45.8857 46.2962 -1.3068e-14)
(-47.4965 49.1934 -8.11525e-15)
(-48.7463 52.3009 8.28056e-15)
(-49.895 55.6598 2.91134e-14)
(-51.0882 58.9248 -2.96793e-14)
(-53.2201 61.8919 4.30904e-14)
(-55.8196 64.7692 -1.93358e-14)
(-57.8652 67.4845 2.26552e-14)
(-59.2919 70.2314 -4.76244e-14)
(-60.2451 73.3998 2.77686e-14)
(-60.4076 75.9536 -2.9674e-14)
(-60.5022 76.2607 0)
(-62.1624 74.9714 0)
(-26.9716 33.6781 0)
(-32.5458 34.4049 1.959e-15)
(-33.7477 36.749 -3.89637e-15)
(-35.8815 38.8928 0)
(-38.0569 40.9229 0)
(-40.2234 43.0485 -9.85e-15)
(-42.4376 45.4708 -6.5525e-15)
(-44.6562 48.3275 6.47345e-15)
(-46.8899 51.7167 0)
(-49.1267 55.534 0)
(-51.4041 59.616 -2.14752e-14)
(-53.3855 63.6071 0)
(-55.0317 67.2458 -3.06295e-14)
(-56.1203 70.2352 -3.80507e-14)
(-56.8934 72.5676 7.50724e-14)
(-57.9262 74.5728 3.87039e-14)
(-59.449 76.8048 0)
(-60.6256 78.5262 3.74387e-14)
(-61.7808 79.1786 3.83885e-14)
(-64.6945 78.6003 -4.26924e-14)
(-0.630027 81.7637 -1.23572e-15)
(-0.650254 81.6675 -1.91547e-17)
(-0.688363 82.2819 1.04616e-15)
(-0.98776 83.0303 -9.97886e-16)
(-1.30241 83.6561 8.84682e-16)
(-1.45667 84.5862 -8.48374e-16)
(-1.56549 85.956 7.59977e-16)
(-1.65067 87.6515 7.36181e-16)
(-1.7129 89.654 -6.6653e-16)
(-1.75866 92.0106 -1.28903e-15)
(-1.79386 94.7559 -2.485e-15)
(-1.84983 97.9018 1.15798e-15)
(-1.89137 101.462 0)
(-1.97382 105.453 0)
(-2.05926 109.959 -2.18653e-15)
(-1.99245 114.632 0)
(-2.69465 120.607 0)
(-0.604208 123.911 1.01318e-15)
(-7.97739 135.89 -9.95932e-16)
(12.5734 125.846 3.40257e-15)
(-2.72689 81.9756 -2.60862e-15)
(-2.86875 81.7976 -1.25914e-15)
(-3.02406 82.475 -4.51953e-17)
(-3.45875 83.2688 -1.99502e-15)
(-3.87643 83.8245 -3.71902e-15)
(-4.12849 84.671 3.312e-15)
(-4.34994 85.9734 5.09089e-17)
(-4.56273 87.6181 -2.85813e-15)
(-4.75877 89.5828 -2.7359e-15)
(-4.94329 91.9129 -1.34515e-15)
(-5.12263 94.6412 3.64901e-15)
(-5.33131 97.7718 2.32419e-15)
(-5.52884 101.327 6.84566e-15)
(-5.79018 105.301 0)
(-6.04923 109.813 6.56679e-15)
(-6.1955 114.464 -4.37621e-15)
(-7.10834 120.412 8.30672e-15)
(-5.20686 123.785 4.05087e-15)
(-12.9016 135.33 -3.96716e-15)
(7.50794 126.459 -4.12144e-19)
(-4.81625 82.2682 -5.31365e-15)
(-5.05021 81.9935 4.68568e-15)
(-5.33118 82.6998 1.11386e-14)
(-5.91121 83.4985 -1.95358e-15)
(-6.44749 83.9734 0)
(-6.80339 84.7356 -5.49548e-17)
(-7.14289 85.9697 3.09219e-15)
(-7.47982 87.5561 0)
(-7.80547 89.4709 2.74584e-15)
(-8.12724 91.7614 -5.29511e-15)
(-8.45241 94.4608 4.85056e-15)
(-8.81502 97.5633 -4.75098e-15)
(-9.17018 101.102 1.04773e-16)
(-9.60989 105.042 -4.38057e-15)
(-10.043 109.548 -4.38086e-15)
(-10.4024 114.158 0)
(-11.5191 120.078 -4.20585e-15)
(-9.80142 123.498 0)
(-17.8373 134.648 -8.1118e-15)
(2.54013 126.821 0)
(-6.85554 82.6374 1.05804e-16)
(-7.20519 82.2845 -4.66276e-15)
(-7.64828 83.0094 -8.83312e-15)
(-8.39525 83.7774 0)
(-9.0534 84.1399 -7.599e-15)
(-9.51258 84.797 3.32093e-15)
(-9.96527 85.9441 3.17445e-15)
(-10.4217 87.4513 5.90806e-15)
(-10.8721 89.2956 -5.52813e-15)
(-11.3249 91.5279 5.31375e-15)
(-11.7895 94.1833 1.98192e-16)
(-12.3 97.2447 -4.66351e-15)
(-12.8112 100.758 0)
(-13.4255 104.652 8.96975e-15)
(-14.0323 109.15 -8.98431e-15)
(-14.5998 113.706 -2.1602e-16)
(-15.9116 119.599 -8.65752e-15)
(-14.3791 123.058 7.87773e-15)
(-22.6839 133.806 8.64354e-15)
(-2.42486 126.975 2.95863e-16)
(-8.85651 83.1086 2.02303e-14)
(-9.3578 82.6998 -1.38501e-14)
(-10.0055 83.426 4.17005e-15)
(-10.9373 84.1142 0)
(-11.714 84.3266 0)
(-12.2742 84.8547 -6.95005e-15)
(-12.8357 85.8917 1.25432e-14)
(-13.4037 87.299 -1.18719e-14)
(-13.9681 89.0564 5.20416e-15)
(-14.5409 91.2176 1.02107e-14)
(-15.1362 93.8168 1.01115e-14)
(-15.7861 96.8246 -9.51777e-15)
(-16.4506 100.303 9.01745e-15)
(-17.2328 104.138 7.94382e-18)
(-18.0131 108.627 8.98879e-15)
(-18.7824 113.113 2.08339e-16)
(-20.2926 118.98 -8.66496e-15)
(-18.9417 122.455 1.56309e-14)
(-27.5895 132.832 -1.61952e-14)
(-7.29442 126.918 -1.35134e-14)
(-10.8909 83.7049 4.96868e-15)
(-11.5744 83.2713 -4.10203e-15)
(-12.4657 83.9779 1.86747e-16)
(-13.5908 84.5217 0)
(-14.4712 84.5313 0)
(-15.1187 84.9011 -1.38092e-14)
(-15.7754 85.8057 1.23696e-14)
(-16.44 87.0953 2.36729e-14)
(-17.1038 88.7517 -1.62936e-14)
(-17.7845 90.8288 -1.05933e-14)
(-18.501 93.3593 1.9808e-14)
(-19.2808 96.3008 -3.80441e-14)
(-20.0934 99.7342 8.815e-15)
(-21.0324 103.497 8.76831e-15)
(-21.985 107.975 8.99504e-15)
(-22.9445 112.375 -8.3299e-15)
(-24.6546 118.217 0)
(-23.4831 121.698 1.6251e-14)
(-32.5085 131.706 1.73216e-14)
(-12.0177 126.66 1.41461e-14)
(-13.0607 84.4159 -9.03244e-15)
(-13.9604 84.0007 0)
(-15.1258 84.6567 1.70081e-14)
(-16.4288 84.9703 -1.53376e-14)
(-17.3726 84.722 0)
(-18.0792 84.9111 0)
(-18.8073 85.6659 -6.27013e-15)
(-19.5472 86.823 -2.33771e-14)
(-20.292 88.3661 1.09664e-14)
(-21.066 90.3489 0)
(-21.8923 92.8017 0)
(-22.7895 95.6685 9.50027e-15)
(-23.7431 99.0482 -9.20901e-15)
(-24.823 102.729 -8.95744e-15)
(-25.9465 107.193 -1.80041e-14)
(-27.0824 111.482 1.66598e-14)
(-28.9938 117.308 4.7746e-16)
(-28.0027 120.774 4.63856e-16)
(-37.3607 130.391 -1.62554e-14)
(-16.6839 126.241 -1.36085e-14)
(-15.5068 85.1936 -8.25915e-15)
(-16.6525 84.853 -1.71115e-14)
(-18.103 85.4181 -7.52826e-16)
(-19.5287 85.4036 2.28559e-14)
(-20.4623 84.8514 0)
(-21.1829 84.8495 1.33726e-14)
(-21.9472 85.4429 -1.27113e-14)
(-22.7332 86.4563 1.12365e-14)
(-23.5349 87.8777 1.07301e-14)
(-24.3832 89.7597 -1.05645e-14)
(-25.3045 92.129 9.68629e-15)
(-26.3056 94.9157 0)
(-27.3935 98.2357 -1.88381e-14)
(-28.5984 101.827 3.58595e-14)
(-29.8951 106.273 -3.47653e-14)
(-31.1921 110.407 0)
(-33.3093 116.287 -1.19636e-17)
(-32.4915 119.677 -1.59101e-14)
(-42.1428 128.892 3.32598e-14)
(-21.35 125.665 -4.04458e-14)
(-18.3957 85.974 -4.63581e-16)
(-19.8202 85.7701 2.44705e-14)
(-21.5277 86.1806 -1.57286e-14)
(-22.9583 85.733 -7.71728e-15)
(-23.7742 84.8563 1.42524e-14)
(-24.4523 84.672 -2.69863e-14)
(-25.2087 85.1014 1.22142e-14)
(-26.0048 85.9664 0)
(-26.8345 87.2621 2.02082e-16)
(-27.7347 89.0395 -1.01512e-14)
(-28.7342 91.3215 -2.0171e-14)
(-29.8243 94.0245 1.86032e-14)
(-31.0395 97.2801 -1.88492e-14)
(-32.3542 100.778 1.79382e-14)
(-33.8346 105.199 1.84542e-14)
(-35.2634 109.228 -1.66578e-14)
(-37.5982 115.119 5.13557e-14)
(-36.936 118.408 -1.54674e-14)
(-46.8478 127.216 -3.25853e-14)
(-26.0113 124.929 -1.48311e-17)
(-21.9028 86.6668 -8.03787e-15)
(-23.6392 86.6553 3.24661e-14)
(-25.5044 86.7965 8.81758e-16)
(-26.7451 85.8204 -3.05841e-14)
(-27.3184 84.6493 -1.49512e-14)
(-27.8987 84.3192 2.63144e-14)
(-28.5994 84.5982 0)
(-29.3682 85.3231 1.18548e-14)
(-30.1956 86.4998 -2.16315e-14)
(-31.1241 88.1767 0)
(-32.1832 90.3723 -1.97521e-14)
(-33.3456 92.9911 1.8999e-14)
(-34.6793 96.1782 0)
(-36.0876 99.5819 3.58648e-14)
(-37.7591 103.972 -1.76311e-14)
(-39.2953 107.843 0)
(-41.8589 113.802 -5.14663e-14)
(-41.3311 116.964 4.80662e-14)
(-51.4666 125.375 3.33665e-14)
(-30.6669 124.03 5.52874e-14)
(-26.2922 87.1795 1.49411e-14)
(-28.2455 87.3381 8.43863e-15)
(-30.0548 87.0237 -1.5708e-14)
(-30.8341 85.4816 -1.57435e-14)
(-31.0544 84.1182 2.85267e-14)
(-31.4946 83.7069 -2.64214e-14)
(-32.0922 83.8676 1.23955e-14)
(-32.7995 84.4784 -2.37423e-14)
(-33.5985 85.5572 3.23919e-14)
(-34.5358 87.149 2.11469e-14)
(-35.6394 89.2679 -1.93428e-14)
(-36.8603 91.809 4.08611e-16)
(-38.3049 94.9272 -1.80585e-14)
(-39.7892 98.2405 -5.42567e-14)
(-41.6586 102.593 3.53204e-14)
(-43.2655 106.318 8.63694e-16)
(-46.0936 112.305 3.45043e-14)
(-45.6695 115.338 0)
(-55.992 123.374 -3.26348e-14)
(-35.3134 122.963 2.78e-14)
(-31.514 87.3903 0)
(-33.7112 87.5663 0)
(-35.0315 86.5505 -1.71621e-14)
(-35.074 84.5342 -8.77391e-16)
(-34.9012 83.1585 4.29684e-14)
(-35.1839 82.7521 -1.30663e-14)
(-35.6379 82.8472 1.29544e-14)
(-36.2568 83.3865 -2.28073e-14)
(-37.0075 84.4006 0)
(-37.9404 85.9307 2.07217e-14)
(-39.0791 87.9888 1.98207e-14)
(-40.3498 90.4641 0)
(-41.9016 93.5165 -1.89135e-14)
(-43.4483 96.7489 3.55071e-14)
(-45.5258 101.052 3.58043e-14)
(-47.167 104.637 -1.57874e-14)
(-50.2948 110.65 -6.73952e-14)
(-49.9425 113.521 0)
(-60.41 121.221 0)
(-39.9958 121.708 5.27252e-18)
(-37.9165 87.1414 -1.57196e-14)
(-39.9317 86.9891 0)
(-40.093 85.0881 7.2058e-16)
(-39.2696 82.9191 1.66368e-14)
(-38.7629 81.7589 -2.87165e-14)
(-38.8943 81.4449 0)
(-39.1823 81.5393 1.24913e-14)
(-39.7043 82.0557 0)
(-40.3972 83.0387 0)
(-41.3184 84.528 -2.08102e-14)
(-42.4858 86.5381 0)
(-43.8001 88.9575 1.94986e-14)
(-45.456 91.945 -5.5567e-14)
(-47.0551 95.1076 3.59724e-14)
(-49.3512 99.3434 -1.72873e-14)
(-50.9925 102.808 6.83476e-14)
(-54.4646 108.822 0)
(-54.1401 111.51 -3.17951e-14)
(-64.709 118.972 0)
(-44.756 120.228 5.60512e-14)
(-45.4525 86.0792 0)
(-46.3314 85.1114 9.7415e-16)
(-44.6626 82.5136 1.65649e-15)
(-43.2345 80.7098 -4.86199e-14)
(-42.5227 79.9437 1.43074e-14)
(-42.5324 79.7815 -1.36044e-14)
(-42.6582 79.9405 -1.2731e-14)
(-43.0944 80.4819 2.4174e-14)
(-43.733 81.4688 -2.16122e-14)
(-44.6446 82.9403 -4.21417e-14)
(-45.8411 84.9169 1.94476e-14)
(-47.1975 87.2913 1.91062e-14)
(-48.956 90.2147 1.8558e-14)
(-50.6014 93.3202 1.80069e-14)
(-53.1257 97.4659 0)
(-54.7359 100.84 8.8153e-16)
(-58.6045 106.815 -6.77493e-14)
(-58.2383 109.321 -7.49023e-16)
(-68.9616 116.587 3.19889e-14)
(-49.4344 118.557 -5.62742e-14)
(-53.5204 83.6526 2.46515e-14)
(-51.6123 81.4133 2.37947e-14)
(-48.2706 79.0263 1.93881e-14)
(-46.8695 78.05 -1.76968e-14)
(-46.0479 77.7477 1.4173e-14)
(-45.9831 77.776 2.85621e-14)
(-45.9801 78.0645 -1.21981e-14)
(-46.3639 78.6739 -4.82376e-14)
(-46.9691 79.6962 -1.0251e-15)
(-47.8846 81.17 -9.07887e-16)
(-49.1196 83.1262 1.94907e-14)
(-50.5229 85.4668 -3.83089e-14)
(-52.3856 88.3271 0)
(-54.0771 91.3891 1.88961e-14)
(-56.835 95.4167 -7.11268e-14)
(-58.3899 98.7439 3.33368e-14)
(-62.7065 104.62 3.44097e-14)
(-62.2094 106.98 0)
(-73.1374 114.033 -3.26993e-14)
(-54.188 116.59 0)
(-58.8042 78.3506 1.49298e-15)
(-54.4158 76.2618 1.08033e-15)
(-51.0004 75.2787 1.96824e-14)
(-50.1007 75.1605 -5.21334e-14)
(-49.2013 75.3004 4.5035e-14)
(-49.1555 75.5348 1.41058e-14)
(-49.0951 75.9899 -1.29869e-14)
(-49.4772 76.6821 2.34798e-14)
(-50.0806 77.754 2.18627e-14)
(-51.0192 79.2394 2.63137e-17)
(-52.3048 81.1808 0)
(-53.7625 83.4948 -4.30523e-16)
(-55.7321 86.29 1.81969e-14)
(-57.4749 89.32 3.69951e-14)
(-60.4647 93.1976 1.75857e-15)
(-61.9505 96.5342 -6.76038e-14)
(-66.76 102.219 3.54867e-14)
(-66.0383 104.495 -6.23467e-14)
(-77.2543 111.39 3.25104e-14)
(-59.1466 114.139 0)
(-58.493 74.6124 0)
(-55.3512 72.3802 -2.11022e-14)
(-52.865 72.2037 -1.86206e-14)
(-52.7797 72.3296 0)
(-51.9228 72.7981 4.73734e-14)
(-52.0158 73.1872 -4.17032e-14)
(-51.9859 73.7973 -5.28135e-14)
(-52.4184 74.5583 -6.47308e-16)
(-53.0537 75.6778 0)
(-54.0367 77.1744 1.52247e-17)
(-55.3854 79.0998 2.00447e-14)
(-56.906 81.3897 0)
(-58.9857 84.1144 3.8201e-14)
(-60.7905 87.1207 -7.23933e-14)
(-64.002 90.8167 3.47827e-14)
(-65.4231 94.2245 -1.16689e-17)
(-70.7557 99.5857 -3.45919e-14)
(-69.704 101.891 3.15744e-14)
(-81.4237 108.665 -3.40552e-14)
(-63.8508 111.401 5.35688e-14)
(-59.5351 71.8134 0)
(-56.8187 69.4462 0)
(-54.5904 69.7866 -3.64917e-14)
(-54.9856 69.788 6.57491e-14)
(-54.2955 70.4646 -5.98294e-14)
(-54.5977 70.876 1.41123e-14)
(-54.6722 71.5715 5.22266e-14)
(-55.1916 72.3526 2.48242e-14)
(-55.8885 73.4978 -2.2018e-14)
(-56.9339 74.9952 2.11422e-14)
(-58.3577 76.8989 -4.06606e-14)
(-59.9492 79.1641 1.88378e-14)
(-62.1402 81.811 3.82739e-14)
(-64.0213 84.8002 3.80045e-14)
(-67.4379 88.2877 -3.48207e-14)
(-68.8232 91.8256 3.34554e-14)
(-74.6877 96.7033 6.92626e-14)
(-73.2067 99.2338 -3.06635e-14)
(-85.6303 105.833 0)
(-68.2066 108.442 0)
(-60.1671 71.5765 0)
(-58.0034 67.0257 1.99967e-14)
(-55.9321 67.9684 -1.68691e-14)
(-56.8478 67.5296 -3.3575e-14)
(-56.4217 68.3392 1.3155e-14)
(-56.9299 68.6754 2.69955e-14)
(-57.1468 69.395 1.24221e-17)
(-57.7755 70.1388 0)
(-58.5676 71.2718 0)
(-59.6963 72.7433 4.26531e-14)
(-61.2134 74.6098 9.20091e-16)
(-62.8894 76.8461 -3.80963e-14)
(-65.1932 79.4039 0)
(-67.1655 82.3848 -7.25135e-14)
(-70.7662 85.6374 3.65521e-14)
(-72.1744 89.3688 -1.0225e-13)
(-78.5439 93.5867 3.45201e-14)
(-76.6041 96.6952 3.24165e-14)
(-90.0154 102.797 -6.63929e-14)
(-72.3549 104.954 5.3184e-14)
(-59.3814 73.0356 -1.05363e-15)
(-58.3622 64.0317 -2.01368e-14)
(-56.5123 66.4871 -1.77128e-14)
(-57.9614 65.5921 1.63098e-14)
(-57.8822 66.5364 3.03448e-14)
(-58.7426 66.8225 -2.6397e-14)
(-59.1995 67.4994 -2.50797e-14)
(-60.045 68.163 2.38443e-14)
(-60.9872 69.1944 -2.1216e-14)
(-62.2416 70.5762 -2.09651e-14)
(-63.8802 72.3466 3.90781e-14)
(-65.6614 74.5177 4.30804e-16)
(-68.0825 76.9455 -3.73296e-14)
(-70.1922 79.9453 3.46483e-14)
(-73.9281 82.899 0)
(-75.4877 86.9435 3.37789e-14)
(-82.1829 90.2746 1.0406e-15)
(-79.9754 94.5223 -3.01327e-14)
(-94.6068 99.1291 0)
(-76.3138 100.677 -5.20528e-14)
(-58.6239 75.1702 2.16754e-14)
(-59.9292 66.3401 -1.14784e-16)
(-56.9405 67.6143 1.48904e-14)
(-58.3096 66.455 -2.7524e-14)
(-58.1794 66.9345 -4.03731e-16)
(-59.2 66.8608 1.19947e-14)
(-59.8148 67.2184 3.44003e-16)
(-60.8327 67.6204 1.53385e-17)
(-61.9359 68.4286 -1.88154e-14)
(-63.3384 69.6407 -1.77601e-14)
(-65.0846 71.2455 5.21128e-16)
(-66.9893 73.3304 -1.63461e-14)
(-69.4885 75.6134 0)
(-71.7366 78.617 6.17921e-14)
(-75.482 81.3179 0)
(-77.2578 85.5926 -2.96673e-14)
(-83.9127 88.2755 2.92069e-14)
(-81.8955 93.4929 2.69844e-14)
(-96.6071 96.5645 -4.2919e-16)
(-78.829 99.3282 3.09964e-16)
(-58.6216 74.5521 0)
(-60.2052 66.1223 1.3575e-14)
(-57.1185 67.3257 0)
(-58.5419 66.2831 1.14103e-14)
(-58.4113 66.7406 0)
(-59.4578 66.7039 -1.95184e-14)
(-60.0739 67.0499 2.89297e-16)
(-61.0978 67.4501 -2.55051e-16)
(-62.2036 68.2375 1.56336e-14)
(-63.6156 69.432 1.47697e-14)
(-65.3698 71.0117 -1.43622e-14)
(-67.2944 73.0836 2.76694e-14)
(-69.8015 75.3367 0)
(-72.0878 78.3469 -2.6757e-14)
(-75.8482 80.9652 4.23898e-16)
(-77.6812 85.3142 2.52145e-17)
(-84.3115 87.8217 -3.85391e-16)
(-82.3728 93.2919 -2.35977e-14)
(-96.9519 95.9117 -2.13212e-14)
(-79.368 99.0273 -1.70919e-14)
(-58.7727 73.7207 2.58796e-16)
(-60.52 65.9872 -2.05255e-16)
(-57.2845 67.0972 0)
(-58.742 66.1785 1.18791e-14)
(-58.6141 66.5892 1.02e-14)
(-59.682 66.5762 1.92512e-14)
(-60.3017 66.8995 5.64742e-16)
(-61.3333 67.2934 1.28007e-17)
(-62.4453 68.0548 -2.38388e-16)
(-63.8705 69.2284 -2.95377e-14)
(-65.6351 70.7797 5.67143e-18)
(-67.5822 72.8344 -2.76752e-14)
(-70.0966 75.0551 2.06067e-16)
(-72.4242 78.0707 -4.27851e-16)
(-76.1639 80.6257 -2.5995e-14)
(-78.094 85.0262 2.58975e-14)
(-84.6283 87.3941 4.07212e-16)
(-82.8607 93.0771 -3.52019e-16)
(-97.244 95.2633 2.15923e-14)
(-79.9305 98.7685 3.42653e-14)
(-58.982 72.9 0)
(-60.7995 65.8802 0)
(-57.4489 66.8918 1.2326e-14)
(-58.9294 66.0923 -1.15371e-14)
(-58.8173 66.4489 -1.01986e-14)
(-59.9024 66.4549 -2.90084e-16)
(-60.5259 66.7547 -1.78059e-14)
(-61.5627 67.1424 -5.23457e-16)
(-62.6815 67.8782 2.3838e-16)
(-64.1208 69.0301 1.47662e-14)
(-65.8969 70.5524 2.8258e-14)
(-67.868 72.5883 4.69001e-18)
(-70.3893 74.777 1.34908e-14)
(-72.7595 77.7945 0)
(-76.4741 80.293 2.59737e-14)
(-78.5062 84.7382 3.9386e-16)
(-84.9357 86.9798 2.51963e-14)
(-83.3526 92.8533 2.33509e-14)
(-97.5277 94.6365 3.52719e-16)
(-80.4708 98.5129 -1.71664e-14)
(-59.1851 72.0978 1.54196e-14)
(-61.0329 65.758 -1.41033e-17)
(-57.6207 66.6775 2.41309e-16)
(-59.1224 65.9947 -3.72027e-16)
(-59.0357 66.2975 -1.02646e-14)
(-60.1334 66.3225 -9.82076e-15)
(-60.7587 66.6024 1.78101e-14)
(-61.7965 66.987 2.55314e-16)
(-62.9209 67.7001 1.56194e-14)
(-64.3731 68.8311 0)
(-66.1598 70.3252 -1.41258e-14)
(-68.155 72.3413 2.74518e-14)
(-70.6819 74.4993 -1.34942e-14)
(-73.0952 77.5148 0)
(-76.7801 79.9692 -4.23481e-16)
(-78.9216 84.4435 -2.55423e-14)
(-85.2353 86.5702 -2.51783e-14)
(-83.849 92.6218 -2.30274e-14)
(-97.8067 94.0204 -3.27945e-16)
(-80.9857 98.2625 2.69871e-16)
(-59.3636 71.3248 -3.11107e-14)
(-61.2314 65.621 1.40233e-14)
(-57.8055 66.4522 4.29399e-17)
(-59.3283 65.8815 1.76558e-16)
(-59.2738 66.1313 2.12168e-14)
(-60.3782 66.1758 9.53273e-15)
(-61.0024 66.4396 -1.75494e-14)
(-62.0371 66.8249 -2.55243e-16)
(-63.1653 67.5188 -1.56052e-14)
(-64.6291 68.6304 -2.35544e-16)
(-66.4254 70.0973 2.1562e-16)
(-68.4443 72.0932 -1.37275e-14)
(-70.9755 74.222 -1.32723e-14)
(-73.435 77.231 -2.04144e-16)
(-77.0838 79.6469 2.63697e-14)
(-79.3389 84.1429 2.59612e-14)
(-85.5281 86.1655 2.55433e-14)
(-84.35 92.3831 -3.5421e-16)
(-98.0804 93.413 -2.16745e-14)
(-81.4767 98.023 2.57244e-16)
(-59.5112 70.5774 1.51803e-14)
(-61.4035 65.4681 -1.40309e-14)
(-58.0063 66.2131 -2.48234e-14)
(-59.5515 65.7488 0)
(-59.5339 65.9469 2.01473e-17)
(-60.6388 66.0115 -3.03596e-16)
(-61.2583 66.2639 1.83855e-14)
(-62.2856 66.6539 2.67694e-16)
(-63.4157 67.3324 -2.37842e-16)
(-64.8897 68.4265 0)
(-66.6943 69.8677 0)
(-68.7364 71.843 1.37218e-14)
(-71.2707 73.9444 1.34915e-14)
(-73.7758 76.9432 2.6793e-14)
(-77.3866 79.3249 -5.31541e-14)
(-79.7581 83.8365 3.94732e-16)
(-85.8144 85.7653 -2.51183e-14)
(-84.8557 92.1371 0)
(-98.3488 92.8107 2.35802e-17)
(-81.9441 97.7975 -1.7461e-14)
(-59.6279 69.8497 1.5233e-14)
(-61.5576 65.2998 1.46271e-14)
(-58.2273 65.9583 1.24197e-14)
(-59.7969 65.5932 1.17694e-14)
(-59.8184 65.7412 -2.16691e-14)
(-60.9169 65.8269 -9.25103e-15)
(-61.5276 66.0727 1.38702e-17)
(-62.5435 66.4717 -1.69975e-14)
(-63.6734 67.1391 0)
(-65.1559 68.218 1.47196e-14)
(-66.9674 69.6353 -2.2524e-16)
(-69.0318 71.59 -1.32912e-14)
(-71.5679 73.6658 -2.0594e-16)
(-74.1181 76.6516 -6.71944e-18)
(-77.6925 79.0019 2.63617e-14)
(-80.1789 83.5238 0)
(-86.0943 85.3696 0)
(-85.3659 91.8839 -2.36039e-14)
(-98.6116 92.2115 2.45419e-17)
(-82.3883 97.5885 -3.3851e-17)
(-59.7157 69.1353 -3.07245e-14)
(-61.702 65.1174 -1.43866e-14)
(-58.4726 65.6851 -1.25077e-14)
(-60.0689 65.4111 -1.17729e-14)
(-60.1296 65.511 2.13801e-14)
(-61.2138 65.6193 0)
(-61.8113 65.8634 0)
(-62.8117 66.2761 -1.68357e-17)
(-63.9392 66.9371 0)
(-65.4286 68.0033 -1.47027e-14)
(-67.2455 69.3989 -1.38591e-14)
(-69.3311 71.3335 -1.39218e-14)
(-71.8678 73.3858 -1.36959e-14)
(-74.4622 76.3559 -5.34132e-14)
(-78.0012 78.6783 0)
(-80.6009 83.2046 0)
(-86.368 84.9783 0)
(-85.8807 91.6236 2.36522e-14)
(-98.8673 91.6139 4.22152e-14)
(-82.8098 97.3983 1.76218e-14)
(-59.7776 68.4276 1.52335e-14)
(-61.8447 64.9193 0)
(-58.7472 65.3909 1.24872e-14)
(-60.3719 65.199 3.7812e-16)
(-60.4688 65.2536 -1.10276e-14)
(-61.5305 65.3863 0)
(-62.1101 65.6339 0)
(-63.0912 66.0647 1.67137e-14)
(-64.2143 66.7243 2.48387e-16)
(-65.7086 67.781 -4.58852e-16)
(-67.5294 69.1574 1.42885e-14)
(-69.6347 71.0724 1.37104e-14)
(-72.1707 73.1035 1.34812e-14)
(-74.8083 76.0557 2.63873e-14)
(-78.3104 78.3546 -2.11596e-17)
(-81.0238 82.8784 3.9554e-16)
(-86.6356 84.5915 0)
(-86.4004 91.3558 0)
(-99.1141 91.0168 -2.10442e-14)
(-83.2085 97.2293 0)
(-59.8176 67.7204 1.52632e-14)
(-61.993 64.7061 0)
(-59.056 65.0724 1.25815e-14)
(-60.7089 64.954 -3.79199e-16)
(-60.8368 64.9665 -1.0436e-14)
(-61.8672 65.126 0)
(-62.4244 65.382 0)
(-63.3829 65.8357 1.64684e-14)
(-64.4993 66.4989 -1.09116e-17)
(-65.9966 67.5496 4.58488e-16)
(-67.8197 68.9096 1.38494e-14)
(-69.9429 70.8061 1.37036e-14)
(-72.477 72.8183 1.34741e-14)
(-75.1563 75.7509 2.72394e-14)
(-78.6206 78.031 -4.01781e-16)
(-81.4472 82.5446 0)
(-86.8974 84.2095 0)
(-86.9253 91.08 0)
(-99.3498 90.4192 -2.0935e-14)
(-83.5852 97.0867 0)
(-59.8391 67.0071 -3.02222e-14)
(-62.1539 64.4788 -1.45679e-14)
(-59.4041 64.7258 -1.25597e-14)
(-61.0821 64.6735 -1.19234e-14)
(-61.2337 64.6477 2.15914e-14)
(-62.2238 64.8366 0)
(-62.7547 65.1058 0)
(-63.6872 65.5873 3.20071e-17)
(-64.795 66.2592 0)
(-66.2934 67.3074 -1.46724e-14)
(-68.117 68.6544 -1.42784e-14)
(-70.256 70.5337 -1.34927e-14)
(-72.787 72.5297 -1.32602e-14)
(-75.5061 75.4412 -5.38364e-14)
(-78.932 77.7073 0)
(-81.8709 82.2029 0)
(-87.1537 83.8328 0)
(-87.4561 90.7956 2.38656e-14)
(-99.5722 89.8197 4.17273e-14)
(-83.9427 96.9699 1.7926e-14)
(-59.8436 66.2876 1.51966e-14)
(-62.3355 64.2384 1.42995e-14)
(-59.7958 64.3485 1.2665e-14)
(-61.4927 64.3553 1.19057e-14)
(-61.6592 64.2948 -2.14336e-14)
(-62.6001 64.5162 -1.07134e-14)
(-63.1012 64.8029 -1.31844e-17)
(-64.0046 65.3177 -1.6487e-14)
(-65.1021 66.0036 0)
(-66.5994 67.0531 1.44204e-14)
(-68.4216 68.3906 4.39078e-16)
(-70.5743 70.2543 -1.41219e-14)
(-73.1009 72.237 2.05779e-16)
(-75.8578 75.1262 1.12137e-17)
(-79.2448 77.383 2.63009e-14)
(-82.2943 81.8526 0)
(-87.4044 83.4616 0)
(-87.9933 90.5022 -2.39068e-14)
(-99.7789 89.217 -3.45758e-17)
(-84.284 96.8798 7.66729e-18)
(-59.8338 65.5613 1.51159e-14)
(-62.5424 63.9824 -1.47899e-14)
(-60.235 63.9378 -2.53538e-14)
(-61.9404 63.9986 0)
(-62.1116 63.908 -5.43278e-17)
(-62.9949 64.1647 -4.27942e-17)
(-63.4636 64.473 1.89903e-14)
(-64.3358 65.0246 -5.27777e-16)
(-65.4209 65.7305 2.37348e-16)
(-66.9151 66.7855 0)
(-68.734 68.1172 2.24146e-16)
(-70.898 69.9672 1.34842e-14)
(-73.4187 71.9397 1.34633e-14)
(-76.2112 74.8058 2.6819e-14)
(-79.5592 77.058 -5.21658e-14)
(-82.7174 81.4936 -3.96141e-16)
(-87.6494 83.0956 -2.49038e-14)
(-88.5373 90.1988 0)
(-99.9674 88.6102 -3.72997e-17)
(-84.6124 96.8169 -1.80377e-14)
(-59.8164 64.8279 -2.93449e-14)
(-62.7839 63.7083 1.47502e-14)
(-60.726 63.4919 -6.14171e-17)
(-62.423 63.6031 -1.82414e-16)
(-62.5871 63.4889 2.22345e-14)
(-63.4049 63.7838 1.0606e-14)
(-63.8399 64.1167 -1.94484e-14)
(-64.6809 64.7068 2.6162e-16)
(-65.7518 65.4385 -1.56103e-14)
(-67.2407 66.5034 2.33445e-16)
(-69.0543 67.8333 -2.14598e-16)
(-71.2269 69.6718 -1.36824e-14)
(-73.7404 71.6373 -1.36816e-14)
(-76.566 74.4796 2.04273e-16)
(-79.8754 76.7325 2.62879e-14)
(-83.1415 81.1291 2.61016e-14)
(-87.8909 82.7348 2.4474e-14)
(-89.0876 89.8837 3.60858e-16)
(-100.136 87.9995 -2.02336e-14)
(-84.9305 96.7802 -2.6471e-16)
(-59.7995 64.0864 1.47009e-14)
(-63.0659 63.4148 1.20222e-17)
(-61.2703 63.0084 -2.65222e-16)
(-62.9369 63.1688 3.85308e-16)
(-63.0812 63.0394 -1.15379e-14)
(-63.827 63.3751 -1.04266e-14)
(-64.2284 63.7352 1.94324e-14)
(-65.0388 64.3648 -2.65353e-16)
(-66.0952 65.1256 1.57929e-14)
(-67.5761 66.2057 0)
(-69.3825 67.538 -1.40162e-14)
(-71.5609 69.3674 2.73586e-14)
(-74.066 71.3295 -1.34531e-14)
(-76.9218 74.1473 0)
(-80.1928 76.4068 -4.22269e-16)
(-83.5534 80.7622 -2.57133e-14)
(-88.1353 82.3796 -2.48235e-14)
(-89.6439 89.5553 -2.44436e-14)
(-100.284 87.3857 3.16644e-16)
(-85.2416 96.7681 -2.82043e-16)
(-59.78 63.3266 0)
(-63.393 63.1017 0)
(-61.8645 62.4832 1.27741e-14)
(-63.477 62.6958 -1.21775e-14)
(-63.5877 62.5618 -1.13408e-14)
(-64.258 62.9418 -3.32256e-17)
(-64.6273 63.3307 -1.92705e-14)
(-65.4087 64 2.79976e-16)
(-66.4511 64.792 -2.45532e-16)
(-67.9212 65.8918 1.47139e-14)
(-69.7182 67.2308 2.80171e-14)
(-71.8999 69.0537 2.08855e-16)
(-74.3949 71.0155 1.32512e-14)
(-77.279 73.8094 0)
(-80.5098 76.08 2.66578e-14)
(-83.9585 80.3891 -3.95893e-16)
(-88.3696 82.0389 2.4797e-14)
(-90.2116 89.2171 2.40941e-14)
(-100.402 86.7646 -3.38573e-16)
(-85.5526 96.7847 -1.80243e-14)
(-59.7387 62.5332 -2.28367e-16)
(-63.7717 62.7741 2.16979e-16)
(-62.5051 61.9127 0)
(-64.036 62.185 1.18386e-14)
(-64.097 62.0567 1.17269e-14)
(-64.6898 62.4848 2.14792e-14)
(-65.0296 62.9032 -2.9745e-16)
(-65.7859 63.6114 -2.82783e-16)
(-66.815 64.4369 2.48668e-16)
(-68.2744 65.5595 -2.97533e-14)
(-70.0598 66.9101 -1.05767e-17)
(-72.2429 68.7297 -2.71121e-14)
(-74.7259 70.6942 -2.0545e-16)
(-77.6377 73.466 4.27952e-16)
(-80.8255 75.75 -2.66373e-14)
(-84.376 80.0047 2.6073e-14)
(-88.5711 81.7024 -4.02266e-16)
(-90.8102 88.8778 3.61892e-16)
(-100.47 86.1186 2.01057e-14)
(-85.8765 96.8477 3.59334e-14)
(-59.7255 61.7567 0)
(-64.2303 62.4343 1.45069e-14)
(-63.2328 61.3155 0)
(-64.6134 61.6458 1.23612e-14)
(-64.5997 61.5323 0)
(-65.1049 62.0056 -2.11693e-14)
(-65.4176 62.451 -3.09966e-16)
(-66.1542 63.1935 2.73097e-16)
(-67.1748 64.0545 1.61187e-14)
(-68.6263 65.2033 1.53258e-14)
(-70.4014 66.5722 -1.38119e-14)
(-72.5851 68.3919 2.71076e-14)
(-75.0568 70.3637 0)
(-77.9925 73.1123 -2.67525e-14)
(-81.1398 75.4139 -4.21398e-16)
(-84.7708 79.602 -4.69474e-17)
(-88.7612 81.3565 3.7727e-16)
(-91.4321 88.5234 -2.37473e-14)
(-100.479 85.4463 -2.03097e-14)
(-86.2049 96.9528 -1.78613e-14)
(-60.0794 61.1983 1.70582e-14)
(-64.8312 62.0165 1.88276e-17)
(-64.0476 60.7122 1.59213e-14)
(-65.1757 61.0835 -3.00639e-14)
(-65.0778 61.013 4.36917e-16)
(-65.4905 61.5292 1.21549e-14)
(-65.7892 62.0072 -3.64136e-16)
(-66.5149 62.7783 -1.27721e-17)
(-67.5367 63.6712 -1.90325e-14)
(-68.9832 64.8431 -1.76118e-14)
(-70.7527 66.2321 -5.19721e-16)
(-72.9347 68.0507 -1.57836e-14)
(-75.4013 70.0346 0)
(-78.3483 72.7515 6.17641e-14)
(-81.4743 75.0799 0)
(-85.14 79.2091 -2.99253e-14)
(-89.0385 81.0414 2.83744e-14)
(-91.929 88.0826 2.82415e-14)
(-100.537 84.8283 3.98893e-16)
(-86.4776 96.9639 -3.16697e-16)
(-64.0613 57.9843 7.73614e-17)
(-67.4522 58.4463 -2.16308e-14)
(-66.5998 57.5585 -1.90258e-14)
(-66.7643 58.2268 1.74392e-14)
(-66.7339 58.8322 -3.16999e-14)
(-67.0398 59.696 2.75178e-14)
(-67.4578 60.4596 -2.54998e-14)
(-68.2277 61.3364 -2.39968e-14)
(-69.3034 62.285 2.14813e-14)
(-70.7461 63.4399 2.10528e-14)
(-72.5029 64.7915 -3.87118e-14)
(-74.6683 66.5128 3.66658e-14)
(-77.1653 68.4832 3.68297e-14)
(-80.1084 71.0223 -3.44603e-14)
(-83.3545 73.5921 3.53141e-14)
(-86.925 77.1417 8.76421e-16)
(-91.3916 79.8119 -6.63745e-14)
(-93.5607 85.353 3.05985e-14)
(-103.101 84.0692 0)
(-88.9118 94.8492 6.71398e-17)
(-71.8971 55.9589 0)
(-70.3352 55.5121 -2.35875e-14)
(-69.3322 55.2508 1.99238e-14)
(-68.9501 55.2955 3.69502e-14)
(-68.9087 55.5955 1.74754e-14)
(-69.1621 56.1277 -2.86597e-14)
(-69.6704 56.8455 6.39955e-17)
(-70.483 57.7542 0)
(-71.6327 58.843 0)
(-73.1177 60.1136 -4.2419e-16)
(-74.9481 61.606 -8.56595e-16)
(-77.1319 63.3489 -4.30291e-16)
(-79.6965 65.3686 0)
(-82.6003 67.7067 -7.20681e-14)
(-86.0191 70.3515 -3.61656e-14)
(-89.4271 73.3589 -3.53141e-14)
(-94.1636 76.5238 3.38931e-14)
(-95.7807 80.2731 -3.2775e-14)
(-107.934 81.4275 6.41286e-14)
(-90.4186 90.5011 1.33161e-15)
(-73.3088 50.9221 0)
(-72.1313 51.354 0)
(-71.4272 51.7019 3.98419e-14)
(-71.0964 52.1109 -7.07485e-14)
(-71.082 52.6308 -6.4693e-16)
(-71.3526 53.262 1.45798e-14)
(-71.9076 54.0174 5.30851e-14)
(-72.7793 54.9298 -2.48846e-14)
(-73.9797 55.9985 2.22031e-14)
(-75.5059 57.2406 2.11756e-14)
(-77.3712 58.6921 -1.99551e-14)
(-79.5917 60.3866 0)
(-82.2083 62.3439 -3.79427e-14)
(-85.1738 64.6094 3.43608e-14)
(-88.684 67.1526 3.44144e-14)
(-92.1551 70.0509 1.04094e-13)
(-97.1418 73.0801 -6.796e-14)
(-98.8051 76.6606 3.10987e-14)
(-111.337 77.8843 0)
(-93.1025 86.8661 0)
(-74.6777 47.188 0)
(-73.756 47.6274 -2.02848e-14)
(-73.1382 48.0709 -1.86268e-14)
(-72.8496 48.5873 0)
(-72.8736 49.1992 -1.62347e-14)
(-73.1964 49.9126 1.38244e-14)
(-73.8192 50.7482 4.9382e-16)
(-74.765 51.7238 -4.84508e-14)
(-76.0369 52.8364 0)
(-77.6292 54.1022 -1.9571e-17)
(-79.5575 55.5533 2.00343e-14)
(-81.8376 57.2206 0)
(-84.5176 59.1251 -3.80224e-14)
(-87.5514 61.3118 7.22879e-14)
(-91.1395 63.7487 -3.44432e-14)
(-94.7012 66.5259 -2.78998e-17)
(-99.7836 69.3682 -3.39418e-14)
(-101.556 72.892 -7.85567e-16)
(-114.278 73.9625 6.55032e-14)
(-95.9628 83.2296 -5.27103e-14)
(-75.6284 43.4768 -4.24052e-14)
(-74.9496 44.0591 3.83961e-14)
(-74.5038 44.6294 1.79575e-14)
(-74.3463 45.2443 1.71871e-14)
(-74.4768 45.9251 -1.46852e-14)
(-74.8938 46.6948 1.40926e-14)
(-75.6021 47.5693 -1.30252e-14)
(-76.6225 48.5634 7.30824e-14)
(-77.9591 49.6787 -2.21493e-14)
(-79.6115 50.9351 -1.34737e-17)
(-81.5981 52.3614 0)
(-83.9387 53.9876 3.89061e-14)
(-86.6838 55.8295 -1.81764e-14)
(-89.7933 57.9364 -3.7053e-14)
(-93.4602 60.2609 -1.7765e-15)
(-97.1214 62.9337 -9.03725e-16)
(-102.302 65.5918 0)
(-104.193 69.0857 -3.20446e-14)
(-117.04 69.8054 3.24958e-14)
(-98.8064 79.5184 0)
(-76.4835 40.0583 2.01707e-14)
(-75.9758 40.6509 1.88727e-14)
(-75.6733 41.2606 1.75065e-14)
(-75.6319 41.9147 4.91335e-14)
(-75.8666 42.6346 -4.43236e-14)
(-76.3791 43.4423 -2.81747e-14)
(-77.1778 44.3455 3.80103e-14)
(-78.2802 45.3513 4.65556e-16)
(-79.6898 46.463 9.00072e-16)
(-81.4101 47.7034 8.69903e-16)
(-83.4629 49.0977 -1.95561e-14)
(-85.8714 50.6759 -3.83993e-14)
(-88.6872 52.4501 0)
(-91.8748 54.4716 -5.50886e-14)
(-95.6202 56.6822 7.0645e-14)
(-99.3802 59.2437 -3.35071e-14)
(-104.649 61.7184 6.87483e-14)
(-106.649 65.1683 -3.10821e-14)
(-119.625 65.4962 -3.25687e-14)
(-101.553 75.7243 0)
(-77.2351 36.8249 0)
(-76.8573 37.3978 -3.71402e-14)
(-76.6826 38.0053 -6.28071e-16)
(-76.754 38.6647 1.58209e-14)
(-77.0934 39.398 -1.44193e-14)
(-77.7044 40.2175 -1.36101e-14)
(-78.595 41.1259 -1.26517e-14)
(-79.7791 42.1251 -2.40563e-14)
(-81.2614 43.2193 2.1678e-14)
(-83.0495 44.4314 4.34969e-16)
(-85.169 45.7837 -1.94625e-14)
(-87.6476 47.3052 1.91337e-14)
(-90.5354 49.0033 1.85221e-14)
(-93.8024 50.9328 1.80329e-14)
(-97.6236 53.0247 0)
(-101.48 55.4701 -6.95735e-14)
(-106.835 57.7551 -9.05165e-16)
(-108.939 61.1579 6.47119e-14)
(-122.047 61.0558 -3.17874e-14)
(-104.167 71.8576 1.0886e-17)
(-77.9239 33.7308 -1.89694e-14)
(-77.6458 34.2663 0)
(-77.5722 34.846 -3.38785e-14)
(-77.7428 35.4881 1.49915e-14)
(-78.176 36.2099 -2.73296e-16)
(-78.8798 37.0193 0)
(-79.8591 37.915 1.24653e-14)
(-81.1233 38.8933 0)
(-82.6778 39.9577 0)
(-84.5336 41.1295 -2.07277e-14)
(-86.7206 42.4301 0)
(-89.2707 43.8855 -1.94914e-14)
(-92.2298 45.4994 1.84774e-14)
(-95.5757 47.3299 -3.59767e-14)
(-99.4716 49.2964 1.71482e-14)
(-103.422 51.6172 6.85768e-14)
(-108.887 53.713 0)
(-111.058 57.0675 -3.19415e-14)
(-124.297 56.4939 0)
(-106.63 67.938 1.08773e-17)
(-78.5707 30.7404 0)
(-78.3658 31.2259 0)
(-78.3702 31.7679 1.69089e-14)
(-78.6216 32.3769 5.58615e-16)
(-79.1362 33.0674 -1.42877e-14)
(-79.9235 33.8506 1.30153e-14)
(-80.9855 34.7193 -3.74359e-14)
(-82.3251 35.6633 2.26365e-14)
(-83.9475 36.6852 0)
(-85.8695 37.8056 2.06313e-14)
(-88.1237 39.0447 1.97252e-14)
(-90.7446 40.4249 0)
(-93.7741 41.9473 1.8848e-14)
(-97.1971 43.6714 4.21673e-16)
(-101.165 45.5058 -4.51782e-16)
(-105.209 47.6926 -5.26896e-14)
(-110.76 49.5967 -8.79421e-16)
(-113.009 52.903 0)
(-126.36 51.8109 0)
(-108.938 64.0043 -5.33924e-14)
(-79.1783 27.8183 1.87008e-14)
(-79.0262 28.2546 -8.88291e-15)
(-79.0921 28.7533 0)
(-79.4056 29.3146 1.55553e-14)
(-79.9875 29.9621 -2.83504e-14)
(-80.8474 30.7085 -2.34572e-16)
(-81.9831 31.5389 1.22422e-14)
(-83.3911 32.437 2.33737e-14)
(-85.0772 33.4056 -1.03923e-14)
(-87.0627 34.4653 -2.09718e-14)
(-89.3822 35.6341 1.9236e-14)
(-92.0718 36.931 -3.82945e-14)
(-95.1697 38.3549 1.7947e-14)
(-98.6682 39.9655 -1.7463e-14)
(-102.705 41.6609 -3.50378e-14)
(-106.839 43.7075 -8.85353e-16)
(-112.475 45.4168 6.70033e-14)
(-114.8 48.6612 0)
(-128.219 47.0113 -3.25937e-14)
(-111.121 60.1145 2.66877e-14)
(-79.7428 24.9434 -9.54954e-15)
(-79.6298 25.3361 -3.36741e-16)
(-79.7414 25.7831 -6.08447e-16)
(-80.1012 26.2887 3.03885e-14)
(-80.7363 26.8879 -1.36109e-14)
(-81.6587 27.59 2.25302e-16)
(-82.8596 28.3727 -1.2406e-14)
(-84.3284 29.2156 -4.30125e-16)
(-86.0721 30.1228 -2.08926e-16)
(-88.1169 31.1141 0)
(-90.4991 32.2053 -1.95873e-14)
(-93.2546 33.4114 1.88796e-14)
(-96.4181 34.7301 0)
(-99.9901 36.2198 3.57136e-14)
(-104.093 37.7702 -1.74744e-14)
(-108.312 39.6707 0)
(-114.033 41.1791 -1.63496e-14)
(-116.434 44.3393 -4.8e-14)
(-129.859 42.1501 9.69585e-14)
(-113.209 56.0934 -1.15759e-18)
(-80.2593 22.1027 3.85473e-14)
(-80.1729 22.4497 -4.40793e-14)
(-80.3171 22.8402 1.60255e-14)
(-80.7113 23.291 -7.56906e-15)
(-81.3878 23.84 1.40305e-14)
(-82.3629 24.493 2.26784e-16)
(-83.6196 25.2209 -1.19185e-14)
(-85.1411 26.0016 0)
(-86.9362 26.8409 -2.16802e-14)
(-89.0357 27.7575 9.99413e-15)
(-91.4765 28.7647 0)
(-94.2948 29.8734 0)
(-97.5204 31.0805 0)
(-101.163 32.4421 -3.60745e-14)
(-105.328 33.8422 3.44519e-14)
(-109.628 35.5922 0)
(-115.428 36.8918 1.63305e-14)
(-117.908 39.9549 1.54164e-14)
(-131.299 37.2805 -1.55476e-14)
(-115.186 51.801 -1.27503e-14)
(-80.7231 19.2804 -9.35288e-15)
(-80.652 19.5779 1.79573e-14)
(-80.8202 19.918 5.97162e-16)
(-81.2382 20.318 -7.27267e-15)
(-81.9456 20.8158 0)
(-82.9634 21.4158 1.29846e-14)
(-84.2671 22.0832 1.23202e-14)
(-85.8337 22.7968 1.17712e-14)
(-87.6741 23.5633 -1.05002e-14)
(-89.8232 24.3999 1.03858e-14)
(-92.3179 25.3173 -9.53722e-15)
(-95.1946 26.3224 0)
(-98.4784 27.4122 1.86639e-14)
(-102.188 28.6386 -3.55952e-14)
(-106.411 29.8838 -4.25759e-16)
(-110.788 31.4799 0)
(-116.658 32.5622 -4.1019e-20)
(-119.207 35.5314 -1.58628e-14)
(-132.578 32.3955 -7.31926e-16)
(-116.995 47.4884 -1.39249e-14)
(-81.1292 16.4626 -9.58743e-15)
(-81.0663 16.7171 0)
(-81.2523 17.0169 -1.65691e-14)
(-81.6845 17.3675 1.47904e-14)
(-82.4121 17.8129 0)
(-83.4636 18.3565 0)
(-84.8063 18.9599 -6.0394e-15)
(-86.4111 19.6028 -2.26408e-14)
(-88.2913 20.2927 1.06818e-14)
(-90.485 21.0449 0)
(-93.0286 21.8674 0)
(-95.9585 22.7633 9.38514e-15)
(-99.2959 23.7311 -9.11076e-15)
(-103.067 24.8161 -8.88815e-15)
(-107.343 25.9046 1.78336e-14)
(-111.789 27.3377 -1.656e-14)
(-117.72 28.192 -3.40693e-14)
(-120.338 31.0805 1.50053e-14)
(-133.695 27.4891 -3.93422e-16)
(-118.631 43.0039 -1.3348e-14)
(-81.4769 13.6443 -1.46235e-14)
(-81.416 13.8706 -4.75138e-15)
(-81.6127 14.1348 1.61318e-14)
(-82.0499 14.4357 0)
(-82.7886 14.8288 0)
(-83.8669 15.3145 0)
(-85.2422 15.8523 -4.34639e-18)
(-86.8797 16.4222 -2.21348e-16)
(-88.7945 17.0328 5.12397e-15)
(-91.0278 17.6964 1.03579e-14)
(-93.6155 18.4194 -1.94382e-14)
(-96.5936 19.2012 2.15337e-18)
(-99.979 20.043 9.51124e-15)
(-103.805 20.9818 -8.67751e-15)
(-108.129 21.9142 -8.90984e-15)
(-112.637 23.1707 8.27546e-15)
(-118.613 23.7914 0)
(-121.318 26.6262 -1.62228e-14)
(-134.675 22.5146 1.51969e-14)
(-120.032 38.3302 3.94883e-14)
(-81.7607 10.8227 -1.83205e-16)
(-81.6943 11.0339 2.21257e-14)
(-81.8963 11.2663 -2.0369e-14)
(-82.3332 11.5214 7.39063e-15)
(-83.0757 11.8619 0)
(-84.1748 12.2933 6.5881e-15)
(-85.5778 12.7634 1.07934e-16)
(-87.2432 13.2586 1.03358e-16)
(-89.1881 13.787 5.44342e-15)
(-91.457 14.3587 0)
(-94.0849 14.9784 -9.9226e-15)
(-97.1062 15.642 2.8106e-14)
(-100.535 16.3543 -8.89146e-15)
(-104.409 17.1416 -1.11919e-17)
(-108.775 17.9167 0)
(-113.342 18.9928 8.49604e-15)
(-119.329 19.3829 8.63146e-15)
(-122.149 22.1669 2.33928e-16)
(-135.473 17.358 -3.34486e-14)
(-121.211 34.2545 -5.82815e-16)
(-81.9644 7.98379 -9.80148e-15)
(-81.8901 8.19126 4.35334e-15)
(-82.1001 8.39765 -8.16664e-15)
(-82.5377 8.61464 0)
(-83.2766 8.9136 7.10034e-15)
(-84.3875 9.2931 -9.60522e-15)
(-85.8138 9.69615 3.02391e-15)
(-87.5011 10.1153 5.65503e-15)
(-89.4721 10.5599 -5.33659e-15)
(-91.7724 11.0366 -5.1824e-15)
(-94.4362 11.5493 -2.05501e-16)
(-97.4956 12.0901 4.58605e-15)
(-100.962 12.6686 0)
(-104.877 13.2993 8.87472e-15)
(-109.28 13.9138 0)
(-113.894 14.8048 -8.49027e-15)
(-119.885 14.9749 0)
(-122.848 17.6723 -1.60329e-14)
(-135.984 12.2764 7.6238e-15)
(-122.331 30.0719 -2.96143e-16)
(-82.0765 5.11524 0)
(-82.0019 5.35054 0)
(-82.2215 5.55382 6.13163e-15)
(-82.651 5.73122 1.88836e-15)
(-83.3764 5.9939 0)
(-84.5041 6.31335 6.54865e-15)
(-85.9476 6.65379 -2.96081e-15)
(-87.6558 6.99689 0)
(-89.6495 7.35693 2.68216e-15)
(-91.9762 7.73575 5.19228e-15)
(-94.6698 8.13755 -4.7678e-15)
(-97.7608 8.55125 -4.70071e-15)
(-101.26 8.99246 -4.56177e-15)
(-105.209 9.46176 0)
(-109.645 9.91217 -4.35422e-15)
(-114.292 10.6099 0)
(-120.28 10.5589 -4.19756e-15)
(-123.378 13.1552 0)
(-136.296 7.16781 -1.67573e-14)
(-123.353 25.7008 6.45192e-15)
(-81.9132 2.35863 2.48115e-15)
(-81.9036 2.68923 -1.0318e-15)
(-82.1709 2.92467 -4.05508e-15)
(-82.5847 3.01864 -1.8859e-15)
(-83.2872 3.16747 0)
(-84.452 3.40826 0)
(-85.936 3.67364 -6.12853e-15)
(-87.6861 3.93639 2.79332e-15)
(-89.7135 4.20453 -2.68149e-15)
(-92.0732 4.47861 3.88134e-15)
(-94.8 4.76388 -1.16835e-15)
(-97.9216 5.04565 7.10272e-15)
(-101.451 5.34537 2.328e-15)
(-105.428 5.6461 0)
(-109.896 5.92656 6.53319e-15)
(-114.567 6.42821 4.36349e-15)
(-120.549 6.15426 1.05208e-16)
(-123.756 8.63924 -4.05747e-15)
(-136.433 2.02293 4.00288e-15)
(-124.271 21.4845 -6.78298e-15)
(-81.725 1.2179 -1.21117e-15)
(-81.6642 1.41824 1.13109e-15)
(-82.1766 1.57271 -2.1264e-15)
(-82.8574 1.40732 9.06867e-16)
(-83.5214 1.17908 -3.21828e-17)
(-84.5159 1.13727 -8.67205e-16)
(-85.917 1.17051 -5.69282e-17)
(-87.6323 1.23511 6.76095e-16)
(-89.6462 1.31994 -2.62306e-17)
(-92.0083 1.42117 -6.5158e-16)
(-94.7524 1.5373 -1.2238e-15)
(-97.8971 1.64169 0)
(-101.451 1.7628 -1.17052e-15)
(-105.444 1.86382 -1.19397e-15)
(-109.941 1.94965 -1.16928e-15)
(-114.618 2.22362 -5.37774e-17)
(-120.613 1.70481 -5.70809e-17)
(-123.893 3.99594 -1.06533e-15)
(-136.3 -3.11073 -1.42111e-16)
(-125.057 17.2106 5.02537e-15)
(-71.466 66.0765 -3.93174e-14)
(-74.4461 55.6902 0)
(-75.1158 50.6152 0)
(-75.7942 46.5519 4.54875e-14)
(-76.4729 42.839 -2.18156e-14)
(-77.1251 39.4523 0)
(-77.7481 36.2756 -1.03712e-14)
(-78.3443 33.2386 3.10424e-14)
(-78.9276 30.3039 1.97035e-14)
(-79.4975 27.4362 -1.10712e-14)
(-80.0407 24.6125 1.00807e-14)
(-80.5448 21.8167 -1.01329e-14)
(-81.0047 19.035 2.05541e-14)
(-81.4205 16.2556 2.42297e-16)
(-81.7966 13.4709 -2.03951e-14)
(-82.1279 10.6722 4.96764e-15)
(-82.3874 7.84347 5.23547e-15)
(-82.5415 4.93062 2.63616e-15)
(-82.407 2.05039 -3.94696e-15)
(-82.4648 1.20766 4.00159e-15)
(-76.0654 62.741 -4.36817e-14)
(-76.9998 53.6561 0)
(-76.8264 49.5296 0)
(-76.9658 45.5768 -2.4378e-14)
(-77.3646 42.0514 0)
(-77.8237 38.7842 8.29225e-16)
(-78.3225 35.7071 -1.05614e-14)
(-78.8402 32.7572 -1.05652e-14)
(-79.3736 29.8999 -2.17188e-14)
(-79.9111 27.1008 -2.17408e-14)
(-80.437 24.338 -2.06756e-14)
(-80.9428 21.5974 -1.07272e-14)
(-81.4266 18.8637 1.08018e-14)
(-81.8886 16.1259 1.12035e-14)
(-82.334 13.3776 1.13507e-14)
(-82.7672 10.6032 -1.71463e-14)
(-83.1617 7.78242 5.69638e-15)
(-83.4436 4.85958 0)
(-83.4683 1.90675 0)
(-83.8042 1.40289 -2.2279e-15)
(-77.733 59.8465 -3.39819e-14)
(-78.7553 51.0875 -2.46581e-14)
(-78.1177 47.7453 0)
(-77.9656 44.2669 -2.3597e-14)
(-78.1535 41.0579 2.24927e-14)
(-78.4691 38.0033 6.49517e-16)
(-78.8766 35.0839 6.80382e-16)
(-79.3329 32.2578 0)
(-79.8202 29.5063 -1.10733e-14)
(-80.329 26.8033 -7.48172e-17)
(-80.8465 24.1237 4.52603e-14)
(-81.3612 21.4579 1.10289e-14)
(-81.8748 18.7954 0)
(-82.398 16.1289 1.14523e-14)
(-82.9484 13.4485 0)
(-83.5438 10.7272 -6.23463e-15)
(-84.1645 7.9324 6.37284e-15)
(-84.7071 5.00545 -6.33685e-15)
(-85.0719 2.01516 -4.8586e-15)
(-85.618 1.74706 2.59531e-15)
(-77.6595 57.4085 0)
(-79.4337 48.563 2.44018e-14)
(-78.8431 45.6947 0)
(-78.6098 42.7222 -1.27596e-15)
(-78.7031 39.8746 4.33433e-14)
(-78.9481 37.0852 2.23399e-14)
(-79.3007 34.3718 1.22468e-14)
(-79.7185 31.7115 -1.11581e-14)
(-80.183 29.0981 0)
(-80.6785 26.5206 -1.11487e-14)
(-81.194 23.9586 -1.22509e-14)
(-81.7152 21.4065 -2.41984e-14)
(-82.2482 18.8611 0)
(-82.8171 16.3255 -2.57423e-14)
(-83.4568 13.7885 -6.73723e-15)
(-84.2069 11.2076 2.2768e-16)
(-85.088 8.52355 1.45773e-14)
(-86.0075 5.66541 4.12079e-15)
(-86.8892 2.67964 5.98938e-15)
(-87.6272 2.28282 -2.14387e-15)
(-75.7896 55.2049 2.64447e-14)
(-79.1798 46.2315 -3.93609e-14)
(-78.9634 43.5833 -1.96974e-14)
(-78.798 41.0241 -2.22356e-14)
(-78.8967 38.524 -2.11672e-15)
(-79.1322 36.0203 0)
(-79.4766 33.5377 0)
(-79.8916 31.0732 1.01529e-14)
(-80.3609 28.6249 1.14552e-14)
(-80.8633 26.1941 1.0038e-15)
(-81.3891 23.7661 0)
(-81.9204 21.3431 1.31476e-14)
(-82.458 18.9363 -1.26325e-14)
(-83.0311 16.5721 2.82997e-14)
(-83.6755 14.2449 -1.47635e-14)
(-84.4637 11.9317 2.65995e-16)
(-85.4982 9.56619 -3.50395e-16)
(-86.7677 7.03901 0)
(-88.2199 4.33491 -8.02331e-15)
(-89.2671 3.0861 4.38228e-15)
(-73.3777 53.1083 2.21683e-14)
(-78.1778 44.1328 1.90019e-14)
(-78.5235 41.4695 1.97983e-14)
(-78.505 39.2355 1.83017e-14)
(-78.6622 37.0405 -2.18893e-15)
(-78.9272 34.8051 0)
(-79.2879 32.5509 0)
(-79.7224 30.2841 -3.35435e-14)
(-80.2092 28.005 0)
(-80.7249 25.7169 1.23259e-14)
(-81.2574 23.4138 -1.16515e-14)
(-81.7854 21.1021 6.09088e-16)
(-82.3054 18.8107 6.34191e-16)
(-82.8448 16.5833 0)
(-83.4223 14.4233 0)
(-84.1209 12.3773 0)
(-85.033 10.397 -9.51833e-15)
(-86.1954 8.30973 0)
(-87.8144 6.11533 -3.41929e-15)
(-89.4107 4.3835 3.42559e-15)
(-70.6037 51.1845 -2.2524e-14)
(-76.5475 42.3238 -1.41417e-14)
(-77.5721 39.4782 -1.36174e-15)
(-77.7807 37.3807 3.29325e-14)
(-78.0348 35.4593 -3.78519e-14)
(-78.3373 33.4679 0)
(-78.7151 31.4243 0)
(-79.1544 29.3382 1.13835e-15)
(-79.6348 27.2076 -1.11419e-14)
(-80.1316 25.0279 1.13958e-14)
(-80.6394 22.8051 1.16207e-15)
(-81.14 20.5536 5.34366e-16)
(-81.6099 18.3069 1.36843e-14)
(-82.0488 16.1005 -1.39924e-14)
(-82.4737 13.9446 -7.44114e-15)
(-82.9383 11.978 -8.88273e-15)
(-83.445 10.0784 2.12138e-14)
(-84.2709 8.31837 0)
(-85.628 6.90022 -3.03334e-15)
(-87.3219 5.66018 2.57119e-15)
(-67.5001 49.4623 -1.98862e-14)
(-74.5562 40.7749 2.53531e-14)
(-76.2486 37.5815 1.22016e-14)
(-76.7398 35.6512 -3.00247e-14)
(-77.0801 33.8406 -7.68469e-15)
(-77.4443 32.0154 -8.46961e-15)
(-77.8552 30.165 9.7685e-15)
(-78.3018 28.26 -9.59399e-15)
(-78.7672 26.2831 1.06356e-14)
(-79.2219 24.2166 2.21167e-14)
(-79.6592 22.0704 7.22893e-16)
(-80.0773 19.8527 0)
(-80.4711 17.5887 2.64881e-14)
(-80.8011 15.3354 6.89971e-15)
(-81.0691 13.1197 8.95104e-15)
(-81.2242 11.2408 -9.81694e-15)
(-81.43 9.68799 1.10312e-14)
(-82.241 8.86139 -1.04805e-14)
(-83.5519 8.29539 -2.28833e-15)
(-85.2521 7.30987 1.76321e-15)
(-64.205 47.8931 0)
(-71.8527 39.4743 -1.74574e-14)
(-74.5361 35.9838 0)
(-75.4223 34.0033 -1.21784e-14)
(-75.8833 32.3199 1.99482e-14)
(-76.2913 30.6486 2.27467e-14)
(-76.7085 28.8919 -1.60109e-14)
(-77.1456 27.0444 -8.483e-15)
(-77.5889 25.1082 -1.95125e-14)
(-78.0106 23.0803 -1.10765e-14)
(-78.402 20.9793 -1.11251e-14)
(-78.7508 18.806 -1.27409e-14)
(-79.0676 16.5632 -8.04846e-16)
(-79.3279 14.3468 -8.19501e-15)
(-79.4639 12.305 8.58128e-16)
(-79.5092 11.0299 -1.18292e-14)
(-80.6512 10.6164 9.17637e-15)
(-81.8121 10.403 0)
(-83.0299 9.9444 -1.41956e-15)
(-84.3031 8.9795 -6.05512e-17)
(-60.8414 46.4185 -3.44523e-14)
(-68.7148 38.4939 1.51013e-14)
(-72.6884 34.6373 0)
(-73.9077 32.4931 9.88411e-15)
(-74.5717 30.8503 -1.0248e-14)
(-75.0471 29.279 -1.17975e-14)
(-75.4934 27.6611 2.48004e-14)
(-75.9428 25.9594 5.95759e-16)
(-76.398 24.1651 3.75911e-16)
(-76.8499 22.2744 9.16093e-15)
(-77.2991 20.2892 1.79442e-14)
(-77.7718 18.2714 9.15493e-15)
(-78.3306 16.2948 0)
(-78.9633 14.4714 -6.12427e-15)
(-79.6271 13.0993 1.32427e-14)
(-80.342 12.4599 -6.15269e-15)
(-81.3458 12.1638 2.54951e-15)
(-82.1608 11.7744 2.33455e-15)
(-83.0097 11.1656 -2.03293e-15)
(-83.8795 10.1402 3.03467e-18)
(-57.4737 44.9733 0)
(-65.0464 37.8013 4.07844e-15)
(-69.9975 33.6162 3.54058e-15)
(-72.2605 31.2288 3.58706e-15)
(-73.2097 29.5416 0)
(-73.8069 28.0588 0)
(-74.3526 26.5655 -5.32204e-15)
(-74.8906 24.9969 0)
(-75.4293 23.3601 0)
(-75.98 21.6654 1.23053e-14)
(-76.5582 19.9321 -8.56886e-16)
(-77.1987 18.2231 -7.45951e-15)
(-77.9585 16.6067 0)
(-78.785 15.1519 7.73262e-15)
(-79.569 14.0606 -4.12314e-15)
(-80.4891 13.4726 2.1881e-16)
(-81.3284 13.0699 1.751e-15)
(-82.0355 12.5966 -1.70563e-15)
(-82.6786 11.9329 7.94191e-16)
(-83.2441 10.8595 7.98183e-16)
(-54.1759 43.5227 0)
(-61.0137 37.2765 -4.52516e-15)
(-66.7434 33.0246 -6.84778e-16)
(-69.9308 30.32 -3.59422e-15)
(-71.7375 28.532 0)
(-72.6205 27.0491 0)
(-73.2555 25.653 -4.05811e-16)
(-73.8741 24.2246 4.04718e-15)
(-74.5018 22.7471 4.51969e-15)
(-75.1629 21.2454 -4.891e-15)
(-75.8655 19.7486 -1.03136e-14)
(-76.6256 18.3062 0)
(-77.479 16.9568 5.78138e-15)
(-78.3633 15.7228 -9.31814e-15)
(-79.1631 14.7703 0)
(-80.0875 14.2165 -1.42052e-15)
(-80.8142 13.7487 0)
(-81.404 13.199 -1.31644e-15)
(-81.8637 12.4301 6.28922e-16)
(-82.1548 11.1852 6.51999e-16)
(-50.9729 42.0319 6.26996e-15)
(-56.7429 36.8247 -7.7933e-15)
(-62.783 32.7484 -3.87893e-15)
(-66.7805 29.8263 -4.80156e-16)
(-69.3366 27.8431 5.36592e-15)
(-71.0771 26.3063 0)
(-72.0885 24.9799 -6.07985e-15)
(-72.9078 23.6834 0)
(-73.6101 22.3748 0)
(-74.3231 21.0661 1.67012e-15)
(-75.0776 19.7707 1.7788e-15)
(-75.8799 18.5287 -1.89444e-15)
(-76.7433 17.3616 0)
(-77.6026 16.2822 -6.94061e-15)
(-78.3983 15.4421 7.38131e-15)
(-79.2222 14.8614 -3.35945e-15)
(-79.8304 14.2733 3.17119e-15)
(-80.2682 13.5468 -1.52891e-15)
(-80.497 12.6032 1.52658e-15)
(-80.4907 11.2394 -4.64283e-16)
(-47.8818 40.455 -6.64417e-15)
(-52.4357 36.314 0)
(-58.2607 32.622 0)
(-62.7269 29.6507 0)
(-65.9847 27.5169 0)
(-68.3701 25.9103 0)
(-70.1283 24.569 4.91124e-15)
(-71.425 23.3483 0)
(-72.5287 22.1839 0)
(-73.3951 21.0441 1.34207e-15)
(-74.2122 19.9327 -4.59393e-15)
(-75.0179 18.8576 1.75333e-15)
(-75.8293 17.8231 -3.4576e-15)
(-76.5961 16.8329 3.54821e-15)
(-77.3001 16.0032 3.6877e-15)
(-77.9068 15.2953 -1.79824e-15)
(-78.3142 14.5173 -8.78487e-18)
(-78.4957 13.5669 8.47001e-16)
(-78.5067 12.3877 7.95073e-16)
(-78.2015 10.7742 -2.86382e-16)
(-44.9372 38.7522 -1.04661e-14)
(-48.3071 35.6179 8.09229e-15)
(-53.4465 32.4661 0)
(-57.9277 29.6417 0)
(-61.5767 27.4443 0)
(-64.5138 25.7619 -8.4914e-16)
(-66.8376 24.3791 -2.30008e-15)
(-68.6808 23.1664 -8.9598e-16)
(-70.1444 22.0438 -9.34492e-16)
(-71.3803 20.9695 0)
(-72.4167 19.9415 0)
(-73.3191 18.9498 1.10158e-15)
(-74.1313 17.9771 0)
(-74.7946 17.0064 -1.59564e-15)
(-75.3881 16.1163 0)
(-75.7914 15.2552 6.18021e-16)
(-75.9835 14.2782 1.68145e-16)
(-75.9498 13.1182 3.01733e-16)
(-75.6954 11.7506 -1.41791e-15)
(-75.1359 9.90981 4.49318e-16)
(-42.1623 36.9335 0)
(-44.5382 34.6741 -2.78195e-15)
(-48.685 32.1223 7.19101e-16)
(-52.7715 29.611 2.94724e-15)
(-56.4203 27.4679 -3.04654e-15)
(-59.5689 25.7421 9.6913e-16)
(-62.2327 24.3047 1.69898e-15)
(-64.4643 23.05 -6.08281e-16)
(-66.3291 21.908 1.70175e-15)
(-67.889 20.833 7.29926e-16)
(-69.1846 19.8052 0)
(-70.2207 18.8136 -1.13156e-15)
(-71.0547 17.8314 -2.0933e-15)
(-71.7135 16.8193 -6.20069e-17)
(-72.2054 15.8236 2.18598e-15)
(-72.4898 14.7863 -1.73469e-15)
(-72.5422 13.6121 3.99175e-16)
(-72.3372 12.2663 1.0901e-15)
(-71.8914 10.7398 1.13366e-16)
(-71.1295 8.69711 0)
(-39.5238 35.0853 0)
(-41.1793 33.5547 -3.22098e-15)
(-44.303 31.5646 1.43905e-15)
(-47.7445 29.4281 -1.62558e-15)
(-51.0765 27.4091 2.37409e-15)
(-54.1096 25.6681 3.69296e-16)
(-56.7892 24.1757 1.22776e-15)
(-59.1228 22.8573 -1.13644e-15)
(-61.1436 21.6533 -7.96984e-16)
(-62.8786 20.5167 5.24903e-16)
(-64.3532 19.4181 8.24838e-17)
(-65.5583 18.341 -4.60299e-16)
(-66.5016 17.2647 -1.18704e-15)
(-67.2008 16.1454 -2.97535e-16)
(-67.6539 15.0444 8.06333e-16)
(-67.8365 13.8928 -1.28976e-15)
(-67.7602 12.5997 1.04229e-15)
(-67.4311 11.1414 5.4569e-16)
(-66.8425 9.49612 -6.06279e-16)
(-65.9666 7.27461 1.45011e-30)
(-36.9698 33.2756 -4.21389e-15)
(-38.2346 32.3158 8.85398e-16)
(-40.5228 30.8316 -6.0136e-16)
(-43.185 29.0464 5.19914e-16)
(-45.9071 27.208 -4.11895e-16)
(-48.4788 25.4964 -4.42298e-16)
(-50.8494 23.9452 -6.38725e-17)
(-52.9973 22.5769 0)
(-54.9172 21.3248 1.41554e-16)
(-56.6089 20.1338 7.62203e-16)
(-58.0678 18.9664 -7.3916e-16)
(-59.2792 17.799 5.13671e-16)
(-60.2296 16.6147 6.85565e-16)
(-60.9101 15.4027 -5.60099e-16)
(-61.3432 14.1955 0)
(-61.5093 12.7928 -3.44967e-16)
(-61.4088 11.2851 0)
(-61.0384 9.63906 1.26928e-16)
(-60.3941 7.8152 -1.53257e-16)
(-59.538 5.46883 -9.34329e-18)
(-34.2412 31.3266 2.37954e-15)
(-35.0633 30.7491 3.807e-15)
(-36.8673 29.2014 -1.56253e-15)
(-39.03 27.2518 1.42086e-15)
(-41.2684 25.331 -2.43866e-15)
(-43.3479 23.6827 1.02078e-15)
(-45.2608 22.2733 -6.00505e-16)
(-47.0553 20.9934 2.53177e-16)
(-48.7164 19.7933 -1.76027e-16)
(-50.2095 18.6203 1.07345e-16)
(-51.5033 17.4266 4.64841e-17)
(-52.5686 16.1715 2.01291e-16)
(-53.3811 14.8222 -1.41621e-16)
(-53.898 13.3763 -8.96737e-17)
(-54.0624 11.884 7.131e-17)
(-53.911 10.3082 -1.52995e-16)
(-53.4865 8.64926 4.505e-17)
(-52.7927 6.92874 -7.03713e-17)
(-51.926 5.13185 -1.56592e-17)
(-51.1927 3.07383 1.23903e-17)
(-29.5094 31.1223 0)
(-28.934 31.2969 1.07702e-16)
(-29.5233 29.6061 1.80972e-16)
(-30.4301 27.6314 0)
(-31.4864 25.9626 0)
(-32.7566 24.5441 -2.06207e-16)
(-34.0265 23.3487 -4.34521e-16)
(-35.2448 22.3021 3.74247e-16)
(-36.3974 21.3122 0)
(-37.4677 20.3078 7.07694e-17)
(-38.4231 19.2357 0)
(-39.2417 18.0567 -2.67015e-16)
(-39.9112 16.7438 -1.14646e-16)
(-40.4348 15.2894 2.93833e-16)
(-40.7765 13.7188 0)
(-40.8924 12.0695 0)
(-40.7822 10.3846 -8.08878e-17)
(-40.439 8.71128 1.12672e-16)
(-39.8799 7.09751 -1.29936e-16)
(-39.0936 5.57502 4.31419e-17)
)
;

boundaryField
{
    right
    {
        type            cyclic;
    }
    left
    {
        type            cyclic;
    }
    outerWall
    {
        type            calculated;
        value           nonuniform List<vector> 
60
(
(-3.88268 209.368 0)
(-11.6427 209.081 0)
(-19.3868 208.506 0)
(-27.1041 207.644 0)
(-34.7842 206.496 0)
(-42.4165 205.065 0)
(-49.9903 203.351 0)
(-57.4954 201.357 0)
(-64.9213 199.087 0)
(-72.2579 196.542 0)
(-79.4951 193.727 0)
(-86.6228 190.645 0)
(-93.6313 187.301 0)
(-100.511 183.7 0)
(-107.252 179.845 0)
(-113.846 175.744 0)
(-120.283 171.4 0)
(-126.554 166.821 0)
(-132.651 162.012 0)
(-138.566 156.98 0)
(-141.814 154.101 0)
(-142.488 153.482 0)
(-143.159 152.86 0)
(-143.827 152.235 0)
(-144.492 151.607 0)
(-145.154 150.976 0)
(-145.813 150.341 0)
(-146.469 149.703 0)
(-147.122 149.063 0)
(-147.772 148.419 0)
(-148.419 147.772 0)
(-149.063 147.122 0)
(-149.703 146.469 0)
(-150.341 145.813 0)
(-150.976 145.154 0)
(-151.607 144.492 0)
(-152.235 143.827 0)
(-152.86 143.159 0)
(-153.482 142.488 0)
(-154.101 141.814 0)
(-156.98 138.566 0)
(-162.012 132.651 0)
(-166.821 126.554 0)
(-171.4 120.283 0)
(-175.744 113.846 0)
(-179.845 107.252 0)
(-183.7 100.511 0)
(-187.301 93.6313 0)
(-190.645 86.6228 0)
(-193.727 79.4951 0)
(-196.542 72.2579 0)
(-199.087 64.9213 0)
(-201.357 57.4954 0)
(-203.351 49.9903 0)
(-205.065 42.4165 0)
(-206.496 34.7842 0)
(-207.644 27.1041 0)
(-208.506 19.3868 0)
(-209.081 11.6427 0)
(-209.368 3.88268 0)
)
;
    }
    stirrerWall
    {
        type            calculated;
        value           nonuniform List<vector> 
100
(
(-0.775973 41.8739 0)
(-2.32686 41.817 0)
(-3.87457 41.7025 0)
(-5.41696 41.5307 0)
(-6.95191 41.3017 0)
(-8.4773 41.0159 0)
(-9.99103 40.6737 0)
(-11.491 40.2755 0)
(-12.9752 39.8219 0)
(-14.4415 39.3135 0)
(-15.8879 38.751 0)
(-17.3124 38.1352 0)
(-18.7131 37.4669 0)
(-20.088 36.7471 0)
(-21.4352 35.9768 0)
(-22.7529 35.1569 0)
(-24.0393 34.2887 0)
(-25.2925 33.3733 0)
(-26.5109 32.4121 0)
(-27.6927 31.4062 0)
(-29.3359 32.0508 0)
(-31.4591 34.3677 0)
(-33.5823 36.6846 0)
(-35.7055 39.0016 0)
(-37.8287 41.3185 0)
(-39.9519 43.6354 0)
(-42.0751 45.9523 0)
(-44.1983 48.2693 0)
(-46.3215 50.5862 0)
(-48.4447 52.9031 0)
(-50.5679 55.22 0)
(-52.6911 57.537 0)
(-54.8142 59.8539 0)
(-56.9374 62.1708 0)
(-59.0606 64.4877 0)
(-61.1838 66.8047 0)
(-63.307 69.1216 0)
(-65.4302 71.4385 0)
(-67.5534 73.7554 0)
(-69.6766 76.0724 0)
(-70.9005 77.0685 0)
(-71.2251 76.7439 0)
(-71.5498 76.4192 0)
(-71.8744 76.0946 0)
(-72.199 75.77 0)
(-72.5237 75.4453 0)
(-72.8483 75.1207 0)
(-73.1729 74.7961 0)
(-73.4976 74.4715 0)
(-73.8222 74.1468 0)
(-74.1468 73.8222 0)
(-74.4715 73.4976 0)
(-74.7961 73.1729 0)
(-75.1207 72.8483 0)
(-75.4453 72.5237 0)
(-75.77 72.199 0)
(-76.0946 71.8744 0)
(-76.4192 71.5498 0)
(-76.7439 71.2251 0)
(-77.0685 70.9005 0)
(-76.0724 69.6766 0)
(-73.7554 67.5534 0)
(-71.4385 65.4302 0)
(-69.1216 63.307 0)
(-66.8047 61.1838 0)
(-64.4877 59.0606 0)
(-62.1708 56.9374 0)
(-59.8539 54.8142 0)
(-57.537 52.6911 0)
(-55.22 50.5679 0)
(-52.9031 48.4447 0)
(-50.5862 46.3215 0)
(-48.2693 44.1983 0)
(-45.9523 42.0751 0)
(-43.6354 39.9519 0)
(-41.3185 37.8287 0)
(-39.0016 35.7055 0)
(-36.6846 33.5823 0)
(-34.3677 31.4591 0)
(-32.0508 29.3359 0)
(-31.4062 27.6927 0)
(-32.4121 26.5109 0)
(-33.3733 25.2925 0)
(-34.2887 24.0393 0)
(-35.1569 22.7529 0)
(-35.9768 21.4352 0)
(-36.7471 20.088 0)
(-37.4669 18.7131 0)
(-38.1352 17.3124 0)
(-38.751 15.8879 0)
(-39.3135 14.4415 0)
(-39.8219 12.9752 0)
(-40.2755 11.491 0)
(-40.6737 9.99103 0)
(-41.0159 8.4773 0)
(-41.3017 6.95191 0)
(-41.5307 5.41696 0)
(-41.7025 3.87457 0)
(-41.817 2.32686 0)
(-41.8739 0.775973 0)
)
;
    }
    top
    {
        type            empty;
    }
    bottom
    {
        type            empty;
    }
}


// ************************************************************************* //
