/*--------------------------------*- C++ -*----------------------------------*\
  =========                 |
  \\      /  F ield         | OpenFOAM: The Open Source CFD Toolbox
   \\    /   O peration     | Website:  https://openfoam.org
    \\  /    A nd           | Version:  10
     \\/     M anipulation  |
\*---------------------------------------------------------------------------*/
FoamFile
{
    format      ascii;
    class       volScalarField;
    location    "38000";
    object      yPlus;
}
// * * * * * * * * * * * * * * * * * * * * * * * * * * * * * * * * * * * * * //

dimensions      [0 0 0 0 0 0 0];

internalField   uniform 0;

boundaryField
{
    right
    {
        type            cyclic;
    }
    left
    {
        type            cyclic;
    }
    outerWall
    {
        type            calculated;
        value           nonuniform List<scalar> 0();
    }
    stirrerWall
    {
        type            calculated;
        value           nonuniform List<scalar> 
398
(
0.169055
0.119795
0.0939598
0.0809447
0.0735278
0.0688839
0.0658531
0.064095
0.0635121
0.0640614
0.0656999
0.068358
0.0719649
0.0764781
0.0816673
0.0875122
0.0939653
0.101011
0.108628
0.1168
0.125512
0.134713
0.144128
0.153684
0.163233
0.172636
0.181714
0.190368
0.198519
0.205937
0.212504
0.218048
0.222414
0.225563
0.227904
0.229622
0.230739
0.231089
0.230212
0.228024
0.225225
0.220969
0.215645
0.210152
0.203564
0.196285
0.188717
0.180784
0.172972
0.165268
0.15764
0.150178
0.142921
0.135864
0.128996
0.12228
0.115605
0.109041
0.102734
0.0967362
0.0910546
0.0856618
0.080523
0.0756421
0.0708944
0.0663662
0.0619309
0.0577037
0.0536332
0.0497644
0.0462484
0.0432813
0.0409424
0.0391975
0.0378314
0.0362815
0.0336646
0.0289561
0.0211224
0.00612166
0.00612166
0.016334
0.00693904
0.00976739
0.0120682
0.0154892
0.0189716
0.0220991
0.0243867
0.0259106
0.026769
0.0270528
0.0268616
0.0262942
0.0254356
0.0243583
0.0231052
0.0217679
0.0203471
0.0189548
0.0176964
0.0165311
0.0154259
0.0143692
0.0133712
0.0124456
0.0116119
0.0109002
0.0103471
0.0100034
0.009945
0.0103643
0.0114572
0.0132523
0.0156683
0.0184865
0.0214751
0.0244427
0.0272812
0.0299472
0.0326208
0.0353039
0.0379827
0.0406979
0.0435263
0.0466852
0.0501334
0.0543122
0.0594561
0.0664733
0.074845
0.0854469
0.097951
0.112126
0.12858
0.147456
0.168759
0.192623
0.219121
0.248322
0.280265
0.315031
0.352776
0.393797
0.438531
0.487534
0.541391
0.600734
0.666356
0.739257
0.82067
0.912277
1.01561
1.13317
1.26727
1.41413
1.5672
1.72252
1.87691
2.0287
2.17633
2.31315
2.43848
2.55239
2.65503
2.74836
2.83436
2.91607
2.9954
3.07332
3.15009
3.22509
3.29789
3.36823
3.43217
3.48461
3.52882
3.56621
3.59331
3.60757
3.61123
3.60716
3.59578
3.57861
3.55491
3.52417
3.48684
3.44331
3.39372
3.33851
3.27771
3.21115
3.13826
3.0577
2.97303
2.88453
2.7964
2.70376
2.60673
2.5059
2.40241
2.29732
2.19151
2.08603
1.98216
1.88146
1.78568
1.69616
0.0229991
0.0359236
0.0234688
0.0191085
0.0233568
0.0356486
0.0601218
0.0986665
0.136687
0.168593
0.192206
0.206858
0.212667
0.210961
0.203315
0.189289
0.176796
0.165375
0.153501
0.141074
0.128365
0.115647
0.103298
0.0915803
0.0806499
0.0706832
0.0617246
0.0538863
0.047352
0.0423654
0.039407
0.0404821
0.0581169
0.0956748
0.149967
0.203838
0.248135
0.277883
0.295702
0.315081
0.339259
0.37025
0.404542
0.43736
0.466567
0.497534
0.529019
0.563391
0.602591
0.656027
0.742022
0.882507
1.16691
1.97198
3.65973
6.02678
8.45367
10.3403
11.2655
11.5164
11.2871
10.1261
10.4523
9.67204
10.2698
11.9947
11.2231
11.6183
11.9619
12.3664
12.6268
12.4817
10.7395
11.6433
12.7876
11.2514
11.8527
11.6807
12.3296
12.4574
12.4558
12.224
11.7214
11.9035
12.0834
12.2605
12.4356
12.6104
12.7842
12.9572
13.1296
13.3017
13.474
13.6466
13.8198
13.9938
14.1689
14.3451
14.5228
14.702
14.8831
15.0667
15.2531
15.442
15.6339
15.829
16.0277
16.2302
16.4364
16.6458
0.0229991
0.0654513
0.0958655
0.130847
0.13318
0.132004
0.135499
0.13786
0.150804
0.174486
0.20417
0.24001
0.282156
0.33043
0.384916
0.445653
0.512525
0.585079
0.662975
0.745633
0.832329
0.922446
1.01561
1.11168
1.2109
1.31483
1.4281
1.54701
1.66386
1.77848
1.89097
2.00014
2.10545
2.20725
2.30976
2.41503
2.51468
2.62069
2.73253
2.84729
2.96233
3.02836
3.08283
3.14289
3.1963
3.2594
3.32526
3.39775
3.48108
3.57773
3.69011
3.82591
3.9952
4.20673
4.47207
4.80305
5.21954
5.74692
6.3072
6.89498
7.52525
8.20132
8.91171
9.63181
10.3091
10.8671
11.2138
11.2318
10.7236
9.06157
6.36643
3.37309
1.32678
0.703251
0.585204
0.594659
0.551555
0.457498
0.351728
0.248597
)
;
    }
    top
    {
        type            empty;
    }
    bottom
    {
        type            empty;
    }
    procBoundary1to0
    {
        type            processor;
        value           uniform 0;
    }
}


// ************************************************************************* //
