/*--------------------------------*- C++ -*----------------------------------*\
  =========                 |
  \\      /  F ield         | OpenFOAM: The Open Source CFD Toolbox
   \\    /   O peration     | Website:  https://openfoam.org
    \\  /    A nd           | Version:  10
     \\/     M anipulation  |
\*---------------------------------------------------------------------------*/
FoamFile
{
    format      ascii;
    class       volScalarField;
    location    "23000";
    object      yPlus;
}
// * * * * * * * * * * * * * * * * * * * * * * * * * * * * * * * * * * * * * //

dimensions      [0 0 0 0 0 0 0];

internalField   uniform 0;

boundaryField
{
    right
    {
        type            cyclic;
    }
    left
    {
        type            cyclic;
    }
    outerWall
    {
        type            calculated;
        value           nonuniform List<scalar> 0();
    }
    stirrerWall
    {
        type            calculated;
        value           nonuniform List<scalar> 
398
(
0.28093
0.239489
0.20015
0.162666
0.127181
0.0967255
0.0729988
0.0563368
0.0456902
0.0393703
0.0358258
0.0340128
0.0332931
0.0333387
0.0339648
0.0350696
0.036589
0.0384794
0.040701
0.0432228
0.0460328
0.0491205
0.0524652
0.0560397
0.0597945
0.0637296
0.0677997
0.0719001
0.0759966
0.0801455
0.0842596
0.0883371
0.0923328
0.0961987
0.0998507
0.103197
0.106341
0.10921
0.111659
0.113581
0.114804
0.11519
0.114965
0.114153
0.11283
0.11083
0.108663
0.106752
0.104741
0.102213
0.0993482
0.0961086
0.0926049
0.0889673
0.0851999
0.0813262
0.077445
0.0735919
0.0696969
0.0657302
0.0617924
0.0579452
0.0542239
0.0506539
0.0472622
0.0440764
0.0411187
0.0384053
0.0359508
0.0337671
0.0318684
0.0302728
0.0289892
0.0279687
0.0270454
0.0258921
0.024011
0.0207671
0.0152917
0.00447282
0.00447282
0.0119483
0.00493234
0.00693805
0.00790556
0.00933324
0.0104333
0.0110634
0.0113001
0.0112479
0.0109733
0.0105323
0.00997412
0.00933961
0.00866095
0.00796401
0.00730234
0.00672846
0.00621384
0.00575499
0.00535465
0.00502229
0.00477386
0.00462839
0.00460711
0.0047381
0.00504556
0.00549712
0.00604558
0.00663761
0.00722803
0.00778713
0.00832241
0.00885461
0.00940165
0.0100037
0.0106937
0.0115323
0.0125409
0.0137516
0.0152175
0.0169523
0.0190192
0.0213807
0.024125
0.0272094
0.0306727
0.0345275
0.038778
0.0434323
0.0484876
0.0539396
0.0597843
0.0660214
0.0726564
0.0797018
0.0871783
0.0951145
0.103548
0.112523
0.122094
0.132321
0.143273
0.155024
0.167653
0.181249
0.195913
0.211748
0.22886
0.247371
0.267348
0.288891
0.312108
0.337326
0.364961
0.394361
0.424679
0.455792
0.487677
0.520371
0.553606
0.587106
0.621773
0.657146
0.692987
0.729068
0.765368
0.801952
0.838552
0.873793
0.908071
0.940332
0.970535
0.999264
1.02645
1.05198
1.07618
1.09951
1.12186
1.14341
1.16337
1.18101
1.19608
1.21101
1.22559
1.23652
1.24405
1.24843
1.2499
1.24852
1.24437
1.23769
1.22739
1.21498
1.2
1.18239
1.16261
1.14065
1.11628
1.08984
1.06148
1.03132
1.0022
0.974469
0.945569
0.916266
0.886976
0.857864
0.0135467
0.0270569
0.0171402
0.0129616
0.0114973
0.0114939
0.0124584
0.0143116
0.0172186
0.020878
0.0254994
0.0298863
0.0333989
0.0356488
0.0370309
0.0377892
0.0380646
0.0378977
0.0373273
0.0364078
0.0352196
0.0338356
0.0323429
0.0308489
0.0294762
0.0283906
0.0278369
0.0282046
0.0310236
0.0378217
0.0490106
0.0635902
0.0796255
0.0959752
0.111217
0.125388
0.139513
0.153337
0.167118
0.18095
0.194737
0.207571
0.22179
0.237008
0.254248
0.275452
0.298525
0.324491
0.356284
0.392004
0.434625
0.487297
0.551469
0.623842
0.702025
0.785289
0.87331
0.966833
1.06971
1.19217
1.35923
1.62551
2.07854
2.80201
3.81965
5.08076
6.47911
7.88594
9.16327
10.176
10.7796
11.0304
11.0207
10.9409
11.1056
10.7041
10.4942
10.7761
11.0271
11.1576
10.6057
9.7316
9.96408
10.4545
12.0172
11.9921
11.6579
12.1983
12.0619
11.5111
11.6581
11.8507
12.0323
12.1943
12.3095
12.2529
11.3698
11.5653
12.2022
11.1235
11.3263
11.577
11.4112
11.6571
11.8316
11.6016
11.7604
11.9261
12.0941
12.2644
0.0135467
0.0393436
0.0563205
0.0739757
0.0831683
0.0799984
0.0804308
0.0880973
0.100579
0.115993
0.133471
0.153313
0.175412
0.199721
0.226136
0.254509
0.284646
0.316319
0.349313
0.38354
0.419341
0.458223
0.502635
0.548564
0.595906
0.644292
0.693388
0.742917
0.792416
0.840518
0.885274
0.928758
0.971249
1.01231
1.0517
1.09365
1.13444
1.17198
1.20892
1.24787
1.30076
1.38542
1.42823
1.42798
1.44362
1.4513
1.44526
1.43672
1.43206
1.43249
1.43569
1.43598
1.42982
1.41533
1.39463
1.36887
1.33922
1.30834
1.28624
1.26179
1.2311
1.19389
1.14984
1.09886
1.04155
0.976883
0.905247
0.840726
0.791717
0.756868
0.735229
0.712866
0.681085
0.643193
0.60573
0.567551
0.513985
0.444859
0.380291
0.326075
)
;
    }
    top
    {
        type            empty;
    }
    bottom
    {
        type            empty;
    }
    procBoundary1to0
    {
        type            processor;
        value           uniform 0;
    }
}


// ************************************************************************* //
