/*--------------------------------*- C++ -*----------------------------------*\
  =========                 |
  \\      /  F ield         | OpenFOAM: The Open Source CFD Toolbox
   \\    /   O peration     | Website:  https://openfoam.org
    \\  /    A nd           | Version:  10
     \\/     M anipulation  |
\*---------------------------------------------------------------------------*/
FoamFile
{
    format      ascii;
    class       volScalarField;
    location    "69000";
    object      yPlus;
}
// * * * * * * * * * * * * * * * * * * * * * * * * * * * * * * * * * * * * * //

dimensions      [0 0 0 0 0 0 0];

internalField   uniform 0;

boundaryField
{
    right
    {
        type            cyclic;
    }
    left
    {
        type            cyclic;
    }
    outerWall
    {
        type            calculated;
        value           nonuniform List<scalar> 0();
    }
    stirrerWall
    {
        type            calculated;
        value           nonuniform List<scalar> 
398
(
0.562615
0.378615
0.245958
0.17235
0.136335
0.11954
0.111649
0.107685
0.105867
0.105588
0.106681
0.109066
0.112659
0.117417
0.123264
0.130169
0.138115
0.147066
0.156843
0.1673
0.178372
0.189968
0.201951
0.214164
0.22644
0.238585
0.250417
0.261738
0.272289
0.28176
0.289931
0.296869
0.302394
0.306483
0.309116
0.310503
0.310829
0.31007
0.308469
0.306439
0.303771
0.298431
0.290312
0.280985
0.271132
0.260471
0.24954
0.238809
0.228135
0.217652
0.207354
0.197393
0.187825
0.178629
0.169759
0.161154
0.152681
0.144429
0.136513
0.128972
0.121809
0.114999
0.108515
0.102283
0.0964028
0.0905804
0.0849811
0.079505
0.0741642
0.0690124
0.0640584
0.059508
0.055639
0.0525499
0.0500491
0.0475364
0.0438927
0.0376515
0.0273782
0.00790775
0.00790775
0.0210854
0.00905881
0.012864
0.016318
0.0212828
0.0262673
0.0306619
0.0339013
0.0361198
0.0374466
0.038001
0.0379184
0.0373287
0.0363431
0.0350529
0.033534
0.0317909
0.0300533
0.0282481
0.0265417
0.0249891
0.0235429
0.0221852
0.0209143
0.0197386
0.0186923
0.0178206
0.0171814
0.0168567
0.0169606
0.0177645
0.019546
0.0223336
0.0260185
0.0303379
0.0349748
0.0396807
0.0443208
0.0489429
0.0535908
0.058299
0.0630671
0.0679865
0.0731426
0.0785783
0.0841913
0.0903658
0.0983439
0.109101
0.122051
0.138199
0.15765
0.179923
0.206016
0.236912
0.272331
0.312159
0.35639
0.404983
0.457925
0.515439
0.578146
0.647025
0.723226
0.807884
0.902632
1.01009
1.13406
1.27943
1.4514
1.65425
1.8908
2.16056
2.4591
2.77038
3.07385
3.36023
3.62436
3.86833
4.08587
4.27671
4.44325
4.58798
4.71382
4.82462
4.92354
5.01469
5.10232
5.18936
5.27731
5.36645
5.45715
5.54851
5.63542
5.70834
5.7705
5.82539
5.86969
5.90328
5.91877
5.92594
5.92618
5.91928
5.90485
5.88265
5.85357
5.81685
5.77129
5.71657
5.6526
5.57922
5.49617
5.40315
5.29992
5.18609
5.0611
4.92827
4.79209
4.64925
4.49822
4.3385
4.17033
3.99433
3.81134
3.62265
3.42988
3.2352
0.0327182
0.0396258
0.0256847
0.0275968
0.0530682
0.11356
0.206338
0.297166
0.369104
0.417075
0.442787
0.449312
0.439602
0.413881
0.376038
0.334816
0.304715
0.275691
0.245565
0.215023
0.185593
0.158419
0.134092
0.112754
0.0942086
0.0783611
0.0655452
0.0559313
0.0487966
0.0474758
0.0684905
0.153122
0.311318
0.439089
0.501717
0.519668
0.503731
0.482958
0.490616
0.529087
0.588559
0.655972
0.719681
0.778566
0.820664
0.866835
0.941067
1.10847
1.39959
2.34376
4.45521
7.34272
9.93834
11.0917
10.9712
11.4753
11.3755
12.195
11.6591
12.2648
12.7254
12.9463
12.6777
10.9004
11.6581
12.0117
13.0726
11.2961
11.5213
11.5086
11.7918
12.0859
12.3807
12.6773
12.974
13.263
13.5399
13.8061
14.0626
14.3102
14.5501
14.7829
15.0096
15.2309
15.4477
15.6609
15.8718
16.0823
16.2917
16.4999
16.7074
16.9145
17.1217
17.3292
17.5374
17.7466
17.9569
18.1688
18.3827
18.5991
18.8183
19.04
19.2646
19.4925
19.7241
19.9595
20.1993
20.4438
20.6935
20.9485
0.0327182
0.0974631
0.151196
0.210349
0.215794
0.205941
0.195045
0.182547
0.214508
0.262445
0.324789
0.402299
0.49578
0.605455
0.730117
0.867769
1.01639
1.1738
1.33735
1.50463
1.67365
1.84307
2.01228
2.18148
2.35241
2.52995
2.70918
2.87954
3.04235
3.19952
3.35106
3.49675
3.63773
3.77525
3.91675
4.06353
4.21107
4.3619
4.53359
4.67947
4.79884
4.94269
5.11006
5.31077
5.55148
5.84886
6.23251
6.74522
7.45269
8.3959
9.38897
10.5116
10.4151
11.4876
11.0719
10.1116
10.0425
10.154
10.3076
10.4224
10.516
10.6138
11.7856
11.6997
11.597
11.5544
11.5138
11.4276
12.4775
10.3661
12.3147
11.5376
10.6199
10.6705
11.1164
7.10363
2.73104
1.02665
0.778215
0.712516
)
;
    }
    top
    {
        type            empty;
    }
    bottom
    {
        type            empty;
    }
    procBoundary1to0
    {
        type            processor;
        value           uniform 0;
    }
}


// ************************************************************************* //
