/*--------------------------------*- C++ -*----------------------------------*\
  =========                 |
  \\      /  F ield         | OpenFOAM: The Open Source CFD Toolbox
   \\    /   O peration     | Website:  https://openfoam.org
    \\  /    A nd           | Version:  10
     \\/     M anipulation  |
\*---------------------------------------------------------------------------*/
FoamFile
{
    format      ascii;
    class       volScalarField;
    location    "22000";
    object      yPlus;
}
// * * * * * * * * * * * * * * * * * * * * * * * * * * * * * * * * * * * * * //

dimensions      [0 0 0 0 0 0 0];

internalField   uniform 0;

boundaryField
{
    right
    {
        type            cyclic;
    }
    left
    {
        type            cyclic;
    }
    outerWall
    {
        type            calculated;
        value           nonuniform List<scalar> 0();
    }
    stirrerWall
    {
        type            calculated;
        value           nonuniform List<scalar> 
398
(
0.280151
0.241812
0.206999
0.174441
0.142754
0.113367
0.0879603
0.0677917
0.0530941
0.0433127
0.0373491
0.0340177
0.0323618
0.0317877
0.0319614
0.0327035
0.0339162
0.0355337
0.0375059
0.0397893
0.0423553
0.0451706
0.0482406
0.0515722
0.0551386
0.0589094
0.0628498
0.0668703
0.0709151
0.0750066
0.0791364
0.0832594
0.087337
0.0913318
0.0951645
0.0987953
0.102289
0.105573
0.108551
0.111129
0.113158
0.114479
0.115207
0.115373
0.114968
0.113713
0.11163
0.109342
0.107402
0.105518
0.103116
0.100318
0.0970889
0.0936355
0.0900141
0.0862197
0.0822897
0.078395
0.074471
0.0704286
0.0663599
0.0623446
0.0584318
0.054652
0.0510296
0.0475912
0.0443656
0.0413796
0.038655
0.0362106
0.0340623
0.0322263
0.0307096
0.0294713
0.0283584
0.0270551
0.0250551
0.021681
0.0159888
0.00468432
0.00468432
0.0125156
0.00514628
0.00727932
0.0082694
0.00969408
0.0106911
0.0111568
0.0112353
0.0110281
0.0106086
0.0100396
0.00937342
0.00865202
0.00790895
0.00720045
0.00658416
0.00603771
0.00555462
0.00513769
0.00479773
0.00455071
0.00441689
0.0044173
0.00457753
0.00490525
0.00535819
0.0058785
0.00641237
0.00693099
0.00742513
0.00792194
0.00843481
0.00900164
0.00965848
0.0104616
0.011413
0.0125678
0.0139344
0.0155677
0.0174645
0.0196585
0.0221688
0.0249887
0.028146
0.0316497
0.0355057
0.0397158
0.0442768
0.0491821
0.0544254
0.0600027
0.0659143
0.0721655
0.0787675
0.0857373
0.0930981
0.100878
0.10911
0.11783
0.127082
0.136907
0.147352
0.158477
0.170348
0.183007
0.196504
0.210923
0.226297
0.242637
0.260005
0.278425
0.297989
0.318832
0.341258
0.364732
0.388467
0.412423
0.436311
0.459926
0.48452
0.50911
0.533625
0.558149
0.582728
0.607292
0.631856
0.656562
0.681489
0.706081
0.730507
0.754551
0.777775
0.800294
0.822297
0.843437
0.863355
0.882079
0.899609
0.916035
0.931129
0.944433
0.955416
0.966615
0.979149
0.990016
0.9985
1.00481
1.00908
1.01133
1.01114
1.00875
1.00454
0.998201
0.989694
0.979639
0.967383
0.953153
0.937053
0.919164
0.899595
0.878452
0.855881
0.832342
0.811573
0.790355
0.768125
0.74588
0.0127679
0.0259995
0.0163853
0.0122513
0.0106415
0.010336
0.0108618
0.0121176
0.0140286
0.0166513
0.0196839
0.023028
0.0259603
0.0280939
0.0295618
0.0304928
0.0309882
0.0310898
0.0308399
0.0303038
0.0295363
0.0286013
0.0275739
0.0265524
0.0256668
0.0250955
0.025107
0.0262745
0.03028
0.0379633
0.0493399
0.0629358
0.0773885
0.0915668
0.104812
0.117224
0.129796
0.142071
0.154235
0.166259
0.177826
0.189338
0.201536
0.214859
0.231188
0.250079
0.271033
0.296655
0.326741
0.361083
0.402526
0.453027
0.512603
0.578962
0.651066
0.728605
0.811498
0.900071
0.995432
1.09907
1.2142
1.35059
1.53316
1.81192
2.26072
2.9465
3.89282
5.06377
6.37404
7.71477
8.97057
10.0324
10.7874
11.2142
11.4052
11.356
11.3
11.2681
9.43127
9.85735
11.4165
10.2571
10.5093
10.7693
11.1414
11.7104
10.8686
11.031
11.0484
10.2506
10.5797
10.6968
10.7512
10.883
11.6593
11.8266
11.975
12.0871
12.1734
12.1401
11.4906
12.0692
11.2311
11.4992
11.3629
11.5676
11.9252
12.3382
11.6276
11.7841
0.0127679
0.037134
0.0529893
0.069195
0.079018
0.0756192
0.0753789
0.0819471
0.0932285
0.107679
0.123729
0.142113
0.162529
0.184952
0.209266
0.235302
0.262842
0.291643
0.321503
0.352454
0.385225
0.422402
0.462308
0.503935
0.546579
0.590035
0.634086
0.678462
0.7224
0.764196
0.803411
0.842062
0.879006
0.914218
0.949257
0.984702
1.01771
1.04785
1.07469
1.10367
1.13794
1.18294
1.25333
1.29821
1.29822
1.30582
1.31185
1.30661
1.30056
1.29613
1.2896
1.27993
1.26743
1.25095
1.2298
1.2052
1.18008
1.15867
1.14186
1.12082
1.09427
1.06209
1.02429
0.980658
0.92993
0.874036
0.82566
0.792972
0.774716
0.76862
0.758058
0.726316
0.669513
0.604946
0.559933
0.537816
0.503667
0.441715
0.378151
0.324771
)
;
    }
    top
    {
        type            empty;
    }
    bottom
    {
        type            empty;
    }
    procBoundary1to0
    {
        type            processor;
        value           uniform 0;
    }
}


// ************************************************************************* //
