/*--------------------------------*- C++ -*----------------------------------*\
  =========                 |
  \\      /  F ield         | OpenFOAM: The Open Source CFD Toolbox
   \\    /   O peration     | Website:  https://openfoam.org
    \\  /    A nd           | Version:  10
     \\/     M anipulation  |
\*---------------------------------------------------------------------------*/
FoamFile
{
    format      ascii;
    class       volScalarField;
    location    "9000";
    object      yPlus;
}
// * * * * * * * * * * * * * * * * * * * * * * * * * * * * * * * * * * * * * //

dimensions      [0 0 0 0 0 0 0];

internalField   uniform 0;

boundaryField
{
    right
    {
        type            cyclic;
    }
    left
    {
        type            cyclic;
    }
    outerWall
    {
        type            calculated;
        value           nonuniform List<scalar> 0();
    }
    stirrerWall
    {
        type            calculated;
        value           nonuniform List<scalar> 
398
(
0.00889439
0.0103144
0.011482
0.0119824
0.0137085
0.0112061
0.0077933
0.00646093
0.00739492
0.00859137
0.00840833
0.00839991
0.00644237
0.005827
0.00645738
0.00716959
0.00807178
0.00789828
0.0086502
0.00919977
0.0104948
0.0116985
0.0129251
0.0139859
0.0148602
0.0154175
0.0153807
0.0143053
0.011964
0.00930024
0.00743443
0.00583673
0.00465717
0.00375385
0.0029471
0.00231998
0.0019214
0.00171955
0.00166271
0.00167578
0.00171212
0.00174941
0.00177357
0.00178676
0.00179892
0.00182061
0.00185516
0.00190312
0.00196708
0.00204794
0.00214561
0.00225931
0.00238794
0.00252962
0.00268101
0.00283826
0.00299975
0.00316396
0.00332557
0.00347684
0.00361361
0.00373355
0.00383307
0.00391229
0.00397564
0.00402086
0.00404638
0.00405091
0.00403381
0.00399515
0.00393439
0.00384898
0.00373397
0.00358159
0.00338139
0.00312078
0.00278407
0.00233786
0.00169214
0.000488244
0.000488244
0.00130131
0.000503922
0.000605265
0.000561768
0.000542298
0.00050993
0.000474891
0.000439514
0.000406166
0.000376165
0.000350407
0.000329515
0.00031387
0.000303726
0.000299632
0.000302416
0.00031055
0.000323359
0.000340431
0.000361433
0.000386063
0.000413948
0.000444527
0.000477208
0.000511904
0.000549432
0.00059096
0.000637023
0.000687538
0.000742114
0.000800221
0.000861924
0.000927574
0.000996727
0.00106813
0.0011415
0.00121838
0.00129886
0.00138055
0.00146233
0.00154863
0.00163242
0.00172748
0.00183085
0.00188985
0.00205751
0.00208871
0.00212887
0.00244413
0.00228052
0.00254436
0.00303951
0.00311418
0.00430557
0.00491712
0.00576554
0.00727391
0.008638
0.0118574
0.0188748
0.0171916
0.020688
0.0135255
0.00736754
0.00868376
0.00641678
0.00904607
0.00898467
0.0072266
0.0218994
0.0163667
0.0300602
0.0255854
0.0391541
0.0209789
0.02202
0.0223493
0.0141791
0.0152617
0.0109013
0.0156243
0.0113422
0.0128923
0.0158811
0.01082
0.0184598
0.00991915
0.0164596
0.0103845
0.013858
0.017943
0.0112611
0.0161412
0.0116655
0.00885525
0.0132625
0.00775873
0.00887778
0.00591103
0.00695495
0.00697298
0.00686393
0.0114952
0.00631402
0.00817868
0.00679292
0.00486393
0.00576916
0.00807427
0.00893318
0.00968249
0.00909724
0.00927078
0.0106981
0.0121556
0.0122254
0.0118099
0.01134
0.0107246
0.0102148
0.00967578
0.00918534
0.00884086
0.00873441
0.00887774
0.00917717
0.00957183
0.000513448
0.00117402
0.000772604
0.000562303
0.000467579
0.000410924
0.000367663
0.000335559
0.000314382
0.000303447
0.000300183
0.000300255
0.000301543
0.000303888
0.000306917
0.000309867
0.000312325
0.000313853
0.000313949
0.000312019
0.000307806
0.000301154
0.000291923
0.000280108
0.000265877
0.000249477
0.000231224
0.000211516
0.000190804
0.000169553
0.000148261
0.00012714
0.000108474
9.98123e-05
0.000140776
0.000304127
0.0005206
0.0008198
0.0012238
0.00171987
0.00323829
0.0030439
0.0042766
0.00252582
0.00325642
0.00244458
0.0028627
0.00265248
0.00291358
0.00366559
0.00381954
0.00732084
0.00732154
0.0150323
0.00939695
0.0140992
0.00729196
0.00833917
0.00975562
0.0074229
0.00908248
0.0113886
0.010181
0.0128857
0.0134685
0.0155969
0.0175809
0.0199306
0.0226167
0.0255781
0.0289485
0.0327234
0.0369666
0.0417514
0.0471069
0.0528762
0.0590011
0.0655324
0.0724607
0.0798008
0.0875523
0.0957112
0.104326
0.113403
0.122938
0.132977
0.143546
0.154664
0.166376
0.178713
0.191707
0.205417
0.219891
0.23516
0.251241
0.268185
0.286061
0.304898
0.324723
0.345552
0.367426
0.390407
0.414486
0.439712
0.466136
0.493792
0.522707
0.552916
0.584482
0.617489
0.000513448
0.00152657
0.00218954
0.00285707
0.00340689
0.0033315
0.00289815
0.00275358
0.00316535
0.00413188
0.00423488
0.00392199
0.00377294
0.00345815
0.00303582
0.00265613
0.00222917
0.00198622
0.00175143
0.00183075
0.00180712
0.00174623
0.00165714
0.00170587
0.00177718
0.00180024
0.00183224
0.00190375
0.00199794
0.00209891
0.00220117
0.00230581
0.00241589
0.0025229
0.00260811
0.00265021
0.0026264
0.00252467
0.00234762
0.00214145
0.00200791
0.00200644
0.00215989
0.00248893
0.00295834
0.00361227
0.00424198
0.00470944
0.00535397
0.00532736
0.00534249
0.00465558
0.00468268
0.00491435
0.00488562
0.0051096
0.00485568
0.00516129
0.00509004
0.00535926
0.00545015
0.00544155
0.00565732
0.00538163
0.00563996
0.00544933
0.00580255
0.00570686
0.00603356
0.00596913
0.0062605
0.0061292
0.00650826
0.00615603
0.0065891
0.00600784
0.00629174
0.0063422
0.00690362
0.00820369
)
;
    }
    top
    {
        type            empty;
    }
    bottom
    {
        type            empty;
    }
    procBoundary1to0
    {
        type            processor;
        value           uniform 0;
    }
}


// ************************************************************************* //
