/*--------------------------------*- C++ -*----------------------------------*\
  =========                 |
  \\      /  F ield         | OpenFOAM: The Open Source CFD Toolbox
   \\    /   O peration     | Website:  https://openfoam.org
    \\  /    A nd           | Version:  10
     \\/     M anipulation  |
\*---------------------------------------------------------------------------*/
FoamFile
{
    format      ascii;
    class       volScalarField;
    location    "52000";
    object      yPlus;
}
// * * * * * * * * * * * * * * * * * * * * * * * * * * * * * * * * * * * * * //

dimensions      [0 0 0 0 0 0 0];

internalField   uniform 0;

boundaryField
{
    right
    {
        type            cyclic;
    }
    left
    {
        type            cyclic;
    }
    outerWall
    {
        type            calculated;
        value           nonuniform List<scalar> 0();
    }
    stirrerWall
    {
        type            calculated;
        value           nonuniform List<scalar> 
398
(
0.325194
0.21514
0.148363
0.116044
0.101733
0.0949756
0.0910894
0.0886725
0.0873809
0.0872692
0.0884202
0.0908151
0.0943619
0.0990426
0.104772
0.111402
0.118846
0.127114
0.136118
0.145855
0.156141
0.16688
0.177983
0.189274
0.200617
0.211826
0.222726
0.233116
0.24275
0.251458
0.259172
0.265472
0.27048
0.274255
0.27682
0.278388
0.27915
0.278992
0.277619
0.275552
0.273202
0.268587
0.261656
0.254043
0.245503
0.236249
0.226559
0.216936
0.207423
0.198022
0.188747
0.179732
0.171029
0.162628
0.154505
0.146608
0.138809
0.131173
0.123836
0.116849
0.11022
0.103925
0.0979253
0.0921947
0.0867188
0.0813564
0.0762157
0.0711367
0.066281
0.0615866
0.0571339
0.0531431
0.0498488
0.0472753
0.0452154
0.0430827
0.0398492
0.0342237
0.0249281
0.00721366
0.00721366
0.0192416
0.00821686
0.01164
0.0146351
0.0189884
0.0233808
0.0272477
0.0300783
0.0319892
0.0330962
0.0335085
0.0333488
0.0327351
0.0317687
0.030534
0.0290983
0.027494
0.0258571
0.0242046
0.022678
0.021285
0.0199809
0.0187404
0.0175694
0.0164854
0.0155191
0.0147106
0.0141111
0.0137888
0.0138464
0.0145402
0.0161056
0.0185212
0.0217087
0.0254403
0.029388
0.0333482
0.0371519
0.0409671
0.0447741
0.0486268
0.0524851
0.0564554
0.0605114
0.0648407
0.0695017
0.0748544
0.08174
0.0910656
0.102298
0.116436
0.133039
0.152025
0.174262
0.200185
0.229684
0.262793
0.299531
0.33991
0.383919
0.431689
0.483585
0.540238
0.602459
0.671082
0.74709
0.831783
0.927113
1.03566
1.16049
1.30515
1.47202
1.66276
1.87749
2.10678
2.33776
2.56353
2.77854
2.98544
3.17655
3.34933
3.50381
3.64127
3.76249
3.87066
3.96943
4.06225
4.15181
4.24011
4.3279
4.41494
4.50119
4.58629
4.6634
4.72568
4.77934
4.82554
4.85961
4.88022
4.88781
4.88724
4.87942
4.86428
4.84193
4.81367
4.77764
4.73356
4.68163
4.62197
4.55451
4.47913
4.39589
4.30436
4.20411
4.09422
3.98002
3.86367
3.7419
3.61366
3.47877
3.33786
3.19188
3.04183
2.88913
2.73553
2.5831
2.43423
0.028963
0.0390607
0.024827
0.0226762
0.0369652
0.0706099
0.13139
0.199442
0.258846
0.302544
0.329679
0.341913
0.340737
0.326581
0.303279
0.272161
0.250727
0.230135
0.208509
0.186144
0.163974
0.142826
0.123308
0.105709
0.0900686
0.0762921
0.0645064
0.054959
0.0477446
0.0429413
0.0434441
0.0666076
0.14197
0.251902
0.339714
0.388976
0.407589
0.405469
0.408925
0.432476
0.476044
0.525862
0.568332
0.606394
0.642895
0.68093
0.725341
0.788581
0.904264
1.10455
1.62176
3.08466
5.57958
8.38355
10.2864
9.14343
9.65532
11.3224
9.62485
9.99985
10.315
11.4561
11.9689
12.3988
12.5071
11.1923
12.27
10.8272
11.3716
11.2224
12.1947
13.2908
11.4534
11.7379
11.725
11.992
12.248
12.4937
12.7303
12.9586
13.1798
13.3945
13.6035
13.8076
14.0075
14.2042
14.3988
14.593
14.7861
14.9782
15.1697
15.3608
15.552
15.7435
15.9356
16.1286
16.3227
16.5182
16.7154
16.9145
17.1163
17.3207
17.5278
17.7378
17.9511
18.1681
18.389
18.6143
18.8443
19.0791
0.028963
0.0846144
0.128246
0.176088
0.179695
0.174697
0.171658
0.161347
0.183088
0.217808
0.262653
0.317684
0.38342
0.460191
0.547779
0.64572
0.752821
0.868113
0.990298
1.11795
1.24955
1.38373
1.51959
1.65706
1.79708
1.94242
2.0999
2.25334
2.40135
2.54382
2.68045
2.81173
2.94057
3.06686
3.19237
3.32056
3.45382
3.58733
3.72625
3.87089
3.97644
4.06904
4.1751
4.29104
4.42458
4.58227
4.76591
4.99082
5.27928
5.65838
6.16768
6.87083
7.68871
8.58737
9.63064
10.8537
10.947
11.7085
11.0004
10.6896
10.6825
11.5809
11.803
11.1252
10.7759
10.5729
9.80059
9.73129
11.477
9.76274
9.38313
10.8675
10.9007
8.03167
3.938
1.26431
0.725599
0.665256
0.606864
0.469145
)
;
    }
    top
    {
        type            empty;
    }
    bottom
    {
        type            empty;
    }
    procBoundary1to0
    {
        type            processor;
        value           uniform 0;
    }
}


// ************************************************************************* //
