/*--------------------------------*- C++ -*----------------------------------*\
  =========                 |
  \\      /  F ield         | OpenFOAM: The Open Source CFD Toolbox
   \\    /   O peration     | Website:  https://openfoam.org
    \\  /    A nd           | Version:  10
     \\/     M anipulation  |
\*---------------------------------------------------------------------------*/
FoamFile
{
    format      ascii;
    class       volScalarField;
    location    "31000";
    object      yPlus;
}
// * * * * * * * * * * * * * * * * * * * * * * * * * * * * * * * * * * * * * //

dimensions      [0 0 0 0 0 0 0];

internalField   uniform 0;

boundaryField
{
    right
    {
        type            cyclic;
    }
    left
    {
        type            cyclic;
    }
    outerWall
    {
        type            calculated;
        value           nonuniform List<scalar> 0();
    }
    stirrerWall
    {
        type            calculated;
        value           nonuniform List<scalar> 
398
(
0.203663
0.139344
0.0979686
0.0757372
0.0642281
0.0579808
0.0542964
0.0521401
0.051087
0.0509568
0.0516536
0.0531128
0.0552708
0.0580714
0.0614862
0.0654935
0.0700655
0.0751676
0.0807539
0.0867476
0.0930724
0.099691
0.106595
0.113683
0.120801
0.127764
0.13458
0.14112
0.147298
0.152981
0.158063
0.162457
0.166123
0.16906
0.171235
0.172582
0.173484
0.173615
0.172175
0.169231
0.165673
0.162539
0.159269
0.1551
0.150429
0.145192
0.139664
0.13402
0.128262
0.12242
0.116756
0.111216
0.105762
0.100412
0.0951688
0.0900113
0.0848533
0.0798047
0.0749858
0.0704207
0.066089
0.0620117
0.0580806
0.054357
0.0507619
0.0473536
0.0440968
0.0410058
0.0381491
0.0356351
0.03354
0.0318993
0.0307389
0.0300018
0.0294269
0.028502
0.0265428
0.0228488
0.0166663
0.00482887
0.00482887
0.012884
0.00545445
0.00756509
0.00904454
0.0113477
0.0137233
0.0159476
0.0176726
0.0188362
0.0195325
0.0198197
0.0197604
0.0194202
0.0188585
0.0181265
0.0172674
0.0163157
0.0153069
0.0142754
0.0133044
0.0124242
0.0115928
0.0107979
0.0100452
0.00933764
0.00868628
0.00810981
0.00763129
0.0072795
0.00709463
0.00714545
0.00759676
0.00852178
0.00993514
0.0117564
0.0138151
0.0159425
0.0180222
0.0199992
0.021877
0.0236799
0.0255349
0.0273906
0.0293031
0.0313312
0.0337391
0.0364623
0.0397854
0.0439501
0.049547
0.0561447
0.064467
0.0741361
0.0851161
0.0977574
0.112036
0.127979
0.145714
0.165329
0.186921
0.210589
0.236452
0.26466
0.295412
0.32898
0.365711
0.406029
0.450396
0.499238
0.553042
0.612589
0.67885
0.752969
0.83702
0.929984
1.02911
1.13415
1.24309
1.35367
1.46165
1.57354
1.68021
1.78001
1.87087
1.95474
2.03143
2.10238
2.16973
2.23396
2.29659
2.35813
2.41825
2.47695
2.53337
2.58719
2.63615
2.67738
2.71266
2.74254
2.76411
2.77366
2.7746
2.76869
2.75755
2.73961
2.71465
2.68414
2.64909
2.60941
2.56503
2.51599
2.46207
2.4019
2.3381
2.27075
2.19887
2.1308
2.05894
1.98445
1.90788
1.83015
1.7522
1.67486
1.599
1.52566
1.45574
1.38972
0.0186139
0.0319949
0.0207211
0.0165391
0.0176783
0.0232024
0.0333023
0.0506665
0.0736595
0.0944818
0.111228
0.123075
0.130393
0.13297
0.131328
0.1261
0.120998
0.115169
0.10892
0.10231
0.0953422
0.0880773
0.08071
0.073424
0.0663706
0.0597631
0.053692
0.0482604
0.0436685
0.0401927
0.0382378
0.040305
0.0511226
0.0722955
0.102579
0.138394
0.172023
0.200423
0.223246
0.244742
0.267964
0.294101
0.321153
0.348732
0.375497
0.401833
0.429033
0.45594
0.485563
0.518348
0.560413
0.617483
0.707306
0.834245
1.05158
1.55941
2.66726
4.39445
6.42376
8.35434
9.86867
10.7527
11.2708
11.67
11.7217
11.7496
11.7306
11.6859
10.5758
10.8491
11.0612
11.5245
11.6171
11.6254
12.0612
12.4362
12.5539
11.1544
11.2886
11.351
11.5735
12.8177
12.7369
11.4296
11.964
12.1412
12.8284
11.4088
11.5594
11.5254
11.6884
11.8516
12.0145
12.1776
12.3412
12.5056
12.671
12.8375
13.0053
13.1747
13.3458
13.5188
13.6943
13.8727
14.0539
14.2381
14.4254
14.6155
14.8071
14.9996
0.0186139
0.0534569
0.0780439
0.106422
0.112625
0.110353
0.112453
0.117933
0.131727
0.151233
0.175018
0.202931
0.234964
0.271164
0.311495
0.35594
0.40443
0.456862
0.51293
0.572468
0.635182
0.700767
0.769047
0.840021
0.914032
0.99321
1.08368
1.17419
1.26425
1.35321
1.44106
1.52765
1.61335
1.70044
1.78239
1.85883
1.93846
2.02143
2.1097
2.20047
2.30986
2.3792
2.40019
2.43811
2.46861
2.48936
2.51972
2.55046
2.57778
2.60561
2.63663
2.67258
2.71545
2.76357
2.81458
2.86738
2.91857
2.96748
3.01119
3.04417
3.05718
3.05079
3.00037
2.88592
2.69017
2.40459
2.03341
1.63124
1.28067
1.03829
0.88454
0.75281
0.699028
0.719925
0.697054
0.614638
0.527234
0.445668
0.364874
0.283329
)
;
    }
    top
    {
        type            empty;
    }
    bottom
    {
        type            empty;
    }
    procBoundary1to0
    {
        type            processor;
        value           uniform 0;
    }
}


// ************************************************************************* //
