/*--------------------------------*- C++ -*----------------------------------*\
  =========                 |
  \\      /  F ield         | OpenFOAM: The Open Source CFD Toolbox
   \\    /   O peration     | Website:  https://openfoam.org
    \\  /    A nd           | Version:  10
     \\/     M anipulation  |
\*---------------------------------------------------------------------------*/
FoamFile
{
    format      ascii;
    class       volScalarField;
    location    "4000";
    object      yPlus;
}
// * * * * * * * * * * * * * * * * * * * * * * * * * * * * * * * * * * * * * //

dimensions      [0 0 0 0 0 0 0];

internalField   uniform 0;

boundaryField
{
    right
    {
        type            cyclic;
    }
    left
    {
        type            cyclic;
    }
    outerWall
    {
        type            calculated;
        value           nonuniform List<scalar> 0();
    }
    stirrerWall
    {
        type            calculated;
        value           nonuniform List<scalar> 
398
(
0.0130946
0.0133397
0.0133718
0.0134655
0.0135243
0.0135289
0.0134716
0.0133583
0.0131991
0.0130156
0.0128242
0.0126411
0.0124655
0.0122929
0.0121157
0.0119342
0.0117477
0.0115609
0.0113783
0.011203
0.0110417
0.0108957
0.0107689
0.0106612
0.0105737
0.0105025
0.0104478
0.0103973
0.0103378
0.010276
0.0101932
0.0100688
0.00989619
0.00964225
0.00929285
0.00888045
0.00845795
0.00803101
0.00759467
0.00714286
0.00672726
0.00635217
0.00599248
0.00565768
0.00535335
0.00508614
0.00484347
0.00462166
0.00442568
0.00425737
0.00411707
0.00400916
0.00393925
0.00391385
0.00393612
0.00400882
0.0041398
0.00433525
0.00459489
0.00491085
0.00527845
0.00568453
0.00610721
0.00652329
0.00692406
0.00729679
0.00763176
0.00791865
0.00814563
0.00829977
0.00836614
0.00832925
0.00817185
0.00788223
0.00745093
0.00686625
0.00610911
0.00511718
0.00369657
0.00106497
0.00106497
0.00283537
0.00109312
0.00128986
0.00118241
0.00113779
0.00108464
0.00104204
0.00101146
0.000994279
0.000989723
0.00099619
0.00101181
0.00103472
0.0010631
0.00109555
0.00113141
0.00117063
0.00121366
0.00126109
0.00131268
0.00136728
0.00142426
0.00148306
0.00154128
0.00159627
0.00164715
0.00169341
0.00173538
0.00177621
0.00181674
0.00185313
0.00188792
0.00191852
0.00193788
0.00195453
0.00197424
0.00198722
0.00197826
0.00206212
0.00205506
0.00206638
0.00255894
0.00232519
0.00310876
0.00323425
0.00324074
0.00460304
0.00384015
0.00780654
0.00685583
0.00879609
0.005921
0.00484273
0.00351575
0.00532963
0.00453771
0.00833225
0.00706706
0.0144901
0.0166267
0.0233905
0.0196015
0.0151562
0.00825607
0.00624072
0.00616158
0.0145769
0.0192628
0.0270697
0.0121272
0.00914019
0.00997038
0.00516407
0.0062751
0.0127798
0.0204528
0.0284816
0.0325563
0.0299657
0.0300407
0.0222893
0.0280388
0.0194903
0.0274482
0.0168153
0.0231284
0.014353
0.0253935
0.0193964
0.0289898
0.0243412
0.0222019
0.0231561
0.0194508
0.0145195
0.0238939
0.0125728
0.0229575
0.0162914
0.0225834
0.0278899
0.0171392
0.0202968
0.0215181
0.0125669
0.0135495
0.00960626
0.0118862
0.0146994
0.0152426
0.016531
0.0160401
0.0148241
0.0147366
0.014865
0.0140451
0.0129134
0.0117708
0.0109487
0.0103114
0.00953331
0.00864497
0.00774795
0.00716324
0.00676514
0.00642827
0.00614988
0.000422995
0.000935527
0.000608392
0.000427492
0.000338961
0.000285491
0.000245532
0.000214889
0.000192131
0.000175947
0.000164344
0.000154634
0.000145854
0.000138025
0.000131156
0.000125376
0.000120933
0.000118046
0.000116978
0.000118031
0.000121431
0.00012746
0.000136244
0.000147391
0.000160207
0.000173789
0.000187507
0.000201464
0.000214569
0.000225984
0.000235156
0.000241764
0.00024553
0.000246263
0.000244044
0.000239075
0.000231638
0.000221972
0.000210366
0.000197214
0.000182485
0.000167232
0.00014959
0.00013256
0.000120994
0.000127344
0.00018153
0.000463664
0.000556209
0.00149689
0.00111563
0.00211808
0.00364931
0.00643285
0.0135947
0.0110595
0.0145141
0.00473357
0.00314422
0.00147882
0.00265267
0.00308558
0.00374263
0.00534984
0.00401752
0.00586842
0.00680761
0.00776732
0.0119196
0.012471
0.0157898
0.0168571
0.0133013
0.0096229
0.00578903
0.00324889
0.00326307
0.00299529
0.00407215
0.00480075
0.00918242
0.00786526
0.0081493
0.0158593
0.00971747
0.0155844
0.010524
0.0128737
0.0101162
0.0125403
0.010145
0.0129754
0.011854
0.0135624
0.0151579
0.0183751
0.0209557
0.024327
0.0259459
0.0255533
0.0240753
0.0223704
0.0208103
0.0181291
0.0159044
0.0150074
0.0159976
0.0178558
0.0202894
0.0230701
0.000422995
0.00125918
0.00179806
0.00234083
0.00282095
0.00284245
0.00247059
0.00202392
0.00169027
0.00145419
0.00121612
0.000977462
0.000732792
0.00056397
0.000522865
0.000629797
0.000833384
0.000771062
0.000565603
0.000396321
0.000379343
0.0003568
0.000327097
0.000309455
0.000306219
0.000332523
0.000364972
0.000398496
0.000442492
0.000506339
0.000579781
0.00068488
0.000840207
0.00103744
0.00125852
0.00146921
0.00166681
0.00186772
0.00206477
0.00225062
0.00242816
0.00259873
0.00276181
0.00291813
0.00306871
0.00321451
0.00335651
0.00349558
0.00363232
0.00376715
0.00390063
0.00403324
0.00416538
0.0042978
0.00443074
0.00456547
0.00470356
0.00484689
0.00499733
0.00515642
0.00532583
0.00550731
0.00570274
0.0059141
0.00614353
0.00639317
0.00666457
0.00695906
0.00727748
0.00762107
0.00799214
0.00839456
0.00883162
0.00930644
0.0098215
0.0103748
0.0109603
0.0115707
0.0121948
0.0127405
)
;
    }
    top
    {
        type            empty;
    }
    bottom
    {
        type            empty;
    }
    procBoundary1to0
    {
        type            processor;
        value           uniform 0;
    }
}


// ************************************************************************* //
