/*--------------------------------*- C++ -*----------------------------------*\
  =========                 |
  \\      /  F ield         | OpenFOAM: The Open Source CFD Toolbox
   \\    /   O peration     | Website:  https://openfoam.org
    \\  /    A nd           | Version:  10
     \\/     M anipulation  |
\*---------------------------------------------------------------------------*/
FoamFile
{
    format      ascii;
    class       volScalarField;
    location    "70000";
    object      yPlus;
}
// * * * * * * * * * * * * * * * * * * * * * * * * * * * * * * * * * * * * * //

dimensions      [0 0 0 0 0 0 0];

internalField   uniform 0;

boundaryField
{
    right
    {
        type            cyclic;
    }
    left
    {
        type            cyclic;
    }
    outerWall
    {
        type            calculated;
        value           nonuniform List<scalar> 0();
    }
    stirrerWall
    {
        type            calculated;
        value           nonuniform List<scalar> 
398
(
0.566679
0.369489
0.219862
0.169648
0.151038
0.137338
0.125082
0.11516
0.108749
0.105616
0.105303
0.10723
0.110948
0.116141
0.122558
0.130076
0.138549
0.147746
0.15777
0.168495
0.179855
0.191742
0.203983
0.216415
0.228893
0.241214
0.253205
0.264652
0.275316
0.284881
0.293063
0.300026
0.305567
0.309644
0.312225
0.313551
0.313806
0.312981
0.311341
0.309296
0.306531
0.301008
0.292726
0.28319
0.273185
0.262336
0.251305
0.240476
0.229711
0.219111
0.208721
0.198688
0.189031
0.179738
0.170794
0.162132
0.153601
0.1453
0.137347
0.129775
0.122575
0.115721
0.109197
0.102938
0.0970357
0.0911954
0.0855615
0.0800572
0.0746729
0.0694842
0.0644877
0.0598878
0.0559687
0.0528384
0.0503078
0.0477732
0.0441053
0.037825
0.0274951
0.00793885
0.00793885
0.0211674
0.00910211
0.0129262
0.0164173
0.0214338
0.0264763
0.030926
0.0342085
0.0364569
0.0378029
0.0383682
0.0382902
0.0377003
0.0367109
0.0354133
0.0338836
0.0321261
0.0303686
0.0285444
0.0268184
0.0252461
0.023778
0.0223968
0.0211007
0.0198976
0.0188219
0.0179186
0.0172458
0.0168852
0.0169521
0.0177161
0.0194811
0.0222903
0.0260461
0.0304867
0.0352826
0.0401591
0.0449772
0.0497512
0.0545013
0.0592499
0.0640288
0.068908
0.0740491
0.0795287
0.085245
0.0915158
0.0995644
0.110447
0.123519
0.139758
0.159456
0.181968
0.208317
0.239593
0.275491
0.315875
0.360739
0.410024
0.463717
0.522046
0.585653
0.655549
0.732914
0.818923
0.91529
1.02479
1.15146
1.30038
1.47685
1.68519
1.92809
2.20475
2.51021
2.82759
3.13583
3.42556
3.69161
3.93665
4.15411
4.34423
4.50968
4.6531
4.77763
4.88718
4.9849
5.07504
5.16187
5.24833
5.3359
5.42486
5.5156
5.60711
5.69422
5.76746
5.82995
5.88519
5.92988
5.96387
5.97962
5.98709
5.98764
5.98106
5.96696
5.94509
5.9162
5.87976
5.83445
5.77992
5.71603
5.64263
5.55946
5.4662
5.36259
5.24828
5.12283
4.98893
4.85171
4.70779
4.55559
4.39456
4.22492
4.04726
3.8624
3.67158
3.47647
3.27914
0.0328331
0.0396553
0.0257164
0.0277371
0.0534922
0.114667
0.208198
0.299598
0.371866
0.419962
0.445642
0.452015
0.442035
0.415903
0.377499
0.336191
0.305834
0.276491
0.246033
0.21519
0.18552
0.158167
0.133714
0.112291
0.0936796
0.0777987
0.0650398
0.0554273
0.0483466
0.0476899
0.0715936
0.16126
0.324766
0.450204
0.509179
0.524379
0.509079
0.492575
0.506061
0.550095
0.612409
0.674625
0.726685
0.770153
0.809376
0.857689
0.949054
1.13251
1.46094
2.56737
4.84286
7.68431
9.89096
10.5196
10.9888
11.6602
12.0162
10.4636
11.7673
12.3353
12.5305
10.9938
10.8634
11.768
12.8696
11.5679
13.1095
11.321
11.5438
11.5506
11.8437
12.1381
12.4337
12.7312
13.0288
13.3187
13.5964
13.8636
14.1208
14.3693
14.6098
14.8435
15.0709
15.2928
15.5103
15.7241
15.9357
16.1468
16.3569
16.5658
16.7739
16.9817
17.1896
17.3978
17.6066
17.8165
18.0275
18.2401
18.4547
18.6719
18.8918
19.1142
19.3396
19.5683
19.8006
20.0369
20.2775
20.5228
20.7733
21.0293
0.0328331
0.0978488
0.151871
0.211389
0.216969
0.206973
0.195798
0.183311
0.215569
0.263939
0.326876
0.405155
0.499585
0.610372
0.73626
0.875185
1.02509
1.18377
1.3485
1.51686
1.68683
1.85713
2.02711
2.19702
2.36864
2.54698
2.72636
2.89684
3.05976
3.21715
3.36878
3.51469
3.65602
3.79403
3.93619
4.08393
4.23225
4.38432
4.55692
4.70351
4.82562
4.97221
5.14309
5.34829
5.59414
5.8988
6.29287
6.82055
7.5503
8.50202
9.51051
10.6527
10.509
10.475
11.6673
11.9237
10.5196
10.3306
10.3723
10.2031
10.4627
10.2905
10.112
10.0198
11.4226
11.5549
11.4594
12.5512
12.8305
12.026
12.6562
11.6448
10.7755
10.132
11.1765
7.15904
2.73297
1.02761
0.773483
0.706391
)
;
    }
    top
    {
        type            empty;
    }
    bottom
    {
        type            empty;
    }
    procBoundary1to0
    {
        type            processor;
        value           uniform 0;
    }
}


// ************************************************************************* //
