/*--------------------------------*- C++ -*----------------------------------*\
  =========                 |
  \\      /  F ield         | OpenFOAM: The Open Source CFD Toolbox
   \\    /   O peration     | Website:  https://openfoam.org
    \\  /    A nd           | Version:  10
     \\/     M anipulation  |
\*---------------------------------------------------------------------------*/
FoamFile
{
    format      ascii;
    class       volVectorField;
    location    "900";
    object      Urel;
}
// * * * * * * * * * * * * * * * * * * * * * * * * * * * * * * * * * * * * * //

dimensions      [0 1 -1 0 0 0 0];

internalField   nonuniform List<vector> 
2000
(
(4.54186 -4.38009 -1.68424e-17)
(2.10816 -1.22377 3.44642e-17)
(4.28637 4.63222 -1.58225e-17)
(6.48843 8.94795 0)
(8.03763 11.5998 0)
(9.16295 12.8852 2.93186e-16)
(9.87015 13.1075 -3.53788e-16)
(10.2496 12.5183 -4.23932e-16)
(10.416 11.3565 5.07149e-16)
(10.4285 9.80848 6.09874e-16)
(10.3759 7.99909 7.39604e-16)
(10.2685 6.05066 0)
(10.1302 4.25667 1.0676e-15)
(10.0271 2.70314 1.23156e-15)
(10.2853 1.75342 1.38982e-15)
(10.5929 1.52619 1.61832e-15)
(10.3927 -1.03141 -1.73665e-15)
(11.346 -7.65668 6.69879e-16)
(11.2818 -13.0767 6.18164e-16)
(10.7917 -17.1081 2.40299e-15)
(4.28698 -4.34838 -1.08229e-19)
(1.89817 -1.85537 4.39856e-17)
(4.01839 3.68122 -2.2904e-16)
(6.09926 7.96551 -6.23618e-16)
(7.76246 10.7727 1.07816e-16)
(9.20502 12.2813 -1.25215e-15)
(10.3219 12.7106 6.87796e-16)
(11.0896 12.3107 1.2729e-15)
(11.5327 11.3217 4.92112e-16)
(11.6894 9.91612 5.80353e-16)
(11.6381 8.22158 -1.35785e-15)
(11.4521 6.34731 -7.99562e-16)
(11.1937 4.56602 -1.00412e-15)
(11.0336 3.05091 -1.15517e-15)
(11.1058 1.88122 -3.97512e-15)
(11.9136 0.710167 -1.70881e-15)
(13.1662 -2.42499 4.54558e-15)
(13.6553 -7.72104 -3.7511e-15)
(13.286 -12.3362 0)
(12.6138 -15.9551 -3.33183e-15)
(3.77728 -4.86773 1.10311e-17)
(1.16832 -2.95788 -2.67099e-16)
(3.15667 2.11125 2.76717e-16)
(5.3693 6.36387 6.17561e-16)
(7.205 9.32836 1.0285e-15)
(8.87303 11.0686 2.80107e-16)
(10.2603 11.785 7.38343e-16)
(11.3262 11.7079 -1.25821e-15)
(12.0731 11.0323 -1.00209e-15)
(12.5387 9.90209 -1.15987e-15)
(12.7679 8.41972 1.34942e-15)
(12.8149 6.67232 0)
(12.7231 4.84196 -3.55634e-15)
(12.6411 3.07071 0)
(12.8153 1.31737 0)
(13.6639 -0.420902 0)
(14.668 -2.96475 3.03189e-15)
(14.8558 -7.15219 -4.55383e-15)
(14.4352 -11.2583 0)
(13.7527 -14.6142 2.14429e-15)
(3.64879 -5.16367 -7.2559e-17)
(0.548698 -3.65114 7.71037e-16)
(2.38962 0.661425 0)
(4.67389 4.70518 1.13473e-15)
(6.62145 7.74428 3.44242e-16)
(8.43523 9.67518 1.64706e-16)
(9.99876 10.6488 -3.83883e-17)
(11.2631 10.8562 2.46964e-15)
(12.2379 10.4658 0)
(12.9527 9.61428 1.00697e-15)
(13.4429 8.37967 1.21079e-15)
(13.7464 6.83511 2.86924e-15)
(13.8852 5.10418 3.38896e-15)
(13.9801 3.26662 7.62944e-15)
(14.1539 1.33001 -4.14431e-15)
(14.6665 -0.695516 -3.11096e-16)
(15.4101 -3.04076 9.74597e-15)
(15.4811 -6.47874 4.28604e-15)
(15.0575 -10.1475 4.021e-15)
(14.36 -13.2156 3.90436e-15)
(3.77374 -5.28079 0)
(0.0808331 -4.08326 -1.2531e-15)
(1.78994 -0.712375 -5.10922e-16)
(3.98307 2.97031 -1.46527e-15)
(5.98423 6.03781 -1.75274e-15)
(7.86804 8.12782 5.5919e-16)
(9.53412 9.31613 -1.53452e-15)
(10.9239 9.76539 -2.48849e-15)
(12.0475 9.63273 -9.0098e-16)
(12.9318 9.03966 9.13005e-17)
(13.61 8.04786 -2.33714e-15)
(14.1015 6.72169 -2.84768e-15)
(14.4061 5.14449 -3.04371e-15)
(14.6229 3.37919 -3.61933e-15)
(14.809 1.46818 0)
(15.093 -0.711739 5.05428e-17)
(15.6233 -2.94879 3.48502e-17)
(15.6022 -5.72871 -4.22232e-15)
(15.0958 -8.94943 -1.19927e-14)
(14.3259 -11.7381 3.47516e-15)
(4.03761 -5.25875 0)
(-0.0945773 -4.34041 6.09397e-16)
(1.47863 -1.90543 0)
(3.29106 1.25628 1.01478e-15)
(5.26416 4.26206 2.192e-15)
(7.14707 6.48263 0)
(8.84515 7.86729 2.88168e-15)
(10.2883 8.53868 5.0511e-15)
(11.4827 8.63743 0)
(12.4523 8.27443 -1.86987e-15)
(13.2264 7.50462 4.92057e-15)
(13.8096 6.38406 2.61621e-16)
(14.1936 4.98231 3.3278e-15)
(14.4692 3.36664 -3.20867e-15)
(14.6944 1.60497 0)
(14.8079 -0.63275 -8.00623e-15)
(15.1405 -2.75862 -4.2521e-15)
(14.9349 -5.00965 0)
(14.3111 -7.74708 7.66457e-15)
(13.4929 -10.2524 -1.42351e-14)
(4.35746 -5.15225 -4.29601e-16)
(-0.0358776 -4.46624 2.73848e-16)
(1.38097 -2.74582 -1.50743e-15)
(2.70365 -0.324192 -4.85526e-16)
(4.49064 2.46676 -9.76096e-17)
(6.29373 4.76498 -1.50858e-15)
(7.94895 6.33247 2.81028e-15)
(9.36867 7.21602 -5.08641e-15)
(10.5495 7.5275 -5.73976e-15)
(11.5123 7.36633 4.13425e-15)
(12.2776 6.78827 -2.6672e-15)
(12.8518 5.85801 -2.72471e-15)
(13.2311 4.64749 2.74697e-15)
(13.5047 3.21416 -6.20589e-15)
(13.7588 1.65139 0)
(13.7468 -0.453942 1.60008e-14)
(13.7488 -2.45647 -1.55727e-14)
(13.4563 -4.3373 7.23247e-15)
(12.6832 -6.63775 7.50099e-15)
(11.7409 -8.83534 4.24581e-16)
(4.67141 -4.99799 -1.11943e-16)
(0.145338 -4.52674 -4.04177e-16)
(1.36029 -3.33486 1.89832e-15)
(2.41991 -1.67331 -2.10158e-15)
(3.74668 0.753608 -2.74715e-15)
(5.35444 3.01409 0)
(6.88219 4.72087 -3.2301e-15)
(8.20284 5.80292 0)
(9.28982 6.32353 3.99565e-15)
(10.1499 6.35763 0)
(10.7974 5.95913 0)
(11.2484 5.19947 -4.31061e-16)
(11.5252 4.15918 1.1343e-14)
(11.7168 2.89244 6.62631e-15)
(11.9271 1.50862 5.04476e-16)
(11.7324 -0.396321 -7.14186e-15)
(11.4217 -2.23493 0)
(10.8425 -3.85232 0)
(9.90271 -5.72927 7.16491e-15)
(8.8076 -7.59895 1.51177e-14)
(4.94541 -4.81137 4.78139e-16)
(0.321883 -4.56122 -1.41671e-15)
(1.53145 -3.81282 7.19544e-16)
(2.26823 -2.6131 -1.29746e-15)
(3.25597 -0.750677 -1.79835e-15)
(4.41592 1.34032 1.44106e-15)
(5.69729 3.07927 1.8455e-15)
(6.83234 4.31549 -1.66184e-15)
(7.74739 5.03877 0)
(8.41762 5.27627 -4.63385e-15)
(8.84598 5.06207 4.50016e-15)
(9.06377 4.46573 -5.43977e-15)
(9.12436 3.56847 0)
(9.11408 2.4167 9.97728e-17)
(9.15327 1.14994 5.37151e-16)
(8.6368 -0.497179 7.80481e-15)
(7.9132 -2.13905 -1.52031e-14)
(7.00384 -3.56756 7.33506e-15)
(5.89531 -5.07422 -7.82908e-15)
(4.87377 -6.65895 -8.17633e-15)
(5.15833 -4.59499 0)
(0.447918 -4.58849 -8.09561e-17)
(1.74965 -4.2093 -2.08974e-15)
(2.13247 -3.33459 -8.087e-17)
(2.87549 -1.85818 0)
(3.66653 -0.135063 0)
(4.46857 1.51974 -5.87878e-15)
(5.29638 2.80852 1.834e-15)
(5.95755 3.69144 -8.74683e-15)
(6.36026 4.13633 -5.9075e-16)
(6.47973 4.12552 1.00834e-14)
(6.34978 3.69745 -5.26666e-15)
(6.06104 2.92384 4.07228e-16)
(5.7012 1.84902 7.00169e-16)
(5.28548 0.639214 -7.55761e-15)
(4.21436 -0.70637 0)
(2.94928 -2.13974 -8.69234e-15)
(1.76895 -3.43353 3.49866e-14)
(0.794498 -4.66944 -1.70845e-14)
(0.430639 -6.16943 9.81464e-15)
(5.29844 -4.34097 1.64352e-16)
(0.507047 -4.61293 1.24711e-15)
(1.8038 -4.54876 2.01963e-15)
(2.04724 -3.95577 1.12947e-15)
(2.39573 -2.73301 1.53263e-15)
(2.8955 -1.26388 0)
(3.28109 0.157089 2.09788e-15)
(3.62118 1.39098 2.1484e-15)
(3.9311 2.33979 -5.08976e-15)
(3.99758 2.97334 1.02671e-14)
(3.72931 3.19321 6.21217e-15)
(3.14262 2.97266 -6.2367e-15)
(2.33029 2.32819 1.3804e-14)
(1.37649 1.30836 8.22147e-15)
(0.158872 0.179102 9.82651e-15)
(-1.77038 -0.736077 1.0251e-15)
(-3.5549 -1.93155 -9.65373e-15)
(-4.50164 -3.18942 3.26219e-16)
(-4.41689 -4.48575 -2.53742e-14)
(-3.26798 -6.55686 -1.56922e-14)
(5.37063 -4.03454 0)
(0.442906 -4.61801 -9.36824e-16)
(1.62475 -4.83266 9.3245e-16)
(1.75815 -4.50416 -1.50835e-15)
(1.90132 -3.50089 3.46431e-15)
(1.87452 -2.15153 -1.9851e-15)
(1.87421 -0.87739 0)
(1.82872 0.184105 0)
(1.69572 1.11711 5.87397e-15)
(1.40644 1.92262 0)
(0.728625 2.41987 3.79735e-16)
(-0.404747 2.52325 -1.44318e-14)
(-1.94709 2.18971 8.8294e-15)
(-3.80879 1.43638 -1.04814e-14)
(-5.90847 0.242813 0)
(-8.3513 -0.68241 1.43004e-14)
(-9.54791 -2.6087 0)
(-8.95957 -5.35324 -1.76463e-14)
(-7.02447 -8.13583 -4.19139e-14)
(-4.25114 -10.1145 3.60044e-14)
(5.35957 -3.64951 -4.46409e-16)
(0.226659 -4.56262 -1.72472e-15)
(1.1799 -5.0505 0)
(1.19147 -5.01197 -2.81513e-15)
(1.2187 -4.26659 -1.74357e-15)
(0.888934 -3.01571 -2.18635e-15)
(0.317478 -1.76548 0)
(-0.0874228 -0.730996 0)
(-0.410136 0.185394 8.06905e-15)
(-0.994734 1.24162 0)
(-1.86439 2.0098 8.91568e-15)
(-3.21861 2.34962 -9.04917e-15)
(-5.09122 2.0907 -1.12544e-14)
(-7.27321 0.953373 1.91055e-15)
(-9.66901 -0.318904 -5.76958e-14)
(-11.1868 -0.910389 1.64243e-14)
(-10.1417 -2.67503 -1.77851e-14)
(-7.76899 -4.71219 0)
(-5.14144 -7.22101 -1.55643e-14)
(-2.76558 -10.0626 4.4346e-14)
(5.26047 -3.15101 7.36627e-17)
(-0.156697 -4.40515 3.44176e-15)
(0.517525 -5.14799 -9.30494e-16)
(0.296794 -5.38655 2.6139e-15)
(0.036643 -4.88292 3.461e-15)
(-0.540462 -3.84817 -5.28834e-15)
(-1.18188 -2.86552 1.30906e-14)
(-1.51806 -2.17144 -1.73011e-14)
(-0.906945 -1.63376 -3.84466e-16)
(-1.85794 -0.0721509 -1.15584e-14)
(-3.4543 1.20302 3.2202e-14)
(-6.09138 2.67867 -2.16547e-14)
(-9.12192 4.2608 9.89153e-15)
(-11.5853 5.1451 0)
(-12.7803 4.5451 0)
(-12.1315 2.46984 0)
(-9.85317 -0.896043 1.14845e-14)
(-7.0908 -4.80462 1.89608e-15)
(-4.12443 -7.96476 -1.26288e-14)
(-1.40639 -11.0356 -1.14127e-14)
(5.08293 -2.50093 -2.4445e-16)
(-0.658964 -4.10687 -3.73083e-15)
(-0.256835 -5.12087 -1.2136e-15)
(-0.679802 -5.6048 1.18138e-15)
(-1.22619 -5.2309 1.90862e-15)
(-2.19334 -4.19996 -2.04837e-15)
(-3.30144 -3.23492 0)
(-4.16533 -2.71056 0)
(-4.06823 -2.58457 0)
(-5.32416 -0.588362 0)
(-7.5097 1.86867 -1.62387e-14)
(-9.77141 3.8488 2.43475e-14)
(-11.4966 4.87975 -7.79685e-15)
(-12.3708 4.56356 0)
(-12.2493 3.24031 0)
(-10.8442 1.05469 0)
(-7.89015 -2.47261 2.23382e-14)
(-4.01625 -6.60428 1.80235e-15)
(-1.0236 -9.00333 4.34333e-16)
(1.55351 -11.5114 0)
(4.80947 -1.74519 0)
(-1.223 -3.66758 7.86424e-15)
(-1.04676 -4.94277 -1.2835e-15)
(-1.5855 -5.68781 6.80959e-15)
(-2.19288 -5.51551 -7.13e-15)
(-3.14119 -4.40508 0)
(-4.27445 -3.04314 0)
(-5.25649 -1.8939 1.38679e-14)
(-6.08155 -1.28895 0)
(-7.89094 0.923597 0)
(-9.6453 2.82487 -1.49147e-14)
(-10.8175 4.50293 2.30842e-14)
(-11.0907 5.99612 -7.32982e-15)
(-10.2047 6.55337 -3.69637e-14)
(-8.51092 5.90527 -1.90471e-15)
(-6.45055 3.75805 -1.90545e-15)
(-3.47466 -0.263448 5.28442e-14)
(-0.277065 -4.62485 3.03894e-14)
(1.95788 -7.77896 0)
(3.97703 -10.7615 -2.5996e-14)
(4.40168 -0.91424 0)
(-1.78683 -3.09666 -4.22678e-15)
(-1.75972 -4.55261 4.99351e-15)
(-2.383 -5.66976 -4.03744e-15)
(-2.91781 -5.96153 5.52332e-15)
(-3.47233 -5.28731 0)
(-3.94195 -4.08831 0)
(-4.3535 -2.87239 1.09421e-15)
(-5.32189 -1.54504 -8.55792e-15)
(-7.30266 1.0393 7.06712e-15)
(-8.02464 3.21599 1.46295e-14)
(-8.0636 5.18901 -1.6003e-14)
(-7.35245 6.61422 -4.01717e-14)
(-5.42077 6.94853 4.41513e-14)
(-3.23667 6.93233 2.60806e-14)
(-1.07284 5.82818 -3.12247e-14)
(2.30198 2.52383 -5.86136e-16)
(5.81315 -1.78591 -4.21906e-14)
(6.69973 -4.99235 -3.62221e-14)
(6.69823 -7.73463 6.02512e-14)
(3.86594 -0.0136189 0)
(-2.2044 -2.39148 4.81724e-15)
(-2.25042 -3.7527 -5.34576e-15)
(-3.0722 -5.16102 4.74132e-15)
(-3.8181 -6.04335 1.74837e-15)
(-4.3577 -6.30358 0)
(-4.58545 -6.02784 0)
(-4.74961 -5.35498 -8.40638e-15)
(-5.01622 -3.72201 -1.43772e-15)
(-5.33541 -0.974983 9.14008e-15)
(-4.98415 1.71493 0)
(-3.95905 4.41229 0)
(-1.75181 6.36439 2.94808e-14)
(1.46705 7.55713 -7.47644e-16)
(3.63042 8.92327 3.42984e-14)
(5.5582 9.38441 -3.11985e-14)
(8.03313 7.85268 0)
(10.091 4.30674 0)
(9.46729 0.668752 0)
(8.30698 -2.05337 0)
(3.19296 0.760398 5.34537e-16)
(-2.10433 -1.62847 -1.12805e-14)
(-1.95907 -2.52146 8.24525e-15)
(-2.98681 -3.71539 -8.92993e-15)
(-4.24538 -4.7512 -4.90382e-15)
(-5.37901 -5.39148 1.51852e-14)
(-6.17615 -5.66051 0)
(-6.65371 -5.5866 -1.54199e-14)
(-6.55227 -4.78356 -9.8934e-15)
(-5.7109 -2.9952 1e-14)
(-4.19634 -0.806104 4.09413e-14)
(-1.96656 1.73507 -5.0003e-14)
(0.779826 3.69388 6.99347e-14)
(3.45327 5.07241 -3.24058e-14)
(5.53698 6.55475 3.15653e-14)
(7.53656 7.33142 -5.52638e-14)
(9.45766 6.81036 2.93236e-14)
(10.3168 5.05213 -2.85468e-14)
(8.90069 3.00216 0)
(6.57573 0.914249 0)
(1.79564 1.02569 0)
(-1.75232 -0.749949 2.37411e-15)
(-1.24018 -0.845298 -4.17173e-15)
(-1.64467 -1.20997 0)
(-2.08792 -1.76521 0)
(-2.44354 -2.41497 -1.01506e-14)
(-2.6983 -3.08732 -6.93344e-15)
(-2.84933 -3.63275 7.02224e-15)
(-2.77422 -3.85387 0)
(-2.23057 -3.68783 0)
(-1.1894 -3.25839 -2.66843e-14)
(0.238727 -2.82969 0)
(1.74034 -2.63992 -3.00344e-14)
(3.03352 -2.66989 -3.20422e-14)
(3.96337 -2.6729 6.09014e-14)
(4.67898 -2.7835 3.17288e-14)
(4.7013 -3.24241 0)
(3.90864 -3.74571 3.59549e-14)
(2.18561 -3.85646 4.02129e-14)
(0.1199 -3.62005 -5.09718e-14)
(10.0347 -20.2141 -1.11707e-15)
(9.06729 -22.7535 -3.54253e-17)
(7.94754 -24.8396 1.03081e-15)
(6.8391 -26.4215 -1.06476e-15)
(5.75705 -27.8164 1.00246e-15)
(4.64843 -29.7409 -1.0226e-15)
(3.69349 -32.3106 9.35194e-16)
(2.99009 -35.0251 9.32387e-16)
(2.47164 -37.6346 -8.44023e-16)
(2.08192 -40.159 -1.63334e-15)
(1.79736 -42.6477 -3.13482e-15)
(1.58537 -45.1247 1.44195e-15)
(1.44452 -47.6494 0)
(1.33763 -50.2289 0)
(1.24718 -52.9041 -2.6099e-15)
(1.35603 -55.8195 0)
(0.708824 -58.1374 0)
(2.83184 -63.0564 1.13252e-15)
(-4.13513 -60.1563 -1.08913e-15)
(15.6749 -78.5521 3.61049e-15)
(11.7611 -18.8524 -2.21429e-15)
(10.709 -21.2681 -1.15252e-15)
(9.47987 -23.2963 -2.99212e-17)
(8.24401 -24.8763 -2.01977e-15)
(7.05655 -26.3643 -4.16478e-15)
(5.93611 -28.4976 3.86625e-15)
(5.06859 -31.3076 1.0023e-16)
(4.47756 -34.2259 -3.54639e-15)
(4.05205 -37.0015 -3.43813e-15)
(3.73819 -39.661 -1.70302e-15)
(3.52331 -42.2549 4.56751e-15)
(3.37689 -44.8117 2.87369e-15)
(3.31014 -47.3913 8.39575e-15)
(3.26961 -50.0121 0)
(3.27674 -52.7146 7.8242e-15)
(3.45491 -55.6485 -5.12019e-15)
(2.92023 -58.0066 9.47887e-15)
(5.16462 -62.899 4.52879e-15)
(-1.85849 -60.3322 -4.35161e-15)
(18.3967 -77.7841 -2.1374e-19)
(12.8861 -17.3358 -4.22185e-15)
(11.7868 -19.6055 3.89649e-15)
(10.4747 -21.5376 1.00139e-14)
(9.14713 -23.1246 -1.87987e-15)
(7.923 -24.7947 0)
(6.88634 -27.2355 -1.19519e-16)
(6.18719 -30.3139 3.72927e-15)
(5.76192 -33.4147 0)
(5.47105 -36.3288 3.44108e-15)
(5.26957 -39.1024 -6.65686e-15)
(5.15487 -41.7866 6.02955e-15)
(5.09927 -44.4143 -5.8895e-15)
(5.12685 -47.0428 1.34475e-16)
(5.16729 -49.7064 -5.28761e-15)
(5.28256 -52.4295 -5.21565e-15)
(5.53511 -55.389 0)
(5.11935 -57.7716 -4.80248e-15)
(7.49183 -62.629 0)
(0.415129 -60.3928 -8.89994e-15)
(21.2 -76.9305 0)
(13.4651 -15.7175 1.85395e-16)
(12.3056 -17.8076 -3.75875e-15)
(10.9213 -19.6369 -7.79248e-15)
(9.55519 -21.2698 0)
(8.38696 -23.2036 -8.30604e-15)
(7.53874 -26.0124 3.71395e-15)
(7.08348 -29.3566 3.82049e-15)
(6.86767 -32.6099 7.23044e-15)
(6.74334 -35.6365 -6.85427e-15)
(6.68243 -38.5054 6.65443e-15)
(6.69185 -41.2658 2.92484e-16)
(6.74689 -43.9556 -5.74105e-15)
(6.88397 -46.6258 0)
(7.01775 -49.3323 1.08312e-14)
(7.2511 -52.0667 -1.06963e-14)
(7.58353 -55.0572 -2.56487e-16)
(7.29529 -57.4459 -9.87909e-15)
(9.79795 -62.268 8.80666e-15)
(2.68763 -60.3714 9.4703e-15)
(23.9894 -75.9626 3.0055e-16)
(13.3606 -14.0118 1.53718e-14)
(12.1263 -15.9239 -1.14201e-14)
(10.7024 -17.6841 3.74596e-15)
(9.39405 -19.443 0)
(8.42889 -21.7382 0)
(7.91046 -24.9409 -8.20182e-15)
(7.78171 -28.5026 1.50488e-14)
(7.81553 -31.8542 -1.47298e-14)
(7.88566 -34.9552 6.37253e-15)
(7.98922 -37.8929 1.26917e-14)
(8.14231 -40.7109 1.26352e-14)
(8.32431 -43.4511 -1.17761e-14)
(8.58281 -46.152 1.09942e-14)
(8.82178 -48.8982 -1.33824e-17)
(9.18125 -51.6298 1.07001e-14)
(9.60016 -54.6572 2.63409e-16)
(9.44519 -57.0302 -9.88592e-15)
(12.0788 -61.8201 1.74583e-14)
(4.9572 -60.2637 -1.77402e-14)
(26.7407 -74.8856 -1.4498e-14)
(12.4331 -12.2953 3.89998e-15)
(11.1392 -14.0617 -3.27472e-15)
(9.76253 -15.8305 3.7572e-16)
(8.68052 -17.829 0)
(8.12065 -20.5677 0)
(8.07737 -24.1248 -1.66321e-14)
(8.33268 -27.8073 1.49082e-14)
(8.63749 -31.1858 2.95193e-14)
(8.91961 -34.3171 -2.03483e-14)
(9.20411 -37.2925 -1.3345e-14)
(9.51477 -40.1446 2.47002e-14)
(9.83649 -42.9179 -4.70744e-14)
(10.2252 -45.6336 1.07057e-14)
(10.5806 -48.4124 1.05507e-14)
(11.0707 -51.1238 1.07074e-14)
(11.585 -54.1942 -9.71569e-15)
(11.5659 -56.5266 0)
(14.3311 -61.2944 1.81212e-14)
(7.22888 -60.0669 1.88753e-14)
(29.4352 -73.7071 1.51134e-14)
(10.5747 -10.667 -7.35367e-15)
(9.29865 -12.376 0)
(8.15808 -14.2873 1.69788e-14)
(7.56676 -16.6568 -1.64608e-14)
(7.63826 -19.8599 0)
(8.16504 -23.6404 0)
(8.80828 -27.3083 -7.8216e-15)
(9.37945 -30.636 -2.94109e-14)
(9.87873 -33.7511 1.38225e-14)
(10.3523 -36.7294 0)
(10.828 -39.5872 0)
(11.2974 -42.3715 1.17983e-14)
(11.8204 -45.0821 -1.12992e-14)
(12.3014 -47.8829 -1.08512e-14)
(12.9204 -50.554 -2.14371e-14)
(13.5401 -53.6732 1.94277e-14)
(13.6539 -55.937 5.55339e-16)
(16.5531 -60.6972 5.04724e-16)
(9.48756 -59.7741 -1.76808e-14)
(32.0667 -72.4392 -1.45287e-14)
(7.71537 -9.2875 -7.34794e-15)
(6.7175 -11.0939 -1.72764e-14)
(6.15254 -13.3183 -1.4847e-15)
(6.37303 -16.145 2.67432e-14)
(7.22723 -19.7041 0)
(8.30413 -23.4878 1.6859e-14)
(9.27702 -27.0009 -1.6257e-14)
(10.0882 -30.2117 1.4086e-14)
(10.7983 -33.2682 1.35127e-14)
(11.4602 -36.2146 -1.34502e-14)
(12.102 -39.0493 1.20966e-14)
(12.7223 -41.8221 0)
(13.3786 -44.5074 -2.31852e-14)
(13.9925 -47.3184 4.34126e-14)
(14.7327 -49.9287 -4.12772e-14)
(15.4703 -53.1017 0)
(15.7074 -55.2653 1.04353e-17)
(18.7467 -60.031 -1.77226e-14)
(11.73 -59.3816 3.60887e-14)
(34.637 -71.0939 -4.30324e-14)
(4.17696 -8.36528 -7.6468e-16)
(3.87652 -10.4861 2.79806e-14)
(4.27689 -13.1691 -1.89563e-14)
(5.52047 -16.3892 -9.99135e-15)
(7.09863 -20.0345 1.88084e-14)
(8.57463 -23.5776 -3.52469e-14)
(9.78461 -26.8378 1.56078e-14)
(10.8016 -29.8885 0)
(11.708 -32.8518 3.32571e-16)
(12.5499 -35.736 -1.28397e-14)
(13.3529 -38.5226 -2.55259e-14)
(14.1233 -41.2644 2.3059e-14)
(14.9083 -43.9077 -2.32314e-14)
(15.6617 -46.7186 2.17418e-14)
(16.5099 -49.2508 2.20603e-14)
(17.3822 -52.4829 -1.94195e-14)
(17.7241 -54.5151 5.85176e-14)
(20.9164 -59.2988 -1.72105e-14)
(13.9545 -58.8871 -3.53409e-14)
(37.1524 -69.68 6.49523e-18)
(0.695743 -8.15828 -1.05141e-14)
(1.52883 -10.8344 4.60273e-14)
(3.12537 -13.9591 1.85332e-15)
(5.28955 -17.2645 -4.35984e-14)
(7.31374 -20.6544 -2.09784e-14)
(8.99518 -23.7949 3.50057e-14)
(10.3649 -26.7693 0)
(11.5564 -29.6373 1.55768e-14)
(12.6377 -32.4804 -2.78855e-14)
(13.6432 -35.2772 0)
(14.5958 -37.995 -2.49527e-14)
(15.5108 -40.6896 2.36938e-14)
(16.416 -43.2781 0)
(17.3142 -46.0789 4.34961e-14)
(18.2512 -48.5212 -2.09747e-14)
(19.2808 -51.8152 0)
(19.6989 -53.6872 -5.86311e-14)
(23.0645 -58.4996 5.34766e-14)
(16.158 -58.2912 3.62182e-14)
(39.6125 -68.1968 5.84271e-14)
(-1.64788 -9.4201 2.70898e-14)
(0.373832 -12.5961 1.55747e-14)
(2.96107 -15.6384 -2.5761e-14)
(5.64392 -18.4968 -2.4256e-14)
(7.81351 -21.3796 4.06515e-14)
(9.56914 -24.0762 -3.58343e-14)
(11.0569 -26.7744 1.66019e-14)
(12.3906 -29.4466 -3.15193e-14)
(13.6182 -32.1476 4.2029e-14)
(14.764 -34.8359 2.73193e-14)
(15.848 -37.4669 -2.43625e-14)
(16.8966 -40.0991 5.90494e-16)
(17.909 -42.621 -2.21524e-14)
(18.9552 -45.3993 -6.58871e-14)
(19.9567 -47.7442 4.20648e-14)
(21.1711 -51.0945 1.06767e-15)
(21.6264 -52.786 3.9318e-14)
(25.1914 -57.6352 0)
(18.3489 -57.5988 -3.54515e-14)
(42.0023 -66.6409 2.92798e-14)
(-1.70861 -11.8977 0)
(0.98426 -14.407 0)
(3.88174 -17.111 -2.69796e-14)
(6.50478 -19.601 -1.51104e-15)
(8.56922 -22.0527 6.21871e-14)
(10.3205 -24.3637 -1.79603e-14)
(11.8912 -26.8095 1.77825e-14)
(13.3245 -29.2789 -3.02691e-14)
(14.666 -31.8249 0)
(15.9274 -34.392 2.67864e-14)
(17.123 -36.9247 2.51702e-14)
(18.2912 -39.484 0)
(19.3951 -41.9322 -2.33816e-14)
(20.5897 -44.6751 4.30252e-14)
(21.6283 -46.9221 4.26982e-14)
(23.0596 -50.3121 -1.83283e-14)
(23.5001 -51.8321 -7.67357e-14)
(27.2983 -56.7147 0)
(20.5272 -56.8088 0)
(44.3044 -65.0202 -3.17354e-18)
(-0.333273 -12.8622 -2.58494e-14)
(2.48004 -15.6353 0)
(5.3155 -18.2067 6.28026e-16)
(7.68516 -20.3092 2.30683e-14)
(9.59122 -22.4961 -3.95718e-14)
(11.273 -24.5567 0)
(12.8846 -26.7844 1.70539e-14)
(14.366 -29.0623 0)
(15.784 -31.4578 0)
(17.1323 -33.9063 -2.69969e-14)
(18.42 -36.3418 0)
(19.6939 -38.8263 2.4484e-14)
(20.8738 -41.2008 -6.84769e-14)
(22.2171 -43.8969 4.36341e-14)
(23.2663 -46.0545 -2.05421e-14)
(24.9492 -49.4564 7.97411e-14)
(25.3143 -50.8225 0)
(29.3899 -55.7413 -3.5411e-14)
(22.6683 -55.9122 0)
(46.5117 -63.3549 5.88226e-14)
(1.4523 -13.8722 0)
(4.41397 -16.6002 5.50202e-16)
(7.01331 -18.8641 1.10792e-15)
(9.036 -20.6875 -6.13441e-14)
(10.8348 -22.6998 1.87407e-14)
(12.4306 -24.5844 -1.8201e-14)
(14.0299 -26.6415 -1.69781e-14)
(15.5072 -28.7625 3.23154e-14)
(16.968 -31.0251 -2.83558e-14)
(18.3754 -33.3642 -5.48352e-14)
(19.7342 -35.7073 2.46281e-14)
(21.1013 -38.1176 2.38968e-14)
(22.343 -40.4216 2.2869e-14)
(23.8338 -43.0583 2.18373e-14)
(24.8703 -45.1432 0)
(26.8373 -48.5174 1.07214e-15)
(27.0579 -49.7599 -7.7133e-14)
(31.4735 -54.7097 -8.23545e-16)
(24.7638 -54.8986 3.48473e-14)
(48.6226 -61.6659 -5.89358e-14)
(3.92688 -14.1808 2.40635e-14)
(6.45049 -16.8673 2.19448e-14)
(8.82912 -19.0014 2.06305e-14)
(10.5063 -20.7557 -2.09574e-14)
(12.2394 -22.6558 1.77253e-14)
(13.7148 -24.4212 3.65286e-14)
(15.2746 -26.3412 -1.5815e-14)
(16.7211 -28.3458 -6.33543e-14)
(18.201 -30.5001 -1.53691e-15)
(19.6488 -32.7462 -1.41646e-15)
(21.0602 -35.0075 2.46615e-14)
(22.5093 -37.3465 -4.78587e-14)
(23.7999 -39.5874 0)
(25.4348 -42.1522 2.30148e-14)
(26.4405 -44.1898 -8.47211e-14)
(28.7173 -47.4862 3.87749e-14)
(28.7202 -48.6551 3.9202e-14)
(33.5586 -53.605 0)
(26.7926 -53.7569 -3.58014e-14)
(50.635 -59.9705 0)
(5.76984 -13.6946 7.39288e-16)
(8.1932 -16.5178 6.13196e-16)
(10.5985 -18.7418 2.05014e-14)
(11.9789 -20.5444 -6.00095e-14)
(13.695 -22.3294 5.46758e-14)
(15.0367 -24.033 1.75857e-14)
(16.5486 -25.8525 -1.65214e-14)
(17.9575 -27.7822 3.01961e-14)
(19.4468 -29.8573 2.81733e-14)
(20.9262 -32.033 5.97707e-19)
(22.3809 -34.228 0)
(23.9042 -36.5019 -6.28454e-16)
(25.2355 -38.6912 2.23111e-14)
(27.0102 -41.173 4.49099e-14)
(27.9763 -43.198 2.27794e-15)
(30.5789 -46.3591 -7.86489e-14)
(30.2981 -47.5257 4.04323e-14)
(35.6595 -52.4001 -6.94788e-14)
(28.7173 -52.4959 3.59119e-14)
(52.5524 -58.2861 0)
(7.54245 -11.6375 0)
(9.91484 -15.6325 -2.21975e-14)
(12.4514 -18.0311 -2.05203e-14)
(13.4371 -20.0288 0)
(15.127 -21.7259 5.65765e-14)
(16.339 -23.4365 -5.17044e-14)
(17.8077 -25.1884 -6.67405e-14)
(19.1858 -27.0786 -8.09948e-16)
(20.6829 -29.0981 0)
(22.1903 -31.2227 -7.23025e-18)
(23.682 -33.3666 2.52859e-14)
(25.2734 -35.5805 0)
(26.64 -37.7309 4.70932e-14)
(28.5464 -40.1191 -8.75819e-14)
(29.473 -42.1729 4.13293e-14)
(32.404 -45.1354 -1.40479e-17)
(31.7913 -46.3942 -3.94018e-14)
(37.7959 -51.1071 3.51699e-14)
(30.5022 -51.1299 -3.75509e-14)
(54.3859 -56.6344 5.7732e-14)
(8.50031 -8.05392 0)
(11.0238 -14.3299 0)
(14.0908 -16.7908 -4.32677e-14)
(14.7498 -19.212 7.9585e-14)
(16.4553 -20.8651 -7.36786e-14)
(17.5874 -22.6422 1.76028e-14)
(19.0213 -24.3544 6.58126e-14)
(20.3795 -26.2322 3.14853e-14)
(21.8855 -28.214 -2.78614e-14)
(23.4229 -30.3043 2.67849e-14)
(24.9473 -32.4117 -5.1179e-14)
(26.604 -34.5708 2.33198e-14)
(28.0027 -36.6963 4.71381e-14)
(30.0268 -38.9803 4.62e-14)
(30.9181 -41.1036 -4.13784e-14)
(34.156 -43.7938 3.88992e-14)
(33.1632 -45.2835 7.90211e-14)
(39.9807 -49.6545 -3.41183e-14)
(32.0973 -49.66 0)
(56.1848 -55.0892 0)
(7.71968 -5.16797 0)
(11.3848 -13.6566 2.43907e-14)
(15.4037 -15.4765 -2.08314e-14)
(16.0282 -18.3163 -4.09672e-14)
(17.7596 -19.8584 1.65788e-14)
(18.856 -21.6922 3.38118e-14)
(20.2353 -23.3662 1.28348e-18)
(21.57 -25.2448 0)
(23.0825 -27.2057 0)
(24.645 -29.2719 5.41445e-14)
(26.2007 -31.3636 1.33705e-15)
(27.9166 -33.4742 -4.72852e-14)
(29.3472 -35.5962 0)
(31.4707 -37.7633 -8.78869e-14)
(32.3422 -40.0003 4.36862e-14)
(35.8214 -42.3259 -1.19049e-13)
(34.4124 -44.3096 3.94318e-14)
(42.2099 -47.9275 3.60188e-14)
(33.3319 -48.1343 -7.33708e-14)
(58.0309 -53.8545 5.72789e-14)
(8.46675 -5.52082 -1.06407e-15)
(12.2843 -14.747 -2.20179e-14)
(16.6851 -14.3106 -1.96675e-14)
(17.4783 -17.2236 1.84777e-14)
(19.1553 -18.5779 3.54985e-14)
(20.1558 -20.4678 -3.18685e-14)
(21.4992 -22.1609 -3.09329e-14)
(22.8227 -24.0843 2.99464e-14)
(24.3451 -26.053 -2.66891e-14)
(25.9421 -28.1221 -2.64573e-14)
(27.5142 -30.217 4.88628e-14)
(29.2706 -32.2879 6.11529e-16)
(30.7396 -34.4514 -4.58865e-14)
(32.9165 -36.4675 4.1709e-14)
(33.823 -38.9017 0)
(37.4041 -40.7423 3.93174e-14)
(35.847 -43.4592 1.13353e-15)
(44.2865 -45.7539 -3.34719e-14)
(34.1151 -46.9887 0)
(59.6647 -52.9208 -5.61617e-14)
(13.7293 -3.15489 2.30954e-14)
(13.1203 -12.9114 -5.94113e-17)
(17.5577 -13.2197 1.70289e-14)
(17.886 -16.2204 -3.22075e-14)
(19.6214 -17.6571 -4.86043e-16)
(20.5369 -19.6344 1.47722e-14)
(21.9519 -21.3467 4.32454e-16)
(23.3375 -23.2497 2.08557e-17)
(24.9551 -25.1853 -2.38681e-14)
(26.6016 -27.2136 -2.23149e-14)
(28.2148 -29.3114 6.46595e-16)
(29.9736 -31.3568 -2.00096e-14)
(31.4615 -33.574 0)
(33.6209 -35.4942 7.3556e-14)
(34.5978 -38.0999 0)
(38.093 -39.5811 -3.41074e-14)
(36.7727 -42.9768 3.28267e-14)
(45.107 -43.9214 2.97374e-14)
(34.8978 -47.2148 -4.73192e-16)
(60.5069 -51.6099 3.41261e-16)
(14.1512 -3.33911 0)
(13.0795 -12.7588 1.47993e-14)
(17.6607 -13.1466 0)
(17.878 -16.1072 1.31853e-14)
(19.6398 -17.5834 0)
(20.542 -19.544 -2.38297e-14)
(21.9797 -21.2679 3.60605e-16)
(23.384 -23.1561 -3.20358e-16)
(25.0241 -25.0796 1.95975e-14)
(26.6859 -27.0871 1.8308e-14)
(28.3174 -29.1751 -1.75378e-14)
(30.084 -31.205 3.32569e-14)
(31.5959 -33.4291 0)
(33.7463 -35.3207 -3.12794e-14)
(34.7775 -37.9629 4.90919e-16)
(38.219 -39.3527 7.84638e-18)
(36.9689 -42.9019 -4.27811e-16)
(45.2354 -43.5707 -2.5811e-14)
(35.1272 -47.3093 -2.36038e-14)
(60.6359 -51.2997 -1.89712e-14)
(14.3704 -3.856 2.69562e-16)
(12.9847 -12.5824 -2.23906e-16)
(17.7414 -13.1231 0)
(17.8679 -15.9848 1.36588e-14)
(19.6513 -17.5166 1.21386e-14)
(20.5448 -19.4642 2.34556e-14)
(22.0069 -21.2019 7.0243e-16)
(23.4338 -23.0751 1.73771e-17)
(25.0974 -24.9857 -2.98412e-16)
(26.775 -26.9703 -3.66099e-14)
(28.4243 -29.0457 -4.98633e-18)
(30.1965 -31.0586 -3.32651e-14)
(31.7326 -33.2863 2.43547e-16)
(33.87 -35.1499 -5.01728e-16)
(34.9601 -37.8232 -3.00955e-14)
(38.3354 -39.1267 2.93978e-14)
(37.2093 -42.8188 4.53024e-16)
(45.3383 -43.212 -3.85197e-16)
(35.4084 -47.4062 2.39299e-14)
(60.7572 -50.9449 3.80983e-14)
(14.4693 -4.42325 0)
(12.9005 -12.4202 0)
(17.7826 -13.1217 1.37094e-14)
(17.8348 -15.882 -1.32457e-14)
(19.6335 -17.4719 -1.21109e-14)
(20.5247 -19.4047 -3.53848e-16)
(22.0155 -21.1525 -2.21526e-14)
(23.4683 -23.0078 -6.60882e-16)
(25.1575 -24.9033 3.0007e-16)
(26.8531 -26.8624 1.83733e-14)
(28.5226 -28.9223 3.44668e-14)
(30.3018 -30.9169 -5.28355e-18)
(31.8638 -33.1449 1.60105e-14)
(33.9883 -34.9823 0)
(35.1395 -37.682 3.00587e-14)
(38.4459 -38.9049 4.47013e-16)
(37.4556 -42.7244 2.80106e-14)
(45.4367 -42.8452 2.56121e-14)
(35.6954 -47.4816 3.88996e-16)
(60.9102 -50.5826 -1.91312e-14)
(14.5286 -4.98669 1.59648e-14)
(12.835 -12.275 -1.36833e-17)
(17.7876 -13.1465 2.3981e-16)
(17.7744 -15.8037 -4.2523e-16)
(19.5869 -17.4505 -1.21479e-14)
(20.4844 -19.3663 -1.19444e-14)
(22.0083 -21.1213 2.22615e-14)
(23.4903 -22.9569 3.24123e-16)
(25.2061 -24.836 1.99135e-14)
(26.9209 -26.7681 0)
(28.6128 -28.8089 -1.72649e-14)
(30.4004 -30.7832 3.29826e-14)
(31.9904 -33.0081 -1.60038e-14)
(34.1024 -34.8204 0)
(35.3166 -37.541 -4.90976e-16)
(38.5514 -38.6908 -2.90528e-14)
(37.7095 -42.6192 -2.79815e-14)
(45.5296 -42.4821 -2.52587e-14)
(35.9888 -47.5407 -3.66341e-16)
(61.0907 -50.2065 3.01079e-16)
(14.5822 -5.5219 -3.20905e-14)
(12.7843 -12.1454 1.49834e-14)
(17.7562 -13.1987 2.1991e-17)
(17.687 -15.7509 2.02067e-16)
(19.5134 -17.4527 2.50671e-14)
(20.4261 -19.3485 1.16216e-14)
(21.9875 -21.1072 -2.20747e-14)
(23.5014 -22.9212 -3.26688e-16)
(25.2444 -24.7826 -2.01029e-14)
(26.979 -26.6868 -3.00807e-16)
(28.6944 -28.706 2.64773e-16)
(30.4923 -30.6575 -1.64844e-14)
(32.1122 -32.8755 -1.57516e-14)
(34.2123 -34.6639 -2.38351e-16)
(35.4924 -37.3995 3.05492e-14)
(38.6525 -38.4819 2.95247e-14)
(37.9702 -42.5069 2.84045e-14)
(45.6131 -42.1258 -3.88275e-16)
(36.291 -47.5861 -2.41339e-14)
(61.297 -49.812 2.89658e-16)
(14.6389 -6.02929 1.56129e-14)
(12.7394 -12.0335 -1.50168e-14)
(17.6882 -13.2768 -2.74421e-14)
(17.5734 -15.7242 0)
(19.4152 -17.4785 1.48259e-17)
(20.3522 -19.3506 -3.77415e-16)
(21.9556 -21.1091 2.32519e-14)
(23.5035 -22.8997 3.46652e-16)
(25.2739 -24.7424 -3.08647e-16)
(27.0286 -26.618 0)
(28.768 -28.6137 0)
(30.5781 -30.5402 1.65272e-14)
(32.2296 -32.7475 1.60016e-14)
(34.3185 -34.5128 3.13864e-14)
(35.667 -37.2574 -6.15723e-14)
(38.7502 -38.2792 4.48712e-16)
(38.2364 -42.389 -2.7922e-14)
(45.6863 -41.7765 0)
(36.6049 -47.6168 1.51539e-17)
(61.5282 -49.3949 -1.95696e-14)
(14.6955 -6.51345 1.55476e-14)
(12.6908 -11.9402 1.55772e-14)
(17.584 -13.379 1.37205e-14)
(17.4352 -15.7241 1.33957e-14)
(19.2944 -17.5277 -2.5622e-14)
(20.2661 -19.3715 -1.13529e-14)
(21.9152 -21.1256 1.85683e-17)
(23.4986 -22.8913 -2.20842e-14)
(25.2957 -24.7144 0)
(27.0706 -26.5611 1.91479e-14)
(28.8346 -28.5315 -2.85492e-16)
(30.6578 -30.4319 -1.61225e-14)
(32.3428 -32.6242 -2.43481e-16)
(34.4212 -34.3674 1.79806e-17)
(35.8403 -37.115 3.0532e-14)
(38.8446 -38.0831 0)
(38.5078 -42.2656 0)
(45.749 -41.4345 -2.59366e-14)
(36.9324 -47.6359 1.08212e-17)
(61.7826 -48.9522 -2.89773e-17)
(14.7448 -6.98019 -3.13049e-14)
(12.6309 -11.8664 -1.53587e-14)
(17.4441 -13.5048 -1.37777e-14)
(17.2745 -15.7504 -1.34007e-14)
(19.1546 -17.5988 2.53169e-14)
(20.1711 -19.4097 0)
(21.8688 -21.1553 0)
(23.4884 -22.8943 -6.66458e-18)
(25.3116 -24.6971 0)
(27.1065 -26.5151 -1.93094e-14)
(28.895 -28.459 -1.76997e-14)
(30.7318 -30.3325 -1.70725e-14)
(32.4522 -32.5056 -1.62697e-14)
(34.5209 -34.2278 -6.25951e-14)
(36.0122 -36.972 0)
(38.9357 -37.8936 0)
(38.7844 -42.1367 0)
(45.8015 -41.1001 2.59941e-14)
(37.2755 -47.6449 4.73889e-14)
(62.0581 -48.4815 1.99054e-14)
(14.7801 -7.43676 1.55077e-14)
(12.5537 -11.8137 0)
(17.2698 -13.6532 1.37674e-14)
(17.0917 -15.8027 4.29365e-16)
(18.9998 -17.69 -1.30849e-14)
(20.0707 -19.4632 0)
(21.8189 -21.1962 0)
(23.4749 -22.9072 2.19358e-14)
(25.3232 -24.689 3.3193e-16)
(27.1376 -26.4786 -6.07963e-16)
(28.9503 -28.3955 1.8431e-14)
(30.8014 -30.2415 1.69708e-14)
(32.5582 -32.3918 1.60074e-14)
(34.6179 -34.0938 3.09239e-14)
(36.1826 -36.8286 -2.60768e-17)
(39.023 -37.7096 4.50394e-16)
(39.066 -42.0021 0)
(45.8438 -40.7739 0)
(37.6366 -47.6449 -2.36915e-14)
(62.3518 -47.9814 0)
(14.7979 -7.88179 1.54936e-14)
(12.4549 -11.7837 0)
(17.0616 -13.8234 1.38308e-14)
(16.892 -15.8793 -4.30169e-16)
(18.8349 -17.7987 -1.23636e-14)
(19.9687 -19.5297 0)
(21.7676 -21.2467 0)
(23.4597 -22.9284 2.16608e-14)
(25.3319 -24.6886 -1.71697e-17)
(27.1652 -26.4504 6.1197e-16)
(29.0017 -28.3396 1.8043e-14)
(30.8674 -30.1583 1.71377e-14)
(32.6612 -32.2826 1.60246e-14)
(34.7127 -33.9654 3.19799e-14)
(36.3516 -36.6857 -4.6518e-16)
(39.1119 -37.5305 0)
(39.3504 -41.8596 0)
(45.8757 -40.4566 0)
(38.0184 -47.6376 -2.36891e-14)
(62.6602 -47.4517 0)
(14.7968 -8.31165 -3.07386e-14)
(12.3325 -11.7737 -1.55843e-14)
(16.8222 -14.0154 -1.38276e-14)
(16.6801 -15.9776 -1.35183e-14)
(18.6649 -17.9218 2.557e-14)
(19.8684 -19.6068 0)
(21.7173 -21.3047 0)
(23.4444 -22.9562 1.41748e-17)
(25.3391 -24.6942 0)
(27.1906 -26.4291 -1.97071e-14)
(29.0506 -28.2903 -1.87405e-14)
(30.9307 -30.0823 -1.70068e-14)
(32.7618 -32.1778 -1.57633e-14)
(34.8057 -33.8426 -6.32191e-14)
(36.5199 -36.5422 0)
(39.2002 -37.3575 0)
(39.6462 -41.7066 0)
(45.8965 -40.149 2.62571e-14)
(38.4239 -47.6232 4.73704e-14)
(62.9793 -46.8907 2.06019e-14)
(14.7741 -8.72964 1.55004e-14)
(12.1844 -11.7851 1.53685e-14)
(16.5548 -14.2274 1.38889e-14)
(16.4624 -16.0942 1.35484e-14)
(18.4949 -18.0556 -2.52323e-14)
(19.7729 -19.6919 -1.30589e-14)
(21.6694 -21.3683 -1.85622e-17)
(23.4302 -22.989 -2.17666e-14)
(25.346 -24.7044 0)
(27.2153 -26.413 1.94677e-14)
(29.0978 -28.2464 5.80389e-16)
(30.9924 -30.0124 -1.7959e-14)
(32.8605 -32.0772 2.43956e-16)
(34.8975 -33.7252 -3.03624e-17)
(36.688 -36.3981 3.05801e-14)
(39.2868 -37.1931 0)
(39.9499 -41.5438 0)
(45.9052 -39.8525 -2.63124e-14)
(38.8559 -47.602 3.27994e-18)
(63.3033 -46.2989 5.6746e-17)
(14.7254 -9.13666 1.55076e-14)
(12.01 -11.8172 -1.59554e-14)
(16.2641 -14.4559 -2.78056e-14)
(16.245 -16.2247 0)
(18.3299 -18.1959 -1.81988e-17)
(19.685 -19.782 -1.66256e-17)
(21.6255 -21.4355 2.37364e-14)
(23.4183 -23.0253 -6.92229e-16)
(25.3538 -24.7176 3.19445e-16)
(27.2403 -26.4009 0)
(29.1446 -28.2067 2.99599e-16)
(31.0535 -29.9478 1.72451e-14)
(32.9575 -31.9804 1.60605e-14)
(34.9885 -33.6131 3.15337e-14)
(36.8557 -36.2532 -6.06673e-14)
(39.3714 -37.0394 -4.52717e-16)
(40.2583 -41.3723 -2.77551e-14)
(45.9014 -39.5689 0)
(39.3165 -47.5746 2.32053e-18)
(63.6256 -45.6811 -2.09713e-14)
(14.6467 -9.53168 -3.03118e-14)
(11.8113 -11.8679 1.60012e-14)
(15.9563 -14.6965 -1.71816e-17)
(16.0362 -16.3633 -2.07871e-16)
(18.174 -18.3384 2.57816e-14)
(19.6066 -19.8747 1.27135e-14)
(21.5867 -21.5046 -2.40946e-14)
(23.4096 -23.0637 3.37712e-16)
(25.3635 -24.7327 -2.10702e-14)
(27.2667 -26.3915 3.19912e-16)
(29.1919 -28.1699 -2.85364e-16)
(31.1149 -29.8875 -1.76328e-14)
(33.0535 -31.8869 -1.6317e-14)
(35.0793 -33.5062 2.39969e-16)
(37.0223 -36.1074 3.05796e-14)
(39.4511 -36.8967 2.99028e-14)
(40.5706 -41.1915 2.72693e-14)
(45.8855 -39.3014 3.97914e-16)
(39.8059 -47.5411 -2.32147e-14)
(63.9403 -45.0417 -3.13072e-16)
(14.5348 -9.91424 1.53061e-14)
(11.5924 -11.9365 1.07826e-17)
(15.6391 -14.944 -2.42012e-16)
(15.8458 -16.5055 4.37663e-16)
(18.0313 -18.4795 -1.33065e-14)
(19.5397 -19.9678 -1.23689e-14)
(21.5541 -21.5743 2.38325e-14)
(23.4051 -23.1032 -3.38408e-16)
(25.3761 -24.7484 2.10818e-14)
(27.2955 -26.3838 0)
(29.2408 -28.1351 -1.88521e-14)
(31.1774 -29.8305 3.5413e-14)
(33.149 -31.7965 -1.60952e-14)
(35.1705 -33.4042 0)
(37.1875 -35.9606 -4.92329e-16)
(39.5323 -36.7642 -2.94535e-14)
(40.8866 -41.0012 -2.77068e-14)
(45.8582 -39.0535 -2.69707e-14)
(40.3235 -47.5012 3.64614e-16)
(64.2423 -44.3853 -3.33273e-16)
(14.3938 -10.2896 0)
(11.347 -12.019 0)
(15.3272 -15.1957 1.40163e-14)
(15.6726 -16.6506 -1.37768e-14)
(17.9073 -18.6178 -1.2984e-14)
(19.4871 -20.0605 -3.92313e-17)
(21.53 -21.6444 -2.34415e-14)
(23.4068 -23.1438 3.57269e-16)
(25.3935 -24.7649 -3.21902e-16)
(27.3284 -26.3771 2.00872e-14)
(29.2927 -28.102 3.77927e-14)
(31.2422 -29.7763 3.10078e-16)
(33.245 -31.7091 1.58509e-14)
(35.2624 -33.3064 0)
(37.3523 -35.8147 3.11202e-14)
(39.6124 -36.6391 -4.54069e-16)
(41.2091 -40.8086 2.76694e-14)
(45.8148 -38.825 2.65983e-14)
(40.875 -47.4609 -3.88315e-16)
(64.5217 -43.7106 -2.14897e-14)
(14.2372 -10.6653 -2.40418e-16)
(11.1048 -12.0969 2.42651e-16)
(15.0271 -15.4444 0)
(15.5195 -16.7899 1.33521e-14)
(17.8016 -18.7468 1.33813e-14)
(19.4464 -20.1481 2.52256e-14)
(21.5134 -21.7123 -3.58651e-16)
(23.4142 -23.1834 -3.58098e-16)
(25.4163 -24.7805 3.22722e-16)
(27.3661 -26.3704 -4.02237e-14)
(29.3486 -28.0695 3.57789e-17)
(31.31 -29.7237 -3.53789e-14)
(33.3424 -31.6242 -2.45388e-16)
(35.355 -33.2119 5.0703e-16)
(37.518 -35.6706 -3.10837e-14)
(39.6887 -36.5191 2.99663e-14)
(41.5269 -40.6232 -4.48933e-16)
(45.7233 -38.6045 4.00662e-16)
(41.4801 -47.4385 2.32756e-14)
(64.7603 -43.0058 4.29798e-14)
(14.047 -11.0165 0)
(10.8401 -12.1124 1.61112e-14)
(14.6949 -15.6394 0)
(15.354 -16.8809 1.38973e-14)
(17.6765 -18.8264 0)
(19.384 -20.1984 -2.49132e-14)
(21.4735 -21.7498 -3.78697e-16)
(23.4024 -23.1994 3.41494e-16)
(25.4239 -24.7763 2.09574e-14)
(27.3932 -26.349 2.04383e-14)
(29.397 -28.0267 -1.86578e-14)
(31.3736 -29.6659 3.54485e-14)
(33.436 -31.5368 0)
(35.4478 -33.1202 -3.16948e-14)
(37.6803 -35.5246 -4.92646e-16)
(39.7681 -36.4103 -2.36515e-17)
(41.8446 -40.4361 4.22555e-16)
(45.6347 -38.3968 -2.6314e-14)
(42.1353 -47.4356 -2.35003e-14)
(64.9557 -42.2841 -2.13975e-14)
(13.6847 -11.2071 1.88948e-14)
(10.6756 -12.0517 3.05996e-17)
(14.3109 -15.7213 1.78136e-14)
(15.2137 -16.9254 -3.43443e-14)
(17.544 -18.8528 5.09363e-16)
(19.3119 -20.2174 1.45685e-14)
(21.4134 -21.7587 -4.53527e-16)
(23.373 -23.197 -2.1068e-17)
(25.4141 -24.7556 -2.47217e-14)
(27.4075 -26.3162 -2.33545e-14)
(29.4348 -27.9742 -6.96724e-16)
(31.4325 -29.6028 -2.0645e-14)
(33.5223 -31.445 0)
(35.5468 -33.0334 7.47381e-14)
(37.827 -35.3678 0)
(39.8795 -36.3299 -3.49519e-14)
(42.1016 -40.1952 3.21865e-14)
(45.6405 -38.2855 3.15544e-14)
(42.7086 -47.3423 4.57577e-16)
(65.202 -41.6934 -3.7083e-16)
(9.52401 -10.8144 -2.31599e-16)
(11.2359 -12.9711 -2.38563e-14)
(14.6528 -16.4873 -2.02935e-14)
(16.4162 -18.0331 1.90281e-14)
(18.6406 -19.8727 -3.662e-14)
(20.54 -21.2894 3.30157e-14)
(22.5294 -22.7158 -3.20192e-14)
(24.3955 -23.9998 -3.09608e-14)
(26.3126 -25.3382 2.78268e-14)
(28.2014 -26.6731 2.74692e-14)
(30.1422 -28.0814 -5.07769e-14)
(32.0971 -29.5118 4.74436e-14)
(34.1471 -31.0941 4.66185e-14)
(36.2101 -32.6018 -4.26661e-14)
(38.4815 -34.5754 4.29199e-14)
(40.6961 -35.8466 1.05777e-15)
(42.7848 -38.8071 -7.64142e-14)
(46.6316 -38.4624 3.47121e-14)
(42.9181 -45.4126 0)
(65.8702 -41.2227 8.42706e-17)
(7.84243 -10.7901 0)
(11.1326 -12.6071 -2.49059e-14)
(13.8876 -14.5523 2.14315e-14)
(16.234 -16.2692 4.12321e-14)
(18.4325 -17.8613 2.04947e-14)
(20.5415 -19.3531 -3.40169e-14)
(22.6357 -20.8104 -1.36609e-16)
(24.7153 -22.2475 0)
(26.7993 -23.6931 0)
(28.8885 -25.1604 -6.92102e-16)
(30.9936 -26.6516 -1.26844e-15)
(33.1215 -28.1791 -5.97089e-16)
(35.2884 -29.7594 0)
(37.5299 -31.3918 -8.94033e-14)
(39.7619 -33.0967 -4.39661e-14)
(42.3143 -34.838 -4.19862e-14)
(43.8298 -36.6891 3.92397e-14)
(48.8214 -38.149 -3.71967e-14)
(42.5817 -41.7295 7.38569e-14)
(69.0519 -39.8 1.40365e-15)
(8.23186 -12.4366 0)
(11.4057 -13.7843 0)
(14.2183 -15.1957 4.29535e-14)
(16.7709 -16.5672 -7.82806e-14)
(19.1322 -17.8974 -8.66557e-16)
(21.3783 -19.1875 1.72832e-14)
(23.5625 -20.4598 6.49022e-14)
(25.7081 -21.7332 -3.12889e-14)
(27.8329 -23.0236 2.81053e-14)
(29.9533 -24.3396 2.71703e-14)
(32.0832 -25.6911 -2.56335e-14)
(34.2416 -27.0886 0)
(36.4414 -28.549 -4.77011e-14)
(38.7283 -30.0698 4.23442e-14)
(40.9953 -31.6801 4.17011e-14)
(43.6145 -33.3124 1.23444e-13)
(45.1418 -35.0994 -7.86261e-14)
(50.2356 -36.4271 3.52529e-14)
(43.7228 -39.7922 0)
(71.0708 -37.2883 0)
(9.18445 -13.1409 0)
(12.1474 -14.1684 -2.1668e-14)
(14.9051 -15.2592 -2.04177e-14)
(17.463 -16.382 0)
(19.859 -17.5172 -1.897e-14)
(22.1496 -18.6606 1.6283e-14)
(24.3828 -19.8145 8.1167e-16)
(26.5771 -20.9828 -5.99994e-14)
(28.7498 -22.1715 0)
(30.9196 -23.3906 5.85853e-17)
(33.0996 -24.647 2.54805e-14)
(35.3107 -25.9502 0)
(37.5625 -27.3152 -4.75511e-14)
(39.9015 -28.7397 8.89872e-14)
(42.2138 -30.2545 -4.16072e-14)
(44.8893 -31.7844 -2.18867e-18)
(46.4583 -33.4867 -3.92113e-14)
(51.624 -34.6177 -8.73153e-16)
(45.1646 -37.9751 7.5085e-14)
(72.6181 -34.6766 -5.75517e-14)
(10.3439 -13.6134 -4.43665e-14)
(13.146 -14.4317 4.11586e-14)
(15.8121 -15.3034 1.97853e-14)
(18.332 -16.2169 1.96564e-14)
(20.724 -17.1682 -1.69471e-14)
(23.0326 -18.1535 1.69069e-14)
(25.2925 -19.1703 -1.59773e-14)
(27.5146 -20.2129 9.10672e-14)
(29.7154 -21.2837 -2.77737e-14)
(31.9138 -22.3923 5.7742e-17)
(34.1248 -23.5445 0)
(36.37 -24.7459 4.89473e-14)
(38.6583 -26.01 -2.25739e-14)
(41.0361 -27.3311 -4.55055e-14)
(43.3888 -28.7495 -2.17428e-15)
(46.1078 -30.1604 -1.05552e-15)
(47.7427 -31.8003 0)
(52.9389 -32.6957 -3.62311e-14)
(46.6164 -36.2701 3.70746e-14)
(73.9073 -31.9662 0)
(11.5452 -13.7107 2.12554e-14)
(14.2395 -14.4151 2.04452e-14)
(16.8258 -15.1405 1.95067e-14)
(19.2919 -15.9007 5.63861e-14)
(21.6544 -16.7055 -5.19535e-14)
(23.9549 -17.5589 -3.40997e-14)
(26.2204 -18.4529 4.66949e-14)
(28.4549 -19.3782 7.3241e-16)
(30.6723 -20.3373 1.30678e-15)
(32.8916 -21.3401 1.30173e-15)
(35.1282 -22.3909 -2.46918e-14)
(37.4016 -23.492 -4.8216e-14)
(39.7196 -24.6565 0)
(42.1309 -25.8763 -6.75504e-14)
(44.5211 -27.1968 8.50607e-14)
(47.2834 -28.4911 -3.95356e-14)
(48.976 -30.064 7.92494e-14)
(54.2036 -30.7389 -3.51525e-14)
(47.9936 -34.5624 -3.69629e-14)
(75.0595 -29.1894 0)
(12.7517 -13.5792 0)
(15.3767 -14.1947 -4.05378e-14)
(17.8986 -14.8073 -8.01869e-16)
(20.3083 -15.4429 1.82417e-14)
(22.6319 -16.1258 -1.70298e-14)
(24.9105 -16.8646 -1.65364e-14)
(27.1675 -17.6463 -1.57349e-14)
(29.4018 -18.4627 -3.03931e-14)
(31.6246 -19.3174 2.74495e-14)
(33.8551 -20.2199 6.39411e-16)
(36.1084 -21.1733 -2.4622e-14)
(38.4022 -22.1763 2.40345e-14)
(40.7431 -23.2434 2.30352e-14)
(43.1808 -24.363 2.20943e-14)
(45.6019 -25.587 0)
(48.4047 -26.7669 -8.20489e-14)
(50.1506 -28.2766 -1.01503e-15)
(55.401 -28.7336 7.30238e-14)
(49.2889 -32.826 -3.5941e-14)
(76.1128 -26.3453 1.6398e-17)
(13.9293 -13.2383 -2.02406e-14)
(16.5138 -13.7848 0)
(18.9849 -14.3056 -3.83556e-14)
(21.3423 -14.8396 1.72657e-14)
(23.6227 -15.4229 -4.36299e-16)
(25.8722 -16.0635 0)
(28.1136 -16.7463 1.56048e-14)
(30.3398 -17.4645 0)
(32.5603 -18.2233 0)
(34.7953 -19.0319 -2.64968e-14)
(37.058 -19.8918 0)
(39.3645 -20.8006 -2.45587e-14)
(41.7227 -21.7737 2.29878e-14)
(44.1823 -22.7951 -4.41031e-14)
(46.629 -23.9247 2.06477e-14)
(49.4661 -24.9933 8.08554e-14)
(51.2542 -26.4397 0)
(56.526 -26.6811 -3.60358e-14)
(50.5123 -31.0591 0)
(77.0788 -23.4215 1.64065e-17)
(15.0749 -12.7192 0)
(17.6362 -13.2065 0)
(20.0659 -13.6484 1.92924e-14)
(22.374 -14.0962 8.22151e-16)
(24.607 -14.5937 -1.727e-14)
(26.823 -15.1498 1.60534e-14)
(29.044 -15.7475 -4.74622e-14)
(31.2567 -16.3794 2.88455e-14)
(33.4692 -17.0512 0)
(35.702 -17.7726 2.64014e-14)
(37.9678 -18.5442 2.51101e-14)
(40.2815 -19.3631 0)
(42.6513 -20.2463 2.34771e-14)
(45.1273 -21.1723 5.34694e-16)
(47.596 -22.2106 -5.36161e-16)
(50.4614 -23.1706 -6.20631e-14)
(52.2885 -24.5532 -9.83985e-16)
(57.5726 -24.584 0)
(51.6762 -29.2702 0)
(77.9501 -20.3878 -5.83336e-14)
(16.1806 -12.0362 2.01211e-14)
(18.7307 -12.4696 -9.8517e-15)
(21.1254 -12.8429 0)
(23.3836 -13.2151 1.83898e-14)
(25.5654 -13.6372 -3.43734e-14)
(27.7452 -14.1226 -3.88001e-16)
(29.9434 -14.6489 1.5534e-14)
(32.1388 -15.2055 3.00947e-14)
(34.3386 -15.7994 -1.33039e-14)
(36.5644 -16.4412 -2.69685e-14)
(38.8289 -17.1308 2.45008e-14)
(41.1456 -17.865 -4.83423e-14)
(43.5229 -18.6621 2.23369e-14)
(46.0103 -19.4959 -2.14181e-14)
(48.4978 -20.4469 -4.21931e-14)
(51.3867 -21.2994 -1.02084e-15)
(53.2486 -22.6186 7.70279e-14)
(58.5369 -22.4538 0)
(52.7967 -27.4523 -3.64298e-14)
(78.6863 -17.2307 2.92076e-14)
(17.2357 -11.1941 -1.03396e-14)
(19.7855 -11.5799 -4.46701e-16)
(22.1494 -11.8928 -8.47632e-16)
(24.3541 -12.1974 3.59063e-14)
(26.4807 -12.5555 -1.64346e-14)
(28.6223 -12.9841 3.35301e-16)
(30.7961 -13.4512 -1.58715e-14)
(32.9719 -13.9426 -6.35096e-16)
(35.1563 -14.4678 -2.94588e-16)
(37.3723 -15.0381 0)
(39.6325 -15.6526 -2.50038e-14)
(41.9489 -16.3079 2.3843e-14)
(44.331 -17.0235 0)
(46.8259 -17.7688 4.38237e-14)
(49.3298 -18.636 -2.10506e-14)
(52.2372 -19.3815 0)
(54.1283 -20.6408 -1.88085e-14)
(59.4138 -20.3008 -5.39873e-14)
(53.8722 -25.5594 1.08241e-13)
(79.2694 -14.1776 -3.16782e-18)
(18.2263 -10.1927 4.18085e-14)
(20.7854 -10.5386 -4.90742e-14)
(23.1201 -10.7987 1.834e-14)
(25.2674 -11.0447 -8.98493e-15)
(27.3343 -11.3516 1.71321e-14)
(29.4357 -11.737 3.33169e-16)
(31.5846 -12.1561 -1.52013e-14)
(33.7408 -12.5924 0)
(35.9095 -13.0585 -2.81065e-14)
(38.1152 -13.5658 1.28663e-14)
(40.37 -14.1122 0)
(42.6842 -14.6947 0)
(45.069 -15.3334 0)
(47.5686 -15.9941 -4.42776e-14)
(50.0873 -16.78 4.14912e-14)
(53.0077 -17.4183 0)
(54.925 -18.6236 1.87745e-14)
(60.2038 -18.1178 1.7362e-14)
(54.8764 -23.5774 -1.74058e-14)
(79.7244 -11.1952 -1.40604e-14)
(19.1344 -9.02892 -1.00954e-14)
(21.7105 -9.34345 2.01131e-14)
(24.0173 -9.56087 8.27847e-16)
(26.1038 -9.76028 -8.59183e-15)
(28.1057 -10.0296 0)
(30.1651 -10.3849 1.63465e-14)
(32.2907 -10.7676 1.58603e-14)
(34.4294 -11.1596 1.53256e-14)
(36.5849 -11.5764 -1.35964e-14)
(38.7821 -12.0286 1.34311e-14)
(41.0323 -12.5137 -1.21917e-14)
(43.3438 -13.0287 0)
(45.7308 -13.5946 2.32854e-14)
(48.2331 -14.1746 -4.36718e-14)
(50.7661 -14.8809 -5.20803e-16)
(53.6941 -15.413 0)
(55.6387 -16.5717 -1.31322e-17)
(60.9098 -15.8979 -1.78094e-14)
(55.7964 -21.5108 -7.68344e-16)
(80.069 -8.16654 -1.53319e-14)
(19.9362 -7.69858 -1.0411e-14)
(22.5376 -7.99247 0)
(24.8195 -8.18182 -1.92041e-14)
(26.8422 -8.34936 1.75837e-14)
(28.7737 -8.59555 0)
(30.7907 -8.93428 0)
(32.8969 -9.29279 -7.76818e-15)
(35.023 -9.65151 -2.94061e-14)
(37.17 -10.0281 1.3893e-14)
(39.3624 -10.4326 0)
(41.6106 -10.862 0)
(43.9209 -11.3146 1.18608e-14)
(46.3108 -11.8115 -1.13509e-14)
(48.815 -12.3149 -1.08959e-14)
(51.3623 -12.9422 2.14629e-14)
(54.2933 -13.3717 -1.94882e-14)
(56.2701 -14.4905 -3.90134e-14)
(61.5274 -13.635 1.68896e-14)
(56.6328 -19.3756 -4.21078e-16)
(80.3005 -5.22555 -1.47693e-14)
(20.6017 -6.19969 -1.59604e-14)
(23.2405 -6.48771 -5.37405e-15)
(25.5042 -6.66771 1.86253e-14)
(27.4615 -6.81935 0)
(29.3178 -7.0574 0)
(31.2946 -7.39429 0)
(33.388 -7.74167 9.91959e-18)
(35.5092 -8.07802 -3.02075e-16)
(37.6545 -8.42297 6.65484e-15)
(39.8474 -8.78595 1.34159e-14)
(42.0977 -9.1647 -2.48955e-14)
(44.4089 -9.55905 4.28542e-18)
(46.8035 -9.98997 1.18807e-14)
(49.3094 -10.4201 -1.06172e-14)
(51.8714 -10.9687 -1.07192e-14)
(54.8021 -11.3015 9.73391e-15)
(56.8191 -12.3778 0)
(62.0492 -11.318 -1.81366e-14)
(57.386 -17.1953 1.68462e-14)
(80.3954 -2.45226 4.32546e-14)
(21.1001 -4.54044 -2.30202e-16)
(23.7944 -4.8371 2.48155e-14)
(26.0499 -5.02521 -2.36171e-14)
(27.9405 -5.17708 8.83243e-15)
(29.7172 -5.42421 0)
(31.6578 -5.77723 8.37612e-15)
(33.7493 -6.1278 1.70938e-16)
(35.8772 -6.45245 1.63445e-16)
(38.0308 -6.77293 7.09716e-15)
(40.2318 -7.09928 0)
(42.4892 -7.43076 -1.27228e-14)
(44.8045 -7.76983 3.5549e-14)
(47.2055 -8.13658 -1.10671e-14)
(49.7132 -8.49659 8.49221e-18)
(52.2906 -8.96712 0)
(55.2184 -9.21028 9.97907e-15)
(57.2824 -10.2367 9.86439e-15)
(62.4724 -8.95986 2.44597e-16)
(58.0084 -15.1403 -3.6585e-14)
(80.4167 0.592238 -6.01476e-16)
(21.4221 -2.73121 -1.07555e-14)
(24.1864 -3.04189 4.87964e-15)
(26.4375 -3.24881 -9.47073e-15)
(28.2553 -3.41825 0)
(29.9455 -3.70184 8.82923e-15)
(31.8554 -4.09675 -1.21547e-14)
(33.9622 -4.46889 3.89412e-15)
(36.115 -4.79265 7.3839e-15)
(38.2911 -5.09361 -6.96431e-15)
(40.5102 -5.38536 -6.71399e-15)
(42.7809 -5.6705 -2.80706e-16)
(45.1038 -5.95551 5.78688e-15)
(47.5133 -6.25886 0)
(50.0233 -6.55183 1.08816e-14)
(52.6165 -6.94389 0)
(55.5388 -7.10415 -9.98278e-15)
(57.6533 -8.07258 0)
(62.7718 -6.59167 -1.79075e-14)
(58.5429 -13.0082 8.36043e-15)
(80.3457 3.58517 -3.007e-16)
(21.6081 -0.684156 0)
(24.4375 -1.03207 0)
(26.6622 -1.27871 7.15085e-15)
(28.3888 -1.49149 2.27159e-15)
(29.9978 -1.85596 0)
(31.9027 -2.34268 8.35682e-15)
(34.049 -2.77224 -3.84293e-15)
(36.2417 -3.1114 0)
(38.4474 -3.39728 3.48096e-15)
(40.687 -3.6549 6.72388e-15)
(42.9716 -3.89386 -6.08703e-15)
(45.3023 -4.12625 -5.92453e-15)
(47.7205 -4.36714 -5.66643e-15)
(50.2324 -4.59663 0)
(52.8399 -4.9088 -5.2246e-15)
(55.7547 -4.99401 0)
(57.9218 -5.89414 -4.79983e-15)
(62.953 -4.22142 0)
(59.0116 -10.8726 -1.82854e-14)
(80.1476 6.71465 6.89788e-15)
(21.3189 2.30939 2.81179e-15)
(24.2759 1.7709 -1.16739e-15)
(26.5713 1.31939 -4.81019e-15)
(28.255 0.943064 -2.33009e-15)
(29.8128 0.412034 0)
(31.7925 -0.276313 0)
(34.0591 -0.867865 -7.97989e-15)
(36.3195 -1.29406 3.63361e-15)
(38.5507 -1.61039 -3.50274e-15)
(40.8004 -1.86552 5.02121e-15)
(43.0909 -2.08216 -1.48932e-15)
(45.4239 -2.2801 8.97608e-15)
(47.845 -2.46932 2.90604e-15)
(50.3558 -2.64442 0)
(52.9739 -2.87775 7.84318e-15)
(55.8788 -2.89467 5.12271e-15)
(58.0958 -3.71377 1.23136e-16)
(63.058 -1.87125 -4.53193e-15)
(59.4169 -8.68528 4.36993e-15)
(79.7823 9.87881 -7.20788e-15)
(21.2899 7.54189 -1.20615e-15)
(24.001 6.75924 1.16005e-15)
(26.1592 5.86828 -2.25021e-15)
(27.7261 5.05357 9.98161e-16)
(29.0155 4.21619 -4.73261e-17)
(30.7679 3.16221 -1.07549e-15)
(33.1392 2.12488 -8.72694e-17)
(35.6629 1.32272 8.55151e-16)
(38.1151 0.733432 -3.90345e-17)
(40.5194 0.292318 -8.40135e-16)
(42.9195 -0.0381413 -1.55641e-15)
(45.3307 -0.294911 0)
(47.8058 -0.493267 -1.45094e-15)
(50.3486 -0.657854 -1.46081e-15)
(52.9944 -0.833861 -1.40537e-15)
(55.8961 -0.793388 -6.39107e-17)
(58.1718 -1.54226 -6.44632e-17)
(63.1027 0.459782 -1.18931e-15)
(59.8878 -6.443 -1.4749e-16)
(79.2075 12.7582 5.33625e-15)
(4.03557 -3.44906 -4.2949e-14)
(3.07538 -8.92464 0)
(4.61301 -11.3015 0)
(6.04112 -12.3327 4.61908e-14)
(7.4189 -12.9048 -2.22737e-14)
(8.73568 -13.0626 0)
(9.99877 -12.9765 -1.07908e-14)
(11.1998 -12.6769 3.25068e-14)
(12.3426 -12.1919 2.0707e-14)
(13.4275 -11.5394 -1.17661e-14)
(14.4492 -10.725 1.06527e-14)
(15.3925 -9.74587 -1.07676e-14)
(16.2384 -8.59554 2.1866e-14)
(16.9615 -7.26874 2.86513e-16)
(17.5282 -5.76286 -2.17588e-14)
(17.9021 -4.08618 5.30993e-15)
(18.0767 -2.25634 5.66681e-15)
(18.1008 -0.203868 2.87157e-15)
(17.6585 2.76427 -4.46701e-15)
(17.9192 8.15281 3.95182e-15)
(-2.08692 -3.33689 -3.79468e-14)
(-1.19915 -9.05887 0)
(0.97102 -10.8519 0)
(2.83093 -11.8151 -2.416e-14)
(4.41483 -12.3143 0)
(5.8308 -12.4523 7.91694e-16)
(7.1217 -12.3522 -1.08087e-14)
(8.31491 -12.0522 -1.08865e-14)
(9.42492 -11.5716 -2.25385e-14)
(10.4539 -10.9231 -2.26627e-14)
(11.3992 -10.113 -2.16152e-14)
(12.2479 -9.13431 -1.12659e-14)
(12.9797 -7.97528 1.13532e-14)
(13.5649 -6.62851 1.1861e-14)
(13.9627 -5.09372 1.20811e-14)
(14.1257 -3.38668 -1.83757e-14)
(14.0432 -1.54325 6.18571e-15)
(13.7633 0.458598 0)
(13.0673 3.20157 0)
(13.4886 8.56068 -2.1851e-15)
(-5.92042 -4.05558 -3.12557e-14)
(-4.60227 -9.98973 -2.39347e-14)
(-2.30699 -10.9878 0)
(-0.249465 -11.5807 -2.31638e-14)
(1.45259 -11.8514 2.24426e-14)
(2.91086 -11.8751 6.09008e-16)
(4.19473 -11.7004 6.23439e-16)
(5.34721 -11.3521 0)
(6.38634 -10.8419 -1.14415e-14)
(7.31984 -10.1728 -9.36219e-17)
(8.15139 -9.3424 4.72215e-14)
(8.86998 -8.33467 1.15924e-14)
(9.44963 -7.12934 0)
(9.85228 -5.71303 1.21829e-14)
(10.0233 -4.08655 0)
(9.89308 -2.27579 -6.77323e-15)
(9.42646 -0.350143 7.12184e-15)
(8.6484 1.61135 -7.32313e-15)
(7.395 3.98626 -6.06441e-15)
(7.65922 8.91361 2.5881e-15)
(-7.62603 -4.15566 0)
(-7.2918 -10.5685 2.3653e-14)
(-5.15871 -11.2742 0)
(-3.08597 -11.4939 -1.10295e-15)
(-1.35352 -11.4939 4.37373e-14)
(0.0969805 -11.3363 2.2763e-14)
(1.33551 -11.0321 1.24887e-14)
(2.41054 -10.5963 -1.15859e-14)
(3.34906 -10.0281 0)
(4.16339 -9.3125 -1.17661e-14)
(4.85932 -8.43467 -1.29484e-14)
(5.42933 -7.37269 -2.58675e-14)
(5.84921 -6.09385 0)
(6.08201 -4.56679 -2.81379e-14)
(6.06752 -2.7758 -7.46687e-15)
(5.71879 -0.727687 2.88152e-16)
(4.94842 1.52101 1.73873e-14)
(3.73265 3.79942 5.37606e-15)
(1.71914 5.95133 8.86966e-15)
(1.23593 9.30284 -2.25531e-15)
(-7.88261 -4.14927 2.53619e-14)
(-9.2833 -10.8374 -3.90741e-14)
(-7.58351 -11.5359 -1.97782e-14)
(-5.61867 -11.4413 -2.23593e-14)
(-3.92653 -11.1747 -1.87914e-15)
(-2.53011 -10.812 0)
(-1.36695 -10.3558 0)
(-0.38688 -9.80738 1.10507e-14)
(0.442193 -9.15451 1.24349e-14)
(1.1323 -8.37022 9.843e-16)
(1.6894 -7.42863 0)
(2.11385 -6.304 1.47292e-14)
(2.3943 -4.95362 -1.44669e-14)
(2.51278 -3.3315 3.29081e-14)
(2.44124 -1.41187 -1.77246e-14)
(2.13676 0.783677 3.99028e-16)
(1.51842 3.09026 -4.57001e-16)
(0.217456 4.98424 0)
(-0.57678 7.71813 -9.90158e-15)
(-0.77044 10.4799 3.03241e-15)
(-7.61773 -4.0348 2.15795e-14)
(-10.5862 -10.7764 1.86254e-14)
(-9.62185 -11.6609 1.96431e-14)
(-7.87062 -11.4066 1.93986e-14)
(-6.27299 -10.8894 -2.02084e-15)
(-4.95581 -10.3098 0)
(-3.87347 -9.67874 0)
(-2.98215 -8.98954 -3.828e-14)
(-2.25343 -8.22933 0)
(-1.67722 -7.36851 1.45825e-14)
(-1.24789 -6.37092 -1.42269e-14)
(-0.958728 -5.21511 7.13674e-16)
(-0.803426 -3.86195 7.43749e-16)
(-0.779413 -2.27961 0)
(-0.897068 -0.49251 0)
(-1.13999 1.45876 0)
(-1.38241 3.60337 -1.35043e-14)
(-1.44236 6.18366 0)
(-1.31114 8.6357 -2.13042e-15)
(-1.26726 10.1777 1.57736e-15)
(-6.87445 -3.76911 -2.24267e-14)
(-11.4112 -10.3842 -1.45829e-14)
(-11.2343 -11.4829 -1.17008e-15)
(-9.90352 -11.1423 3.23269e-14)
(-8.44339 -10.4824 -3.85628e-14)
(-7.21122 -9.7722 0)
(-6.22464 -9.03258 0)
(-5.44421 -8.24833 1.17217e-15)
(-4.83678 -7.39317 -1.31791e-14)
(-4.38633 -6.44348 1.38118e-14)
(-4.08066 -5.36139 1.3808e-15)
(-3.8924 -4.13123 6.68831e-16)
(-3.78249 -2.72814 1.69513e-14)
(-3.7105 -1.11775 -1.70621e-14)
(-3.62536 0.697753 -8.65833e-15)
(-3.50963 2.61284 -9.83732e-15)
(-3.48481 4.33826 2.17663e-14)
(-3.22234 6.53973 0)
(-2.90922 8.3098 -1.66768e-15)
(-2.59548 9.64263 1.33764e-15)
(-5.80744 -3.4089 -2.0451e-14)
(-11.3235 -9.68037 2.74011e-14)
(-12.2997 -11.0573 1.26337e-14)
(-11.5619 -10.7759 -2.92621e-14)
(-10.3652 -9.99232 -7.36319e-15)
(-9.24093 -9.11398 -7.98761e-15)
(-8.30871 -8.21001 9.17527e-15)
(-7.56777 -7.26718 -9.17562e-15)
(-7.00499 -6.26056 1.02038e-14)
(-6.59932 -5.18959 2.10878e-14)
(-6.32498 -4.03194 6.51743e-16)
(-6.14754 -2.76475 0)
(-6.01865 -1.37006 2.45359e-14)
(-5.90316 0.165577 6.05053e-15)
(-5.75681 1.8398 7.52939e-15)
(-5.60713 3.55319 -7.27459e-15)
(-5.59389 5.05393 7.58758e-15)
(-5.36871 6.71052 -6.478e-15)
(-4.88894 8.10631 -1.3373e-15)
(-4.37208 9.33528 1.12524e-15)
(-4.67126 -2.98986 0)
(-10.727 -8.67436 -1.99938e-14)
(-12.8424 -10.3904 0)
(-12.7387 -10.2665 -1.25601e-14)
(-11.9507 -9.44601 1.98909e-14)
(-11.0329 -8.45232 2.1694e-14)
(-10.2147 -7.42 -1.47939e-14)
(-9.54526 -6.36041 -7.42905e-15)
(-9.02669 -5.25661 -1.61521e-14)
(-8.64594 -4.10953 -8.7153e-15)
(-8.38238 -2.9126 -8.44712e-15)
(-8.2102 -1.6525 -9.3651e-15)
(-8.10093 -0.320798 -6.32576e-16)
(-8.01764 1.06954 -5.40892e-15)
(-7.9278 2.50357 6.94119e-16)
(-7.85993 3.81967 -5.74442e-15)
(-7.70449 4.86918 6.01813e-15)
(-7.1477 6.28756 0)
(-6.5661 7.70069 -1.04583e-15)
(-6.11086 9.0557 -5.53201e-17)
(-3.57493 -2.51455 -3.67988e-14)
(-9.57271 -7.38638 1.86743e-14)
(-12.7404 -9.39877 0)
(-13.338 -9.56632 1.09261e-14)
(-13.0523 -8.82164 -1.10156e-14)
(-12.4224 -7.80075 -1.20452e-14)
(-11.7665 -6.70721 2.4642e-14)
(-11.1948 -5.59315 5.06565e-16)
(-10.733 -4.45781 4.41363e-16)
(-10.381 -3.30769 8.13098e-15)
(-10.1245 -2.1497 1.4905e-14)
(-9.93331 -0.979725 7.17388e-15)
(-9.77415 0.212178 0)
(-9.60501 1.4247 -4.44873e-15)
(-9.40225 2.64966 9.39211e-15)
(-9.15578 3.73604 -4.32627e-15)
(-8.8314 4.72217 2.16742e-15)
(-8.48388 6.06339 2.00204e-15)
(-8.16888 7.44752 -1.71023e-15)
(-7.95096 8.88508 2.66243e-19)
(-2.56842 -2.01174 0)
(-8.00934 -5.9087 5.54246e-15)
(-12.0334 -8.12352 4.51847e-15)
(-13.5424 -8.65213 4.34772e-15)
(-13.6736 -8.10132 0)
(-13.3651 -7.14776 0)
(-12.8787 -6.06697 -5.70005e-15)
(-12.3968 -4.95002 0)
(-11.9707 -3.83278 0)
(-11.6111 -2.7257 1.19769e-14)
(-11.3138 -1.63328 -9.27395e-16)
(-11.0623 -0.548214 -6.84664e-15)
(-10.8381 0.548514 0)
(-10.6285 1.66135 6.24439e-15)
(-10.43 2.75588 -3.23491e-15)
(-10.2126 3.7327 2.77154e-16)
(-10.014 4.73956 1.61473e-15)
(-9.87814 5.9825 -1.55207e-15)
(-9.75653 7.36434 6.98639e-16)
(-9.71028 8.85757 6.89145e-16)
(-1.67093 -1.51599 0)
(-6.21672 -4.3648 -6.31488e-15)
(-10.6494 -6.60653 -7.41481e-16)
(-13.0296 -7.48998 -4.50578e-15)
(-13.9144 -7.26159 0)
(-13.9252 -6.46482 0)
(-13.6556 -5.45625 -3.88653e-16)
(-13.2816 -4.38628 4.56879e-15)
(-12.9073 -3.30672 4.78466e-15)
(-12.5671 -2.24147 -5.29395e-15)
(-12.2708 -1.19502 -1.04848e-14)
(-12.0153 -0.164127 0)
(-11.7939 0.867805 5.28157e-15)
(-11.613 1.9064 -8.36083e-15)
(-11.4758 2.90957 0)
(-11.3248 3.84322 -1.34762e-15)
(-11.2707 4.87595 0)
(-11.2605 6.12072 -1.21939e-15)
(-11.2618 7.50957 5.58215e-16)
(-11.2864 8.96759 5.65774e-16)
(-0.901329 -1.0794 6.73568e-15)
(-4.39413 -2.88278 -1.17284e-14)
(-8.69753 -4.95069 -5.05587e-15)
(-11.7922 -6.0753 -3.35766e-16)
(-13.3995 -6.19833 6.9894e-15)
(-14.1173 -5.65221 0)
(-14.1389 -4.7984 -7.32794e-15)
(-13.9648 -3.81024 0)
(-13.6886 -2.79259 0)
(-13.4035 -1.77989 1.82465e-15)
(-13.1439 -0.783321 1.87078e-15)
(-12.92 0.202077 -1.91462e-15)
(-12.7321 1.19269 0)
(-12.5978 2.19124 -6.40195e-15)
(-12.5097 3.16693 6.77516e-15)
(-12.4418 4.12865 -3.29664e-15)
(-12.4813 5.21586 3.03008e-15)
(-12.5405 6.46331 -1.41433e-15)
(-12.59 7.77762 1.36326e-15)
(-12.5647 9.091 -3.98934e-16)
(-0.283522 -0.738419 -7.04911e-15)
(-2.74016 -1.58456 0)
(-6.39478 -3.29825 0)
(-9.76641 -4.47874 0)
(-12.078 -4.88916 0)
(-13.4308 -4.6434 0)
(-14.0744 -3.99864 6.05106e-15)
(-14.3183 -3.14758 0)
(-14.2749 -2.21038 0)
(-14.1333 -1.24712 1.44338e-15)
(-13.9534 -0.281126 -5.02627e-15)
(-13.7789 0.683642 1.82357e-15)
(-13.6298 1.6593 -3.42026e-15)
(-13.5362 2.64504 3.4876e-15)
(-13.4689 3.63474 3.61674e-15)
(-13.4822 4.61951 -1.75118e-15)
(-13.539 5.70243 -6.73576e-18)
(-13.5681 6.85487 7.74738e-16)
(-13.5325 7.9971 7.05325e-16)
(-13.3732 9.04944 -2.43942e-16)
(0.153313 -0.490078 -1.09398e-14)
(-1.43371 -0.56201 1.52862e-14)
(-4.07942 -1.82914 0)
(-7.22106 -2.84436 0)
(-9.87775 -3.40267 0)
(-11.796 -3.42009 -1.13184e-15)
(-13.0419 -3.01425 -2.84388e-15)
(-13.7661 -2.34631 -1.09271e-15)
(-14.1537 -1.53674 -1.10085e-15)
(-14.3335 -0.653101 0)
(-14.3795 0.267617 0)
(-14.3671 1.2093 1.16918e-15)
(-14.319 2.17082 0)
(-14.2695 3.14322 -1.54285e-15)
(-14.2144 4.11648 0)
(-14.1893 5.06619 6.0467e-16)
(-14.1321 6.06102 1.41208e-16)
(-14.0301 7.03918 2.74864e-16)
(-13.8318 7.93987 -1.23874e-15)
(-13.4479 8.69081 3.7936e-16)
(0.390637 -0.285391 0)
(-0.543549 0.16456 -5.29638e-15)
(-2.15055 -0.657751 1.56527e-15)
(-4.63552 -1.35935 4.64816e-15)
(-7.15692 -1.89359 -4.85374e-15)
(-9.3087 -2.07495 1.29577e-15)
(-10.9622 -1.89089 2.13199e-15)
(-12.1479 -1.42727 -8.18112e-16)
(-12.9571 -0.775998 2.02088e-15)
(-13.4924 -0.0121298 8.59824e-16)
(-13.8344 0.818211 0)
(-14.0181 1.68922 -1.18722e-15)
(-14.1105 2.58841 -2.14714e-15)
(-14.1272 3.49737 -2.57238e-17)
(-14.0895 4.38119 2.19119e-15)
(-14.0083 5.23439 -1.65877e-15)
(-13.8483 6.06356 3.64032e-16)
(-13.5701 6.81003 9.95007e-16)
(-13.1024 7.42033 1.03875e-16)
(-12.4751 7.85244 0)
(0.480547 -0.0175235 0)
(0.012636 0.7143 -8.3327e-15)
(-0.885885 0.313343 4.3088e-15)
(-2.57931 -0.107372 -3.48865e-15)
(-4.56855 -0.542958 4.95509e-15)
(-6.50982 -0.803798 7.32219e-16)
(-8.19843 -0.791976 1.72698e-15)
(-9.56881 -0.521599 -1.58901e-15)
(-10.6293 -0.0520007 -9.62882e-16)
(-11.4244 0.55389 6.51189e-16)
(-12.006 1.24517 4.47086e-17)
(-12.3987 1.98871 -6.15677e-16)
(-12.6347 2.76362 -1.29763e-15)
(-12.7227 3.54161 -3.4633e-16)
(-12.6917 4.28612 8.35271e-16)
(-12.523 4.9888 -1.2844e-15)
(-12.1908 5.6098 1.02831e-15)
(-11.6787 6.08357 5.46073e-16)
(-10.9277 6.38715 -5.85231e-16)
(-10.0822 6.52489 1.35823e-30)
(0.538309 0.319815 -4.1356e-15)
(0.367705 1.2444 5.5823e-15)
(-0.261741 1.18419 -3.88096e-15)
(-1.32337 0.936584 3.54538e-15)
(-2.59143 0.563893 -9.89733e-16)
(-3.93462 0.25944 -8.86462e-16)
(-5.22819 0.166088 -4.4443e-16)
(-6.40293 0.286702 0)
(-7.40673 0.598857 4.20227e-16)
(-8.22212 1.04484 1.17665e-15)
(-8.84963 1.57098 -1.13832e-15)
(-9.29062 2.13861 5.47689e-16)
(-9.54077 2.72035 1.06097e-15)
(-9.6072 3.26904 -8.24085e-16)
(-9.50792 3.76558 0)
(-9.21654 4.14236 -3.85047e-16)
(-8.71682 4.3637 0)
(-7.98013 4.43594 2.27481e-16)
(-6.98755 4.39225 -2.13874e-16)
(-5.96601 4.37774 -1.54834e-17)
(0.886994 0.51023 2.30911e-15)
(1.20613 1.64533 -4.26856e-15)
(0.737271 1.36651 1.9223e-15)
(-0.150444 0.752073 -1.69814e-15)
(-1.08808 0.137784 3.20292e-15)
(-1.95247 -0.235849 -1.45749e-15)
(-2.73597 -0.321887 1.407e-15)
(-3.49043 -0.214834 -6.6077e-16)
(-4.19197 0.0280197 -5.38853e-16)
(-4.79933 0.352537 6.2931e-16)
(-5.27303 0.700775 3.92425e-17)
(-5.5759 1.0241 -5.13146e-16)
(-5.67147 1.29012 -2.84691e-16)
(-5.50238 1.50359 1.03896e-16)
(-5.05766 1.67401 4.20433e-16)
(-4.37319 1.75462 -8.71416e-16)
(-3.5076 1.71433 5.29366e-16)
(-2.47081 1.55374 -2.11118e-16)
(-1.34504 1.46457 3.97338e-17)
(-0.0947413 1.57837 2.41045e-17)
(3.14061 2.36617 0)
(4.78467 3.70478 3.20796e-16)
(5.28952 3.05486 -3.5208e-17)
(5.43247 2.20564 0)
(5.40842 1.751 0)
(5.19035 1.61345 -7.20425e-18)
(4.87104 1.71075 -2.13365e-16)
(4.53973 1.98915 -4.34588e-18)
(4.20852 2.35104 0)
(3.91048 2.72503 1.36276e-16)
(3.65168 3.05109 0)
(3.44659 3.28935 2.10222e-16)
(3.2959 3.41933 1.80302e-17)
(3.19765 3.44647 -2.1546e-16)
(3.20225 3.40148 0)
(3.31746 3.32605 0)
(3.54349 3.27821 -6.06613e-17)
(3.87403 3.33037 1.61526e-17)
(4.24892 3.58638 -1.02735e-17)
(4.81516 3.91395 -7.17848e-18)
)
;

boundaryField
{
    right
    {
        type            cyclic;
    }
    left
    {
        type            cyclic;
    }
    outerWall
    {
        type            noSlip;
    }
    stirrerWall
    {
        type            noSlip;
    }
    top
    {
        type            empty;
    }
    bottom
    {
        type            empty;
    }
}


// ************************************************************************* //
