/*--------------------------------*- C++ -*----------------------------------*\
  =========                 |
  \\      /  F ield         | OpenFOAM: The Open Source CFD Toolbox
   \\    /   O peration     | Website:  https://openfoam.org
    \\  /    A nd           | Version:  10
     \\/     M anipulation  |
\*---------------------------------------------------------------------------*/
FoamFile
{
    format      ascii;
    class       volScalarField;
    location    "67000";
    object      yPlus;
}
// * * * * * * * * * * * * * * * * * * * * * * * * * * * * * * * * * * * * * //

dimensions      [0 0 0 0 0 0 0];

internalField   uniform 0;

boundaryField
{
    right
    {
        type            cyclic;
    }
    left
    {
        type            cyclic;
    }
    outerWall
    {
        type            calculated;
        value           nonuniform List<scalar> 0();
    }
    stirrerWall
    {
        type            calculated;
        value           nonuniform List<scalar> 
398
(
0.507933
0.325806
0.209867
0.155279
0.130766
0.11883
0.111973
0.107799
0.105434
0.104653
0.105424
0.107655
0.111223
0.116077
0.122101
0.12922
0.137375
0.146489
0.156438
0.167076
0.178349
0.190186
0.202413
0.214846
0.227354
0.239717
0.251771
0.263294
0.274028
0.283682
0.291939
0.298954
0.304546
0.308646
0.311293
0.312667
0.312987
0.312244
0.310673
0.30873
0.306189
0.3011
0.293015
0.283579
0.27377
0.263047
0.252025
0.241244
0.23044
0.219859
0.209444
0.199359
0.189669
0.180363
0.171401
0.162717
0.154174
0.145847
0.137856
0.130243
0.123015
0.116146
0.109607
0.103332
0.0973973
0.091555
0.0859108
0.0804147
0.0750211
0.0698336
0.064834
0.060216
0.0562584
0.0530805
0.0505012
0.0479301
0.0442442
0.0379564
0.0276066
0.00797559
0.00797559
0.0212672
0.00913483
0.0129932
0.0165127
0.0215496
0.0265879
0.0310052
0.0342372
0.0364378
0.0377353
0.0382518
0.0381264
0.0374909
0.0364575
0.0351194
0.0335532
0.0317653
0.029988
0.0281535
0.0264351
0.0248696
0.023408
0.0220334
0.0207458
0.0195569
0.0185025
0.0176289
0.0169962
0.0166893
0.0168303
0.0177123
0.0195998
0.0224877
0.0262492
0.0306048
0.0352386
0.0399089
0.0445393
0.049133
0.0537751
0.0584584
0.0632049
0.0680772
0.0731529
0.0785317
0.084094
0.0903843
0.0985937
0.109511
0.12268
0.139184
0.158697
0.181139
0.207499
0.238573
0.274089
0.313938
0.358088
0.406528
0.459245
0.516492
0.578908
0.647471
0.723304
0.807521
0.901721
1.00852
1.13161
1.27564
1.4454
1.64505
1.87675
2.14016
2.43114
2.73393
3.02913
3.30781
3.56453
3.8036
4.01624
4.20328
4.36693
4.5094
4.63365
4.74349
4.84207
4.93356
5.02197
5.11001
5.19889
5.28873
5.37991
5.47123
5.55646
5.62632
5.68682
5.74038
5.78197
5.81268
5.82609
5.83157
5.83027
5.82184
5.80583
5.78202
5.75183
5.71351
5.66625
5.60993
5.54449
5.46974
5.38545
5.29128
5.18707
5.07236
4.94654
4.81542
4.6799
4.53732
4.38654
4.22731
4.05997
3.88517
3.70383
3.51736
3.32743
3.13637
0.0323768
0.0394969
0.0255217
0.026973
0.0512486
0.108482
0.198802
0.288172
0.359609
0.407728
0.433945
0.441244
0.432465
0.407847
0.371197
0.330513
0.301056
0.272697
0.24321
0.213242
0.184281
0.157466
0.133402
0.112245
0.0938211
0.0780373
0.0652262
0.0555414
0.0482187
0.046265
0.0644577
0.139175
0.292995
0.4232
0.48695
0.507258
0.49701
0.484171
0.50065
0.546611
0.605202
0.656526
0.698746
0.738017
0.778751
0.824394
0.906465
1.06979
1.34613
2.25982
4.37518
7.33439
10.0681
11.4535
11.4982
11.1337
9.76107
10.2369
11.5346
12.0421
12.5364
12.7315
11.5894
13.0691
12.7056
11.2007
11.7406
13.3216
11.4683
11.6891
11.6856
11.977
12.27
12.5647
12.8593
13.1463
13.4213
13.6857
13.9403
14.1862
14.4243
14.6555
14.8806
15.1002
15.3154
15.5271
15.7364
15.9454
16.1532
16.3599
16.5659
16.7716
16.9772
17.1832
17.3899
17.5975
17.8063
18.0167
18.229
18.4437
18.6613
18.8813
19.1043
19.3306
19.5604
19.7941
20.0321
20.2748
20.5226
20.7758
0.0323768
0.0962998
0.149074
0.207342
0.213076
0.203877
0.194024
0.180393
0.210976
0.257408
0.317794
0.392852
0.483377
0.589623
0.710534
0.844285
0.988908
1.14235
1.30211
1.46582
1.63148
1.79768
1.96386
2.13017
2.29822
2.47262
2.65
2.81875
2.97987
3.13503
3.28533
3.42966
3.56921
3.70514
3.84508
3.98982
4.13643
4.28447
4.45531
4.60353
4.71742
4.85619
5.01587
5.20621
5.43503
5.71416
6.07075
6.54379
7.19192
8.10592
9.06319
10.1439
11.4
10.2134
10.0107
10.0742
11.0717
11.9133
12.3402
12.4624
11.9424
12.5951
11.0182
10.4479
10.1582
11.4252
10.5599
11.6018
12.5552
12.5846
11.6315
10.9401
11.8476
11.4966
9.64539
5.12717
1.6865
0.873903
0.770947
0.682986
)
;
    }
    top
    {
        type            empty;
    }
    bottom
    {
        type            empty;
    }
    procBoundary1to0
    {
        type            processor;
        value           uniform 0;
    }
}


// ************************************************************************* //
