/*--------------------------------*- C++ -*----------------------------------*\
  =========                 |
  \\      /  F ield         | OpenFOAM: The Open Source CFD Toolbox
   \\    /   O peration     | Website:  https://openfoam.org
    \\  /    A nd           | Version:  10
     \\/     M anipulation  |
\*---------------------------------------------------------------------------*/
FoamFile
{
    format      ascii;
    class       volScalarField;
    location    "32000";
    object      yPlus;
}
// * * * * * * * * * * * * * * * * * * * * * * * * * * * * * * * * * * * * * //

dimensions      [0 0 0 0 0 0 0];

internalField   uniform 0;

boundaryField
{
    right
    {
        type            cyclic;
    }
    left
    {
        type            cyclic;
    }
    outerWall
    {
        type            calculated;
        value           nonuniform List<scalar> 0();
    }
    stirrerWall
    {
        type            calculated;
        value           nonuniform List<scalar> 
398
(
0.19247
0.131306
0.0942907
0.0750974
0.0650266
0.0594061
0.0560245
0.054033
0.053121
0.0531477
0.0540301
0.055709
0.0581207
0.0612015
0.0649368
0.069292
0.0742005
0.0796681
0.0856477
0.0920694
0.0988365
0.105928
0.113321
0.120857
0.128329
0.135724
0.142907
0.149815
0.1563
0.162243
0.167528
0.172069
0.175824
0.178784
0.180914
0.182301
0.183279
0.183467
0.182046
0.17912
0.175396
0.172039
0.168498
0.164056
0.159064
0.153388
0.147525
0.141514
0.135347
0.129204
0.12324
0.11739
0.111641
0.10601
0.100498
0.09508
0.089665
0.0843707
0.079314
0.0745215
0.0699726
0.0656791
0.0615572
0.057624
0.0538454
0.0502274
0.0467781
0.0434873
0.0404115
0.037662
0.0353493
0.0335184
0.0321928
0.0313248
0.0306543
0.0296539
0.0276044
0.0237588
0.0173281
0.00502023
0.00502023
0.0133946
0.00567606
0.00788806
0.00948765
0.0119624
0.0145178
0.0169036
0.0187437
0.0199869
0.0207282
0.0210308
0.0209628
0.020595
0.0199916
0.0192072
0.0182884
0.0172719
0.0161957
0.015099
0.0140732
0.0131417
0.0122616
0.0114196
0.0106215
0.00987161
0.0091819
0.00857283
0.00806962
0.00770277
0.00751627
0.00758896
0.00810095
0.00912639
0.0106756
0.0126544
0.0148765
0.0171639
0.0193885
0.021503
0.0235113
0.0254505
0.027469
0.0294647
0.0315407
0.0337371
0.0363233
0.0392628
0.0428239
0.0473304
0.0533822
0.060474
0.0694845
0.0798581
0.0916698
0.10528
0.120669
0.137878
0.157042
0.178255
0.201605
0.227186
0.255114
0.285543
0.318693
0.354872
0.394481
0.437991
0.485876
0.53861
0.596797
0.661338
0.733308
0.81401
0.905968
1.00755
1.1159
1.22985
1.34691
1.46482
1.58143
1.69848
1.80918
1.91169
2.0046
2.0903
2.16841
2.24147
2.31057
2.37718
2.44227
2.5061
2.56879
2.62964
2.68781
2.74335
2.79119
2.83095
2.866
2.89326
2.91095
2.91605
2.91385
2.90511
2.89096
2.86994
2.84213
2.80857
2.77034
2.72742
2.6797
2.62714
2.56947
2.50523
2.43756
2.36545
2.29201
2.21929
2.14295
2.0638
1.98255
1.90019
1.81769
1.73592
1.65581
1.57848
1.50493
1.43569
0.0191644
0.0324743
0.0210732
0.0168631
0.0183772
0.0248147
0.0368434
0.0571956
0.0824459
0.105171
0.12317
0.135695
0.142958
0.14527
0.142835
0.13645
0.130228
0.123587
0.116516
0.109062
0.101261
0.0931847
0.0850551
0.0770657
0.0693706
0.0621917
0.055612
0.0497227
0.0447325
0.0409021
0.038634
0.0401086
0.0511259
0.0732552
0.106313
0.145217
0.181526
0.21117
0.234038
0.254847
0.27677
0.301889
0.328629
0.357192
0.386887
0.417543
0.449257
0.479608
0.510201
0.544132
0.585742
0.648473
0.746726
0.895994
1.2058
1.9949
3.51922
5.60273
7.79464
9.6488
10.775
10.9865
10.9645
11.218
10.4901
11.6275
11.5676
9.52626
9.77952
10.0323
11.0875
11.3541
11.6816
12.1378
12.5321
12.6499
11.1959
11.3822
11.6782
12.7243
10.9323
11.2172
11.5968
11.3316
11.8017
12.2892
12.2653
12.0383
11.6005
11.7644
11.9287
12.0928
12.2569
12.4212
12.5861
12.7519
12.9186
13.0865
13.2558
13.4266
13.5991
13.7736
13.9505
14.1306
14.3132
14.499
14.688
14.8801
15.0744
15.2687
0.0191644
0.0549449
0.0802889
0.109739
0.115819
0.113932
0.116452
0.121449
0.134855
0.154769
0.179306
0.208289
0.241662
0.279482
0.321705
0.36833
0.41926
0.474376
0.533356
0.596024
0.662045
0.731083
0.802941
0.877589
0.955319
1.0381
1.1315
1.22673
1.32132
1.41446
1.50611
1.59632
1.68495
1.77403
1.86121
1.94243
2.02485
2.11152
2.20384
2.29791
2.41019
2.48006
2.50385
2.546
2.57927
2.60592
2.64338
2.67846
2.71095
2.74559
2.78488
2.83062
2.88523
2.94879
3.01727
3.09002
3.16533
3.2425
3.31865
3.38768
3.43946
3.468
3.44753
3.34898
3.14412
2.81512
2.3674
1.85822
1.40398
1.09498
0.915042
0.768657
0.704751
0.725657
0.702115
0.618946
0.530576
0.446057
0.360498
0.273489
)
;
    }
    top
    {
        type            empty;
    }
    bottom
    {
        type            empty;
    }
    procBoundary1to0
    {
        type            processor;
        value           uniform 0;
    }
}


// ************************************************************************* //
