/*--------------------------------*- C++ -*----------------------------------*\
  =========                 |
  \\      /  F ield         | OpenFOAM: The Open Source CFD Toolbox
   \\    /   O peration     | Website:  https://openfoam.org
    \\  /    A nd           | Version:  10
     \\/     M anipulation  |
\*---------------------------------------------------------------------------*/
FoamFile
{
    format      ascii;
    class       volScalarField;
    location    "62000";
    object      yPlus;
}
// * * * * * * * * * * * * * * * * * * * * * * * * * * * * * * * * * * * * * //

dimensions      [0 0 0 0 0 0 0];

internalField   uniform 0;

boundaryField
{
    right
    {
        type            cyclic;
    }
    left
    {
        type            cyclic;
    }
    outerWall
    {
        type            calculated;
        value           nonuniform List<scalar> 0();
    }
    stirrerWall
    {
        type            calculated;
        value           nonuniform List<scalar> 
398
(
0.448363
0.292511
0.191379
0.142428
0.120868
0.111062
0.105798
0.102589
0.100706
0.100158
0.100992
0.10322
0.106718
0.111443
0.117316
0.124234
0.132142
0.141019
0.150682
0.161078
0.172056
0.183584
0.195483
0.207589
0.219748
0.23178
0.243486
0.254669
0.265071
0.2744
0.282444
0.289221
0.294593
0.29857
0.301145
0.302556
0.303001
0.302434
0.300924
0.298932
0.296457
0.291448
0.283672
0.27479
0.265363
0.255098
0.244371
0.233956
0.223557
0.213331
0.203266
0.193503
0.184104
0.175062
0.166346
0.157894
0.149573
0.141451
0.133653
0.126223
0.11917
0.112467
0.106088
0.0999634
0.0941796
0.0884643
0.0829733
0.077594
0.0723678
0.0673237
0.0624814
0.0580453
0.0542856
0.0512903
0.0488683
0.0464307
0.042886
0.0368074
0.026788
0.00774444
0.00774444
0.0206537
0.0088522
0.0125806
0.0159401
0.0207714
0.0256088
0.0298548
0.0329632
0.0350777
0.0363217
0.0368121
0.0366824
0.0360597
0.0350524
0.0337507
0.0322289
0.0305
0.0287692
0.0269918
0.0253303
0.0238159
0.022403
0.0210722
0.0198244
0.0186723
0.0176505
0.0168026
0.0161858
0.0158814
0.0160064
0.0168345
0.0186132
0.0213446
0.0249157
0.0290532
0.033456
0.0379155
0.0423095
0.0467192
0.0511689
0.0556838
0.0602436
0.0649153
0.0697071
0.0748028
0.0800844
0.08609
0.0939234
0.104426
0.117091
0.13297
0.151713
0.173257
0.198553
0.228292
0.262248
0.300353
0.342584
0.388934
0.439384
0.494146
0.553788
0.619191
0.691389
0.771391
0.860581
0.961132
1.07615
1.20967
1.3661
1.54939
1.76184
2.00368
2.27218
2.55357
2.83041
3.09426
3.33947
3.57042
3.77771
3.96156
4.12342
4.26516
4.38916
4.49913
4.59849
4.69098
4.78034
4.86909
4.95832
5.04799
5.13841
5.22849
5.31153
5.37936
5.43781
5.48953
5.52875
5.55567
5.56752
5.5711
5.56761
5.55687
5.53855
5.51295
5.48075
5.44024
5.39099
5.33303
5.26628
5.1906
5.10572
5.01149
4.90766
4.79366
4.66874
4.54215
4.41014
4.27087
4.12363
3.96849
3.80597
3.63686
3.46227
3.28361
3.10284
2.92244
0.0314878
0.0396154
0.0254638
0.0257913
0.0471645
0.0969673
0.179184
0.262234
0.330087
0.376857
0.403289
0.411968
0.405474
0.383911
0.351251
0.313297
0.286342
0.260484
0.233496
0.205894
0.178988
0.153856
0.131113
0.110956
0.0933
0.0780431
0.0654049
0.0557026
0.0484087
0.0449449
0.0548036
0.110875
0.24218
0.373196
0.446693
0.478711
0.478704
0.46395
0.468629
0.498591
0.546585
0.598775
0.652151
0.704686
0.753162
0.798824
0.858531
0.974838
1.19352
1.75169
3.34412
5.97204
8.82482
10.8198
11.2372
11.0881
9.51151
9.97526
10.4076
11.7083
12.2919
12.5274
11.0957
11.2559
11.396
11.6214
11.5274
11.4467
12.4272
13.4658
11.4937
11.6804
11.9683
12.2576
12.5466
12.8281
13.0976
13.3568
13.6063
13.8473
14.0807
14.3073
14.5279
14.7432
14.9541
15.1615
15.3668
15.5715
15.7753
15.9779
16.1798
16.3814
16.583
16.785
16.9876
17.1911
17.3959
17.602
17.81
18.0204
18.2337
18.4493
18.6678
18.8896
19.1148
19.3439
19.5771
19.815
20.0578
20.3059
0.0314878
0.0931866
0.143456
0.198436
0.203032
0.195107
0.187555
0.174742
0.203131
0.246154
0.301893
0.370868
0.453801
0.551012
0.661761
0.784684
0.918045
1.06013
1.20889
1.36216
1.51806
1.67509
1.83267
1.99101
2.15153
2.3183
2.49075
2.65542
2.81301
2.96407
3.11088
3.25203
3.38804
3.52128
3.65719
3.7972
3.94087
4.08346
4.24713
4.3958
4.50104
4.62597
4.76707
4.93358
5.1356
5.37436
5.67175
6.0588
6.5795
7.29947
8.19919
9.16613
10.2731
10.6149
11.5631
11.0939
10.8381
10.7935
10.0716
10.0993
10.2436
10.3812
11.4856
11.3517
11.2065
11.1222
10.2514
9.84118
11.8551
12.1242
11.8838
10.829
9.35695
11.0415
7.73637
3.39321
1.17508
0.795033
0.739085
0.621036
)
;
    }
    top
    {
        type            empty;
    }
    bottom
    {
        type            empty;
    }
    procBoundary1to0
    {
        type            processor;
        value           uniform 0;
    }
}


// ************************************************************************* //
