/*--------------------------------*- C++ -*----------------------------------*\
  =========                 |
  \\      /  F ield         | OpenFOAM: The Open Source CFD Toolbox
   \\    /   O peration     | Website:  https://openfoam.org
    \\  /    A nd           | Version:  10
     \\/     M anipulation  |
\*---------------------------------------------------------------------------*/
FoamFile
{
    format      ascii;
    class       volVectorField;
    location    "100";
    object      Urel;
}
// * * * * * * * * * * * * * * * * * * * * * * * * * * * * * * * * * * * * * //

dimensions      [0 1 -1 0 0 0 0];

internalField   nonuniform List<vector> 
2000
(
(3.11246 -5.87284 -2.6637e-18)
(-0.451987 -3.76669 9.03414e-18)
(2.39338 -1.56522 -7.83555e-18)
(5.25746 2.08018 0)
(8.30133 6.0239 0)
(10.525 8.69679 1.46566e-16)
(11.9379 9.75697 -1.9788e-16)
(12.7253 9.53307 -2.6235e-16)
(13.0179 8.34512 3.43489e-16)
(12.9458 6.48402 4.45227e-16)
(12.6397 4.18826 5.7415e-16)
(12.2026 1.57573 0)
(11.6868 -1.36798 8.81554e-16)
(10.8672 -4.57297 8.59655e-16)
(9.91486 -7.58107 8.38299e-16)
(8.85651 -10.1996 8.2201e-16)
(7.7521 -12.2814 -8.08936e-16)
(6.54532 -13.9308 3.83048e-16)
(5.15923 -15.3289 3.8736e-16)
(3.59667 -16.6872 1.68348e-15)
(3.63165 -5.83762 -1.91295e-17)
(-0.853097 -4.14845 6.42996e-18)
(0.940218 -3.06367 -8.06763e-17)
(4.31616 0.000412488 -2.75445e-16)
(7.35486 4.09368 4.40037e-17)
(9.96356 7.28813 -6.0494e-16)
(11.7018 8.88602 3.6723e-16)
(12.7249 9.05763 7.48247e-16)
(13.2639 8.25522 2.92207e-16)
(13.2958 6.62523 3.84157e-16)
(13.0818 4.4522 -1.02201e-15)
(12.6363 1.92598 -6.46806e-16)
(12.0358 -0.853552 -8.4343e-16)
(11.14 -3.82762 -8.31702e-16)
(10.0812 -6.5719 -2.4931e-15)
(8.84093 -8.90193 -9.1777e-16)
(7.41605 -10.697 2.391e-15)
(5.76171 -12.0324 -2.34509e-15)
(3.94548 -13.2004 0)
(2.22323 -14.6518 -2.65014e-15)
(4.17314 -5.64267 1.75269e-17)
(-0.741605 -4.3618 -4.67687e-17)
(0.0204525 -3.94798 9.04874e-17)
(2.25906 -1.98842 2.9461e-16)
(4.79045 1.4178 4.23376e-16)
(7.80345 4.85874 1.30392e-16)
(10.1229 7.09011 3.71617e-16)
(11.6303 7.91273 -7.12604e-16)
(12.4603 7.60687 -6.47475e-16)
(12.8326 6.42729 -8.21722e-16)
(12.7043 4.62582 1.03951e-15)
(12.3636 2.424 0)
(11.7816 -0.0456788 -3.05597e-15)
(10.827 -2.77959 0)
(9.57895 -5.25749 0)
(8.00116 -7.2613 0)
(6.08569 -8.70215 1.7451e-15)
(3.90994 -9.73993 -3.22634e-15)
(1.82856 -10.8916 0)
(0.318302 -12.808 1.97217e-15)
(4.73 -5.44949 -1.68966e-17)
(-0.151128 -4.44377 1.24158e-16)
(0.484269 -4.29009 0)
(1.41126 -2.86348 4.77563e-16)
(3.12164 -0.462787 1.62285e-16)
(5.36585 2.51646 1.25106e-16)
(7.85346 5.05488 -5.97028e-17)
(9.66723 6.45533 1.24478e-15)
(10.7932 6.73134 0)
(11.3579 6.07871 6.04115e-16)
(11.3987 4.71738 8.76401e-16)
(11.0446 2.85869 2.38407e-15)
(10.4159 0.694516 3.09196e-15)
(9.28177 -1.71095 6.26494e-15)
(7.68979 -3.79321 -2.97783e-15)
(5.6308 -5.30121 -1.60372e-16)
(3.17725 -6.29881 6.77156e-15)
(0.700916 -7.16762 3.84865e-15)
(-1.08688 -8.73367 4.32983e-15)
(-1.71878 -11.6524 4.81075e-15)
(5.06824 -5.35521 0)
(0.391368 -4.59451 -2.235e-16)
(1.33379 -4.56257 -1.27371e-16)
(1.56148 -3.34942 -5.2919e-16)
(2.6317 -1.23387 -9.13403e-16)
(3.59873 0.813185 2.63979e-16)
(5.4933 3.08246 -7.90925e-16)
(7.20519 4.80883 -1.31948e-15)
(8.35793 5.59576 -5.05292e-16)
(8.93335 5.4719 1.05851e-16)
(8.98755 4.60096 -1.72174e-15)
(8.55247 3.16837 -2.52249e-15)
(7.66081 1.37649 -3.03534e-15)
(6.09967 -0.552837 -3.28099e-15)
(3.99235 -2.08936 0)
(1.39844 -2.97823 1.96173e-16)
(-1.33782 -3.5892 2.64515e-16)
(-3.42048 -4.75285 -4.79534e-15)
(-3.95025 -7.6835 -1.72883e-14)
(-3.10681 -12.1536 5.72161e-15)
(5.31097 -5.326 0)
(0.747482 -4.83223 9.98769e-17)
(2.00746 -4.83034 0)
(2.17606 -3.69875 3.19254e-16)
(2.61041 -1.71766 1.0872e-15)
(3.07723 0.00082189 0)
(3.70064 1.70151 1.74036e-15)
(4.80421 3.37529 3.06125e-15)
(5.59998 4.47335 0)
(5.9102 4.79939 -1.3147e-15)
(5.68672 4.42304 4.39459e-15)
(4.86299 3.48218 4.73752e-16)
(3.36473 2.13279 3.97568e-15)
(1.08465 0.818378 -3.51385e-15)
(-1.71255 0.0391068 0)
(-4.58497 -0.25134 -1.00031e-14)
(-6.66098 -1.45013 -5.93649e-15)
(-7.11327 -4.63559 0)
(-5.37011 -9.02293 1.47216e-14)
(-3.31211 -13.3955 -2.39536e-14)
(5.52162 -5.32577 1.38709e-16)
(0.985181 -5.1219 -4.23448e-17)
(2.41775 -5.14515 -2.36313e-16)
(2.70415 -4.08533 -1.29313e-16)
(2.92869 -2.1127 5.08536e-17)
(3.05659 -0.261008 -1.01043e-15)
(2.95164 1.05751 2.31839e-15)
(2.98713 2.53978 -3.53946e-15)
(3.09565 3.74523 -4.62776e-15)
(2.82835 4.39103 3.21354e-15)
(2.03252 4.47716 -2.60639e-15)
(0.485722 4.12492 -3.28388e-15)
(-2.02309 3.46869 3.68533e-15)
(-5.42308 2.61384 -1.05681e-14)
(-8.89276 1.51504 0)
(-11.2003 -0.423798 3.48715e-14)
(-10.2057 -2.82678 -3.36187e-14)
(-7.99017 -5.74855 1.33397e-14)
(-5.56107 -10.175 1.26568e-14)
(-3.19083 -14.9523 2.56369e-16)
(5.70677 -5.31585 6.1847e-17)
(1.11032 -5.42226 -5.11263e-17)
(2.57043 -5.51001 2.82937e-16)
(2.91891 -4.49884 -4.81735e-16)
(3.12721 -2.49106 -1.02232e-15)
(2.97202 -0.470548 0)
(2.70394 0.954707 -2.58666e-15)
(1.91446 2.34399 0)
(1.21794 3.62315 3.58297e-15)
(0.220434 4.50272 0)
(-1.31932 5.04241 0)
(-3.68973 5.32765 -6.02637e-16)
(-7.04443 5.15981 2.06218e-14)
(-10.612 4.57932 1.51375e-14)
(-11.8615 3.66138 6.01203e-16)
(-11.5003 1.49106 -1.20445e-14)
(-10.1966 -2.67201 0)
(-7.97625 -7.32783 0)
(-5.31535 -12.0202 1.08323e-14)
(-2.68068 -16.5625 1.99565e-14)
(5.85922 -5.25885 -1.66788e-16)
(1.14767 -5.67389 9.36644e-17)
(2.58553 -5.87233 1.70007e-16)
(2.82652 -4.95811 -2.00358e-16)
(3.0648 -2.92385 -6.65294e-16)
(2.81973 -0.687268 7.73021e-16)
(2.23533 0.974481 1.77756e-15)
(1.23825 2.48278 -1.7342e-15)
(-0.0903 4.04264 0)
(-1.67508 5.1369 -6.15085e-15)
(-3.84336 5.88462 6.20198e-15)
(-6.89325 6.9411 -8.18881e-15)
(-10.1682 8.64837 0)
(-12.6993 8.81743 9.49742e-16)
(-14.0681 5.98889 3.69027e-16)
(-13.3991 1.38082 9.08498e-15)
(-10.696 -4.25961 -2.06016e-14)
(-7.13568 -9.04497 1.03349e-14)
(-4.27559 -13.4149 -1.00184e-14)
(-1.68397 -17.7 -9.28775e-15)
(5.96156 -5.12878 0)
(1.11295 -5.85879 2.75747e-17)
(2.4584 -6.22337 -2.38423e-16)
(2.52299 -5.46784 2.21817e-17)
(2.71492 -3.43752 0)
(2.43084 -0.973987 0)
(1.71001 0.956784 -5.80551e-15)
(0.508192 2.70514 2.12814e-15)
(-1.15414 4.74454 -1.19802e-14)
(-3.19715 6.08409 -1.42678e-15)
(-6.16118 7.8465 1.39932e-14)
(-9.59224 9.89839 -6.08451e-15)
(-12.5759 10.6594 3.27589e-16)
(-14.3241 9.22675 1.11568e-15)
(-14.2313 5.53042 -6.65509e-15)
(-12.0664 0.0844919 0)
(-8.76787 -6.3595 -1.18019e-14)
(-5.8124 -10.5088 4.29625e-14)
(-3.05885 -14.5835 -1.90762e-14)
(-0.412257 -18.6936 9.11113e-15)
(5.98566 -4.90508 1.23011e-17)
(0.970237 -5.9726 5.77987e-17)
(2.14928 -6.55559 2.38954e-16)
(1.95317 -6.02493 1.67935e-16)
(2.11328 -4.08628 4.31856e-16)
(1.80702 -1.45749 0)
(1.00368 0.692856 1.58992e-15)
(-0.48615 2.59062 2.50196e-15)
(-2.32697 5.1928 -7.50871e-15)
(-4.86699 7.44808 1.26729e-14)
(-7.96884 9.46809 7.80039e-15)
(-10.8608 11.4265 -5.6579e-15)
(-13.1107 12.1909 1.08966e-14)
(-14.0101 10.9351 6.47242e-15)
(-13.2269 6.13617 7.46795e-15)
(-10.855 -0.0265248 7.7076e-16)
(-7.17581 -6.9241 -1.10681e-14)
(-4.32348 -11.2857 2.23744e-16)
(-1.35154 -15.2656 -1.9344e-14)
(1.4029 -19.2783 -9.4303e-15)
(5.91644 -4.55495 0)
(0.653611 -5.97206 -4.11422e-17)
(1.47403 -6.84629 3.82401e-17)
(1.17076 -6.56424 -3.60457e-16)
(1.23576 -4.76329 1.19512e-15)
(0.826674 -2.09269 -1.00205e-15)
(-0.247024 0.0651171 0)
(-1.88014 2.54555 0)
(-3.66166 5.71961 5.84465e-15)
(-5.94727 8.68501 0)
(-8.89924 11.1144 9.29604e-16)
(-11.6769 13.2072 -1.01237e-14)
(-13.5697 13.6337 5.77721e-15)
(-13.6444 11.3604 -5.85219e-15)
(-12.361 6.66978 0)
(-9.07423 -0.119673 9.14443e-15)
(-4.56767 -7.1147 0)
(-1.89476 -11.4996 -1.06265e-14)
(1.10725 -15.4228 -1.98976e-14)
(3.77284 -19.335 1.74334e-14)
(5.7675 -4.0442 1.89042e-16)
(0.183985 -5.79625 6.49673e-17)
(0.688434 -7.03174 0)
(0.295925 -7.11405 -4.39885e-16)
(0.303424 -5.39624 -3.17469e-16)
(-0.110222 -2.3611 -9.18893e-16)
(-1.44101 0.381546 0)
(-2.95392 3.06556 0)
(-4.82319 5.85228 6.1638e-15)
(-6.71548 9.39688 0)
(-9.35467 12.1997 6.15237e-15)
(-11.5239 14.3774 -5.04709e-15)
(-12.5711 14.6715 -5.37761e-15)
(-12.0122 12.4928 7.69839e-16)
(-10.1059 7.23784 -2.39231e-14)
(-6.20054 0.199556 9.98467e-15)
(-1.99095 -6.53991 -1.3923e-14)
(0.765387 -11.0775 0)
(4.04249 -15.077 -1.02387e-14)
(6.63174 -18.7671 2.80881e-14)
(5.54634 -3.34131 -2.26733e-16)
(-0.389191 -5.42313 -2.1025e-16)
(-0.217834 -7.14127 -2.48589e-17)
(-0.693983 -7.73383 4.23388e-16)
(-0.706894 -6.45918 9.75435e-16)
(-0.92996 -3.57626 -2.88476e-15)
(-2.10563 -0.507007 9.02614e-15)
(-3.26072 2.50464 -1.08939e-14)
(-5.25919 5.57202 -5.1368e-16)
(-6.8928 9.82215 -6.2961e-15)
(-9.1169 12.9656 1.64451e-14)
(-10.6387 15.3864 -1.15854e-14)
(-10.7496 15.8757 5.91866e-15)
(-9.65247 13.7171 0)
(-7.21102 8.69279 0)
(-3.06251 1.65623 0)
(1.32254 -5.25183 1.6276e-14)
(4.33155 -10.232 7.66156e-16)
(7.71915 -14.2077 -1.11778e-14)
(9.93411 -17.4622 -9.8729e-15)
(5.25885 -2.47461 9.21465e-17)
(-1.01599 -4.78892 1.96637e-16)
(-1.17979 -7.00581 -1.43989e-16)
(-1.80322 -8.21906 1.37183e-16)
(-1.98283 -7.70518 6.48438e-16)
(-2.169 -5.4263 -7.84082e-16)
(-3.1185 -2.37324 0)
(-3.99906 0.910275 0)
(-5.78022 4.70803 0)
(-6.96325 9.51309 0)
(-8.63426 13.0437 -1.12519e-14)
(-9.39718 15.7378 1.84153e-14)
(-8.93468 16.4984 -6.23974e-15)
(-7.06517 14.6289 0)
(-3.71924 10.1109 0)
(1.24851 3.90561 0)
(6.33993 -2.68948 4.16182e-14)
(9.02752 -8.13685 9.61743e-16)
(11.9926 -12.3439 6.24651e-16)
(13.3853 -15.1869 0)
(4.91441 -1.47245 0)
(-1.61595 -3.91683 -4.48556e-16)
(-2.03681 -6.45344 -1.56705e-16)
(-2.86763 -8.22084 1.0201e-15)
(-3.3733 -8.57904 -1.68719e-15)
(-3.75211 -7.17842 0)
(-4.48242 -4.55258 0)
(-5.25804 -1.22233 1.04513e-14)
(-6.09428 3.14884 0)
(-6.64781 8.27295 0)
(-7.51875 12.3626 -1.24099e-14)
(-7.48736 15.5021 2.10167e-14)
(-6.08173 16.9188 -7.4371e-15)
(-3.08678 15.6898 -3.72731e-14)
(1.07721 11.9758 -1.41304e-15)
(5.71332 6.80036 -1.74451e-15)
(10.3839 0.683121 6.02554e-14)
(13.2163 -4.91945 2.43241e-14)
(15.3939 -9.29324 0)
(15.8315 -11.8587 -2.15331e-14)
(4.53795 -0.417841 0)
(-2.07939 -2.84573 2.6166e-16)
(-2.54553 -5.28376 5.71401e-16)
(-3.57664 -7.43714 -5.65722e-16)
(-4.43688 -8.50293 1.31736e-15)
(-5.10921 -8.03339 0)
(-5.67325 -6.23058 0)
(-6.31599 -3.29582 -1.19459e-16)
(-6.25247 0.978985 -6.27133e-15)
(-6.15486 6.1592 5.27909e-15)
(-6.28299 10.7918 1.37105e-14)
(-5.2952 14.4662 -1.53068e-14)
(-2.66293 16.1433 -3.26962e-14)
(1.40995 15.5892 3.16408e-14)
(6.10793 13.3946 1.77377e-14)
(10.6239 9.65475 -2.29144e-14)
(14.541 4.58317 -7.24737e-16)
(17.0546 -0.792751 -1.91613e-14)
(17.6559 -5.19663 -1.92407e-14)
(16.3504 -7.7945 3.94342e-14)
(4.17406 0.58722 0)
(-2.21469 -1.77166 -3.46074e-16)
(-2.33432 -3.59823 -6.47032e-16)
(-3.50667 -5.62948 1.06365e-15)
(-4.75787 -7.12039 4.09527e-16)
(-5.8465 -7.66315 0)
(-6.55112 -6.97747 0)
(-6.97234 -5.18855 -4.80954e-15)
(-6.34647 -1.88393 -1.52504e-15)
(-5.52015 2.78075 5.73848e-15)
(-4.53725 7.73291 0)
(-2.353 11.7336 0)
(1.55732 13.9527 1.48195e-14)
(6.07192 14.3227 -9.03482e-16)
(10.5674 13.0774 1.68911e-14)
(14.4703 10.4266 -1.74444e-14)
(17.4263 6.40679 0)
(18.3781 2.08381 0)
(16.8507 -1.90389 0)
(12.7219 -4.64512 0)
(3.4876 1.30806 1.19316e-16)
(-1.8647 -0.970477 1.16468e-15)
(-1.16068 -1.79997 1.58473e-15)
(-2.03813 -3.25884 -2.24067e-15)
(-3.50323 -4.74019 -1.82946e-15)
(-5.09183 -5.74489 5.99194e-15)
(-6.34312 -5.99855 0)
(-7.06847 -5.46648 -8.24591e-15)
(-6.85834 -3.55371 -6.35731e-15)
(-5.74701 -0.136799 6.53845e-15)
(-3.7218 4.41587 2.93753e-14)
(0.0524923 8.3879 -2.95756e-14)
(5.04711 10.981 3.27288e-14)
(9.46425 11.995 -1.52495e-14)
(13.0495 11.424 1.65905e-14)
(15.4725 9.37404 -3.2094e-14)
(16.0494 6.04112 1.71828e-14)
(13.9387 2.16786 -1.77919e-14)
(9.69369 -1.12035 0)
(4.03288 -3.1758 0)
(2.0142 1.18925 0)
(-1.30307 -0.627668 2.06917e-15)
(-0.950081 -0.704053 -3.62553e-15)
(-1.71325 -1.00744 0)
(-2.62866 -1.46168 0)
(-3.47361 -1.97608 -8.12756e-15)
(-4.09141 -2.44412 -5.56547e-15)
(-4.2969 -2.75116 5.54615e-15)
(-3.77349 -2.71275 0)
(-2.24054 -2.17917 0)
(0.261294 -0.950832 -2.34516e-14)
(2.95751 0.478886 0)
(5.60832 2.04442 -2.59604e-14)
(7.74088 2.97577 -2.61205e-14)
(8.6212 3.31273 5.24038e-14)
(8.15799 3.26797 2.92086e-14)
(6.07292 3.25427 0)
(3.49965 3.86109 4.32142e-14)
(2.21586 3.75321 5.46753e-14)
(2.59306 -2.58709 -5.23001e-14)
(2.10263 -18.3981 -8.29149e-16)
(0.989876 -20.9252 -3.0382e-17)
(0.56504 -24.6896 8.27963e-16)
(0.824306 -29.7479 -8.07095e-16)
(1.33879 -35.5484 6.62423e-16)
(1.71259 -41.4494 -6.0345e-16)
(1.85841 -47.131 5.09736e-16)
(1.86227 -52.5783 4.79842e-16)
(1.82086 -57.856 -4.23332e-16)
(1.78628 -62.9663 -7.98355e-16)
(1.76426 -67.8584 -1.51192e-15)
(1.77177 -72.4881 6.98401e-16)
(1.75447 -76.682 0)
(1.80186 -80.3009 0)
(1.65851 -82.5914 -1.28604e-15)
(1.97253 -83.8851 0)
(0.914861 -82.0466 0)
(3.46145 -81.8617 6.68951e-16)
(-3.98132 -72.1454 -7.06592e-16)
(15.3616 -85.4281 2.64088e-15)
(0.960572 -16.9269 -1.94468e-15)
(0.400144 -20.3186 -1.08752e-15)
(0.618194 -24.8641 -6.299e-17)
(1.38782 -30.2476 -1.60479e-15)
(2.22388 -35.9283 -2.80623e-15)
(2.83621 -41.5641 2.29538e-15)
(3.22763 -47.0482 5.11987e-17)
(3.50008 -52.406 -1.83808e-15)
(3.72765 -57.6598 -1.7164e-15)
(3.94541 -62.7712 -8.24152e-16)
(4.15102 -67.6692 2.21977e-15)
(4.3645 -72.3073 1.38725e-15)
(4.52692 -76.5056 4.04257e-15)
(4.72903 -80.1351 0)
(4.68827 -82.4176 3.85438e-15)
(5.05419 -83.6691 -2.59277e-15)
(3.95043 -81.9222 5.11678e-15)
(6.44867 -81.6844 2.67182e-15)
(-1.28917 -72.2167 -2.82735e-15)
(18.294 -84.7152 -2.40933e-18)
(-0.296198 -16.0063 -4.39945e-15)
(-0.0536845 -20.33 4.07991e-15)
(0.832767 -25.4289 9.76716e-15)
(2.03476 -30.8806 -1.54906e-15)
(3.13638 -36.3467 0)
(3.96948 -41.7235 -6.0519e-17)
(4.59724 -47.0247 2.04463e-15)
(5.12778 -52.2832 0)
(5.61489 -57.4862 1.72462e-15)
(6.07933 -62.57 -3.2447e-15)
(6.5107 -67.451 2.93229e-15)
(6.93062 -72.0798 -2.83507e-15)
(7.27127 -76.2672 4.41614e-17)
(7.62879 -79.8972 -2.57109e-15)
(7.68967 -82.1623 -2.57012e-15)
(8.10904 -83.4244 0)
(6.97797 -81.6481 -2.58786e-15)
(9.42664 -81.389 0)
(1.39243 -72.2146 -5.78665e-15)
(21.3638 -83.918 0)
(-1.24767 -16.0335 1.26664e-16)
(-0.148187 -21.0173 -4.57394e-15)
(1.26853 -26.2619 -8.13749e-15)
(2.79388 -31.5532 0)
(4.10681 -36.7452 -5.64904e-15)
(5.13702 -41.875 2.23749e-15)
(5.99034 -47.0116 2.08695e-15)
(6.76928 -52.1697 3.74548e-15)
(7.50597 -57.307 -3.42944e-15)
(8.20905 -62.3435 3.24212e-15)
(8.86154 -67.1879 1.09152e-16)
(9.48781 -71.7899 -2.77266e-15)
(10.0066 -75.9512 0)
(10.5229 -79.57 5.2233e-15)
(10.6853 -81.8053 -5.23441e-15)
(11.1558 -83.0674 -1.02951e-16)
(10.0043 -81.2693 -5.31538e-15)
(12.408 -80.9907 5.18191e-15)
(4.15858 -72.1197 6.23475e-15)
(24.4338 -82.9812 2.69499e-16)
(-1.51066 -17.1665 2.34436e-14)
(0.134842 -22.0612 -1.45396e-14)
(1.88283 -27.1702 3.83992e-15)
(3.63757 -32.22 0)
(5.11908 -37.1358 0)
(6.33688 -42.0383 -4.83188e-15)
(7.41302 -47.0197 8.23913e-15)
(8.43317 -52.0687 -7.60538e-15)
(9.40964 -57.1222 3.23756e-15)
(10.343 -62.091 6.23995e-15)
(11.2109 -66.8791 6.06705e-15)
(12.0403 -71.4376 -5.64667e-15)
(12.7329 -75.5597 5.30119e-15)
(13.4082 -79.158 -1.31439e-17)
(13.6647 -81.3549 5.22791e-15)
(14.1913 -82.6218 1.13879e-16)
(13.0085 -80.8094 -5.31044e-15)
(15.3765 -80.5005 1.02509e-14)
(6.86906 -71.9541 -1.15438e-14)
(27.4784 -81.9005 -1.06214e-14)
(-1.33211 -18.2481 5.59801e-15)
(0.605197 -23.1646 -4.06006e-15)
(2.61974 -28.076 1.65955e-16)
(4.56314 -32.8531 0)
(6.19416 -37.5123 0)
(7.59323 -42.2021 -9.69658e-15)
(8.88851 -47.0302 8.16781e-15)
(10.1393 -51.9571 1.52143e-14)
(11.343 -56.9086 -1.01901e-14)
(12.4948 -61.792 -6.48205e-15)
(13.5676 -66.5086 1.19038e-14)
(14.5928 -71.0113 -2.25358e-14)
(15.4526 -75.084 5.18675e-15)
(16.2868 -78.653 5.10265e-15)
(16.6308 -80.8042 5.22179e-15)
(17.219 -82.0754 -4.93544e-15)
(15.9929 -80.2382 0)
(18.3222 -79.9063 1.06153e-14)
(9.57339 -71.7198 1.24183e-14)
(30.4544 -80.6919 1.11702e-14)
(-0.927637 -19.6392 -9.7223e-15)
(1.26077 -24.3065 0)
(3.49576 -28.9652 1.48643e-14)
(5.59795 -33.4556 -1.22313e-14)
(7.36878 -37.8664 0)
(8.94293 -42.3602 0)
(10.4434 -47.0319 -4.18771e-15)
(11.9069 -51.8242 -1.51061e-14)
(13.321 -56.6599 6.88491e-15)
(14.6756 -61.4454 0)
(15.94 -66.0795 0)
(17.1516 -70.5152 5.63633e-15)
(18.1699 -74.5282 -5.39448e-15)
(19.161 -78.0578 -5.21234e-15)
(19.5819 -80.1567 -1.04329e-14)
(20.2372 -81.4323 9.85454e-15)
(18.9585 -79.5608 3.05542e-16)
(21.2421 -79.2087 2.92062e-16)
(12.3126 -71.4069 -1.14871e-14)
(33.3299 -79.3624 -1.06355e-14)
(-0.224847 -20.906 -8.91591e-15)
(2.14198 -25.3617 -1.62821e-14)
(4.55534 -29.8085 -5.35697e-16)
(6.78188 -34.0199 1.79513e-14)
(8.67379 -38.1947 0)
(10.4084 -42.495 9.27252e-15)
(12.0961 -47.007 -8.45776e-15)
(13.7486 -51.6562 7.20293e-15)
(15.3512 -56.3669 6.72253e-15)
(16.8905 -61.0453 -6.47808e-15)
(18.3324 -65.5876 5.83468e-15)
(19.7206 -69.946 0)
(20.8882 -73.8899 -1.09689e-14)
(22.0328 -77.3711 2.0804e-14)
(22.5172 -79.4134 -2.02046e-14)
(23.2463 -80.6917 0)
(21.9015 -78.7786 1.39694e-17)
(24.1388 -78.4152 -1.03485e-14)
(15.0846 -71.0018 2.35252e-14)
(36.099 -77.9231 -3.12918e-14)
(0.775561 -22.0008 -3.05533e-16)
(3.26761 -26.3632 2.28858e-14)
(5.83456 -30.6002 -1.32551e-14)
(8.14801 -34.5198 -5.90684e-15)
(10.1372 -38.4636 1.03854e-14)
(12.006 -42.5721 -1.85243e-14)
(13.851 -46.9187 8.04717e-15)
(15.6632 -51.4178 0)
(17.4322 -55.9974 1.28453e-16)
(19.1388 -60.563 -6.21127e-15)
(20.7446 -65.0076 -1.20854e-14)
(22.2985 -69.282 1.10235e-14)
(23.6045 -73.1523 -1.09612e-14)
(24.8992 -76.5797 1.0396e-14)
(25.4334 -78.5665 1.06216e-14)
(26.2442 -79.8455 -9.82465e-15)
(24.8129 -77.8887 3.11756e-14)
(27.0112 -77.5267 -1.00247e-14)
(17.832 -70.4887 -2.28217e-14)
(38.7772 -76.3916 2.71287e-17)
(2.1287 -22.8723 -8.21327e-15)
(4.70464 -27.1726 2.9776e-14)
(7.38464 -31.2457 4.48304e-16)
(9.73038 -34.8922 -2.33044e-14)
(11.7834 -38.6176 -1.06457e-14)
(13.7473 -42.5407 1.80422e-14)
(15.7136 -46.7248 0)
(17.6534 -51.0781 7.58214e-15)
(19.5645 -55.5291 -1.35333e-14)
(21.4198 -59.9812 0)
(23.1744 -64.3267 -1.18411e-14)
(24.8827 -68.5146 1.12138e-14)
(26.3152 -72.3106 0)
(27.7546 -75.679 2.07658e-14)
(28.3245 -77.6147 -1.01894e-14)
(29.2271 -78.89 0)
(27.685 -76.891 -3.11669e-14)
(29.8562 -76.5355 3.10984e-14)
(20.5604 -69.8629 2.32959e-14)
(41.3716 -74.781 4.2354e-14)
(3.91269 -23.3879 1.59118e-14)
(6.46102 -27.6895 7.50474e-15)
(9.21083 -31.6534 -1.27587e-14)
(11.5245 -35.0712 -1.17715e-14)
(13.6044 -38.6079 2.04276e-14)
(15.6192 -42.3626 -1.79539e-14)
(17.6732 -46.3996 8.17878e-15)
(19.7129 -50.6202 -1.5134e-14)
(21.7426 -54.9499 2.02239e-14)
(23.7283 -59.2915 1.28671e-14)
(25.617 -63.5398 -1.16099e-14)
(27.4679 -67.6411 2.03851e-16)
(29.0155 -71.3638 -1.05317e-14)
(30.5951 -74.668 -3.13154e-14)
(31.1868 -76.5588 2.03945e-14)
(32.1925 -77.8224 4.37927e-16)
(30.5114 -75.789 2.08102e-14)
(32.6732 -75.4421 0)
(23.2754 -69.116 -2.27026e-14)
(43.8759 -73.102 2.11336e-14)
(6.05538 -23.3755 0)
(8.46788 -27.7833 0)
(11.2771 -31.7409 -1.31159e-14)
(13.4982 -34.9925 -3.89587e-16)
(15.5693 -38.3727 3.07382e-14)
(17.59 -41.9886 -8.91831e-15)
(19.7014 -45.9012 8.49354e-15)
(21.818 -50.0077 -1.45713e-14)
(23.9481 -54.2287 0)
(26.0491 -58.4696 1.26475e-14)
(28.0595 -62.6277 1.18125e-14)
(30.0426 -66.6466 0)
(31.6953 -70.3007 -1.09238e-14)
(33.4111 -73.5372 2.05332e-14)
(34.0123 -75.3944 2.05812e-14)
(35.134 -76.6364 -9.34696e-15)
(33.2833 -74.5862 -4.07032e-14)
(35.4638 -74.2472 0)
(25.9664 -68.2389 0)
(46.2855 -71.3665 -8.55393e-18)
(8.51202 -22.6337 -1.63245e-14)
(10.6723 -27.2928 0)
(13.5465 -31.4023 9.33263e-17)
(15.6083 -34.5809 1.21256e-14)
(17.633 -37.8552 -2.04088e-14)
(19.6189 -41.38 0)
(21.7662 -45.2032 8.22276e-15)
(23.9408 -49.2241 0)
(26.1575 -53.3552 0)
(28.3625 -57.5088 -1.26246e-14)
(30.4849 -61.586 0)
(32.5929 -65.527 1.1394e-14)
(34.3433 -69.1167 -3.21865e-14)
(36.1915 -72.2814 2.07261e-14)
(36.7914 -74.1193 -9.98577e-15)
(38.0415 -75.3258 3.99952e-14)
(35.9887 -73.2876 0)
(38.2276 -72.9434 -2.05182e-14)
(28.6095 -67.2204 0)
(48.6 -69.5899 4.21512e-14)
(11.076 -21.0201 0)
(12.8796 -26.1406 6.1398e-17)
(15.8815 -30.5623 1.5285e-16)
(17.7394 -33.7844 -3.56814e-14)
(19.7011 -37.024 1.03003e-14)
(21.6341 -40.5219 -9.2704e-15)
(23.8138 -44.2992 -8.23084e-15)
(26.0443 -48.2671 1.52195e-14)
(28.346 -52.3288 -1.34581e-14)
(30.6509 -56.4098 -2.55624e-14)
(32.8799 -60.4152 1.16322e-14)
(35.1079 -64.2821 1.12177e-14)
(36.9507 -67.8113 1.07275e-14)
(38.9267 -70.8998 1.03734e-14)
(39.5163 -72.7352 0)
(40.9045 -73.8853 4.40155e-16)
(38.6156 -71.8959 -4.07312e-14)
(40.9596 -71.5271 -4.83505e-16)
(31.1862 -66.051 2.20252e-14)
(50.8208 -67.7915 -4.20897e-14)
(13.4554 -18.4223 1.96365e-14)
(14.8532 -24.3079 1.58716e-14)
(18.0991 -29.1626 1.37448e-14)
(19.7378 -32.5719 -1.25285e-14)
(21.6647 -35.8659 1.03252e-14)
(23.5631 -39.4135 1.8959e-14)
(25.7892 -43.1903 -8.03224e-15)
(28.0859 -47.1368 -3.03911e-14)
(30.4798 -51.1497 -4.80017e-16)
(32.8888 -55.173 -4.80975e-16)
(35.2252 -59.1153 1.16648e-14)
(37.5732 -62.9122 -2.2455e-14)
(39.507 -66.3852 0)
(41.6069 -69.3941 1.07604e-14)
(42.1824 -71.2451 -4.07775e-14)
(43.7157 -72.3102 1.95656e-14)
(41.1583 -70.4143 2.06097e-14)
(43.6572 -70.0367 0)
(33.6747 -64.7317 -2.25834e-14)
(52.9503 -65.9952 0)
(14.9651 -15.0469 4.2429e-16)
(16.241 -21.9879 3.32737e-16)
(19.947 -27.2811 1.4499e-14)
(21.4272 -31.0132 -3.82774e-14)
(23.3985 -34.4418 3.24162e-14)
(25.3305 -38.1008 9.47472e-15)
(27.6457 -41.9105 -8.39781e-15)
(30.0343 -45.8569 1.49025e-14)
(32.5349 -49.8346 1.35888e-14)
(35.0576 -53.8096 -3.68478e-17)
(37.5056 -57.6944 0)
(39.9763 -61.4227 -2.02375e-16)
(42.0022 -64.8439 1.05707e-14)
(44.2228 -67.7706 2.1138e-14)
(44.7875 -69.6552 7.98753e-16)
(46.4715 -70.6005 -3.95785e-14)
(43.6167 -68.8629 2.11982e-14)
(46.3339 -68.4429 -4.03256e-14)
(36.0507 -63.2759 2.26058e-14)
(54.9939 -64.2256 0)
(14.498 -11.7202 0)
(16.5562 -19.9076 -1.63386e-14)
(21.0781 -25.3479 -1.41254e-14)
(22.6442 -29.3825 0)
(24.811 -32.9149 3.29829e-14)
(26.8875 -36.6775 -2.82751e-14)
(29.3471 -40.5137 -3.40401e-14)
(31.863 -44.4602 -2.23619e-16)
(34.4897 -48.4043 0)
(37.1396 -52.332 -3.37158e-17)
(39.706 -56.1602 1.19309e-14)
(42.3035 -59.8181 0)
(44.4235 -63.1908 2.19124e-14)
(46.7618 -66.0325 -4.15435e-14)
(47.3246 -67.9651 2.00084e-14)
(49.1571 -68.756 -1.6869e-17)
(45.9891 -67.274 -2.06475e-14)
(49.0028 -66.7354 2.04211e-14)
(38.2828 -61.683 -2.37981e-14)
(56.973 -62.5005 4.07452e-14)
(11.5926 -10.0731 0)
(16.3707 -19.2837 0)
(21.8299 -23.9024 -2.86272e-14)
(23.5929 -27.9758 4.9944e-14)
(26.0134 -31.4393 -4.30076e-14)
(28.2853 -35.2376 9.46222e-15)
(30.9174 -39.0578 3.36781e-14)
(33.5796 -42.9867 1.54486e-14)
(36.3432 -46.8853 -1.36302e-14)
(39.1292 -50.7571 1.27542e-14)
(41.818 -54.5232 -2.40325e-14)
(44.5443 -58.1025 1.10685e-14)
(46.7576 -61.4255 2.19262e-14)
(49.2094 -64.1738 2.15553e-14)
(49.7785 -66.1617 -2.0026e-14)
(51.7389 -66.771 1.96276e-14)
(48.2559 -65.66 4.14021e-14)
(51.6518 -64.8522 -1.98542e-14)
(40.299 -59.9268 0)
(58.9426 -60.8662 0)
(9.96461 -11.4328 0)
(17.104 -20.2609 1.72876e-14)
(22.696 -22.9231 -1.40346e-14)
(24.4479 -26.7788 -2.51818e-14)
(27.0842 -29.9957 1.01442e-14)
(29.5489 -33.7871 1.86173e-14)
(32.3721 -37.5587 1.44487e-17)
(35.1931 -41.4588 0)
(38.1073 -45.3027 0)
(41.0386 -49.1113 2.57622e-14)
(43.8523 -52.8074 4.00635e-16)
(46.7103 -56.2944 -2.23513e-14)
(49.0149 -59.5647 0)
(51.573 -62.2042 -4.16535e-14)
(52.1599 -64.2567 2.08392e-14)
(54.2043 -64.6569 -5.98558e-14)
(50.4215 -64.0229 2.06298e-14)
(54.2167 -62.6601 2.09928e-14)
(42.0221 -58.099 -4.62524e-14)
(60.9618 -59.495 4.04107e-14)
(14.6081 -11.8624 -6.35015e-16)
(18.1688 -19.9704 -1.61978e-14)
(23.2157 -21.4656 -1.36236e-14)
(24.7799 -25.445 1.19215e-14)
(27.7299 -28.4494 2.10583e-14)
(30.4258 -32.257 -1.80905e-14)
(33.533 -35.9548 -1.63941e-14)
(36.5721 -39.8133 1.50299e-14)
(39.6975 -43.6074 -1.32207e-14)
(42.8157 -47.3551 -1.25407e-14)
(45.7874 -50.9926 2.30502e-14)
(48.7941 -54.3804 1.79698e-16)
(51.2111 -57.6208 -2.13533e-14)
(53.867 -60.1269 1.99446e-14)
(54.5103 -62.2729 0)
(56.5703 -62.3922 1.97465e-14)
(52.6169 -62.3866 5.74474e-16)
(56.4433 -59.9525 -1.96074e-14)
(43.5587 -56.764 0)
(62.8241 -58.3942 -3.99149e-14)
(17.8608 -10.5787 1.73812e-14)
(18.2056 -20.5517 2.45982e-17)
(23.1021 -22.1286 1.23418e-14)
(24.4275 -25.9458 -2.08472e-14)
(27.8429 -28.6716 -2.81075e-16)
(30.7163 -32.1368 7.98425e-15)
(34.0773 -35.5454 2.16572e-16)
(37.264 -39.1744 6.55692e-18)
(40.5188 -42.8085 -1.11307e-14)
(43.7304 -46.4283 -1.01828e-14)
(46.7971 -49.9955 2.93632e-16)
(49.8712 -53.2772 -9.16558e-15)
(52.3741 -56.4992 0)
(55.0457 -58.8662 3.49756e-14)
(55.7892 -61.0882 0)
(57.7446 -60.9222 -1.73579e-14)
(53.9329 -61.3943 1.76062e-14)
(57.9016 -58.0707 1.77581e-14)
(44.5644 -56.3655 -3.11964e-16)
(64.0217 -56.8449 2.4412e-16)
(18.0032 -10.6848 0)
(18.0559 -20.2347 1.18186e-14)
(23.0853 -22.0818 0)
(24.395 -25.8199 8.52681e-15)
(27.8845 -28.5876 0)
(30.7872 -32.0104 -1.25581e-14)
(34.1884 -35.3986 1.75053e-16)
(37.4025 -38.9939 -1.49885e-16)
(40.685 -42.6117 8.83106e-15)
(43.9164 -46.2142 8.0847e-15)
(47.0045 -49.7746 -7.75286e-15)
(50.0884 -53.0405 1.49735e-14)
(52.6141 -56.2661 0)
(55.2797 -58.6019 -1.49152e-14)
(56.0539 -60.9023 2.40721e-16)
(57.96 -60.6223 -2.0144e-18)
(54.2363 -61.2678 -2.34655e-16)
(58.0841 -57.6778 -1.56841e-14)
(44.8504 -56.3758 -1.58576e-14)
(64.1961 -56.4774 -1.38166e-14)
(17.9911 -10.9952 2.1611e-16)
(17.9263 -19.9858 -1.79757e-16)
(23.0586 -22.1146 0)
(24.3609 -25.7592 8.70206e-15)
(27.9171 -28.5654 7.02296e-15)
(30.8528 -31.9312 1.2399e-14)
(34.2945 -35.2877 3.4563e-16)
(37.5383 -38.8379 5.39742e-18)
(40.8486 -42.431 -1.35753e-16)
(44.0993 -46.0101 -1.62098e-14)
(47.2099 -49.5602 1.89011e-18)
(50.3024 -52.8087 -1.49666e-14)
(52.8529 -56.0349 1.13256e-16)
(55.5111 -58.3374 -2.37083e-16)
(56.3286 -60.667 -1.48249e-14)
(58.1686 -60.3217 1.51328e-14)
(54.5561 -61.0913 2.46768e-16)
(58.2343 -57.314 -2.34007e-16)
(45.2077 -56.3777 1.60832e-14)
(64.3565 -56.0672 2.77188e-14)
(17.9142 -11.3412 0)
(17.7904 -19.7865 0)
(23.0043 -22.1746 1.00205e-14)
(24.3097 -25.7337 -8.38902e-15)
(27.9273 -28.5786 -7.08425e-15)
(30.9002 -31.8854 -2.06572e-16)
(34.3841 -35.2052 -1.09681e-14)
(37.6607 -38.7044 -3.08107e-16)
(41.001 -42.2667 1.36843e-16)
(44.2737 -45.8173 8.16908e-15)
(47.4092 -49.3523 1.52118e-14)
(50.5108 -52.582 3.42632e-19)
(53.088 -55.8059 7.37008e-15)
(55.7387 -58.0773 0)
(56.6063 -60.4391 1.48117e-14)
(58.374 -60.0254 2.31153e-16)
(54.884 -60.9107 1.52634e-14)
(58.3721 -56.965 1.55433e-14)
(45.5683 -56.3568 2.63496e-16)
(64.5373 -55.6525 -1.38894e-14)
(17.8156 -11.6771 1.29692e-14)
(17.6524 -19.6109 -6.59568e-18)
(22.9322 -22.2408 1.18634e-16)
(24.2506 -25.722 -2.6408e-16)
(27.9262 -28.606 -7.10277e-15)
(30.9365 -31.8586 -6.39674e-15)
(34.4603 -35.1419 1.10924e-14)
(37.7706 -38.5885 1.52882e-16)
(41.1423 -42.1164 9.01193e-15)
(44.439 -45.6351 0)
(47.6024 -49.1504 -7.60677e-15)
(50.7139 -52.3601 1.48222e-14)
(53.3197 -55.5789 -7.3679e-15)
(55.9595 -57.8216 0)
(56.8816 -60.2078 -2.4077e-16)
(58.5761 -59.7332 -1.49491e-14)
(55.2141 -60.7223 -1.52536e-14)
(58.5102 -56.6169 -1.53183e-14)
(45.9338 -56.3295 -2.46056e-16)
(64.7321 -55.23 2.17856e-16)
(17.7109 -11.996 -2.6156e-14)
(17.5162 -19.4552 1.16051e-14)
(22.8478 -22.3118 -4.08252e-17)
(24.1886 -25.722 1.27542e-16)
(27.9204 -28.6437 1.47021e-14)
(30.9672 -31.847 6.2113e-15)
(34.528 -35.0953 -1.09927e-14)
(37.8711 -38.489 -1.54448e-16)
(41.2745 -41.9795 -9.12251e-15)
(44.5964 -45.4637 -1.3264e-16)
(47.7895 -48.9555 1.17353e-16)
(50.9123 -52.1432 -7.40428e-15)
(53.5479 -55.354 -7.24759e-15)
(56.1766 -57.5698 -1.14499e-16)
(57.1555 -59.9749 1.50431e-14)
(58.775 -59.445 1.51871e-14)
(55.5466 -60.5279 1.54823e-14)
(58.6528 -56.251 -2.35299e-16)
(46.3054 -56.3025 -1.62021e-14)
(64.9375 -54.7983 2.07259e-16)
(17.6055 -12.2882 1.27749e-14)
(17.3829 -19.3171 -1.16432e-14)
(22.7538 -22.3852 -1.94121e-14)
(24.1272 -25.7301 0)
(27.9131 -28.688 -2.29241e-17)
(30.9953 -31.847 -2.20826e-16)
(34.5896 -35.0623 1.16239e-14)
(37.9643 -38.4039 1.61783e-16)
(41.3992 -41.8551 -1.41389e-16)
(44.7469 -45.3028 0)
(47.9705 -48.7681 0)
(51.1062 -51.9312 7.39706e-15)
(53.773 -55.1312 7.36291e-15)
(56.3903 -57.3213 1.49546e-14)
(57.4278 -59.74 -3.03204e-14)
(58.971 -59.1609 2.31687e-16)
(55.8813 -60.3284 -1.52261e-14)
(58.794 -55.8907 0)
(46.6869 -56.262 1.82053e-17)
(65.1516 -54.3567 -1.4013e-14)
(17.5018 -12.5527 1.26128e-14)
(17.2545 -19.1908 1.19396e-14)
(22.6532 -22.459 9.58925e-15)
(24.0701 -25.7432 8.2573e-15)
(27.9069 -28.7362 -1.49026e-14)
(31.0234 -31.8554 -6.05993e-15)
(34.6476 -35.0403 6.59178e-18)
(38.052 -38.3316 -1.04104e-14)
(41.5178 -41.7421 0)
(44.8919 -45.1518 8.53939e-15)
(48.146 -48.5883 -1.24003e-16)
(51.2962 -51.7243 -7.1619e-15)
(53.995 -54.9106 -1.13069e-16)
(56.6012 -57.0763 3.75985e-18)
(57.6988 -59.5034 1.50358e-14)
(59.1645 -58.881 0)
(56.2183 -60.1237 0)
(58.929 -55.5354 -1.56976e-14)
(47.0785 -56.2158 1.82572e-17)
(65.3728 -53.9047 -7.27931e-19)
(17.4007 -12.7906 -2.5479e-14)
(17.133 -19.0722 -1.17799e-14)
(22.5488 -22.5309 -9.39757e-15)
(24.0208 -25.7578 -8.24429e-15)
(27.9042 -28.7854 1.46206e-14)
(31.0536 -31.8691 0)
(34.7042 -35.0265 0)
(38.1364 -38.2697 1.44296e-17)
(41.6319 -41.639 0)
(45.0324 -45.0097 -8.63642e-15)
(48.3168 -48.4157 -7.75727e-15)
(51.4828 -51.5225 -7.50222e-15)
(54.2145 -54.6921 -7.47929e-15)
(56.8095 -56.8345 -2.98186e-14)
(57.9684 -59.265 0)
(59.3556 -58.6054 0)
(56.5576 -59.9136 0)
(59.0572 -55.1858 1.572e-14)
(47.4792 -56.165 3.16337e-14)
(65.5996 -53.4416 1.40756e-14)
(17.3024 -13.0031 1.26675e-14)
(17.0206 -18.9576 0)
(22.4439 -22.5978 9.29929e-15)
(23.9829 -25.7703 2.58631e-16)
(27.907 -28.8327 -7.51501e-15)
(31.0882 -31.8852 0)
(34.7616 -35.0181 0)
(38.2197 -38.216 1.0417e-14)
(41.7435 -41.5441 1.51064e-16)
(45.17 -44.8753 -2.723e-16)
(48.484 -48.2496 8.09392e-15)
(51.6666 -51.3255 7.39203e-15)
(54.4317 -54.4754 7.36257e-15)
(57.0158 -56.5959 1.47347e-14)
(58.2369 -59.0248 -9.83931e-18)
(59.5448 -58.3342 2.3219e-16)
(56.8989 -59.6979 0)
(59.1786 -54.8424 0)
(47.8892 -56.1111 -1.57814e-14)
(65.8306 -52.9672 0)
(17.2081 -13.1909 1.25454e-14)
(16.9197 -18.8424 0)
(22.3397 -22.6576 9.15453e-15)
(23.9596 -25.7777 -2.56501e-16)
(27.9173 -28.8755 -6.99946e-15)
(31.1293 -31.9006 0)
(34.8221 -35.0122 0)
(38.304 -38.1677 1.02973e-14)
(41.8544 -41.4555 -5.74798e-18)
(45.3062 -44.7471 2.74806e-16)
(48.649 -48.0888 7.9317e-15)
(51.8481 -51.1333 7.42073e-15)
(54.647 -54.2605 7.3672e-15)
(57.2203 -56.3603 1.52244e-14)
(58.5044 -58.7826 -2.31064e-16)
(59.7323 -58.0672 0)
(57.2421 -59.4762 0)
(59.293 -54.5055 0)
(48.3085 -56.0552 -1.57177e-14)
(66.065 -52.4806 0)
(17.1193 -13.3549 -2.49981e-14)
(16.8326 -18.7225 -1.1625e-14)
(22.2393 -22.708 -9.12071e-15)
(23.9533 -25.777 -8.01145e-15)
(27.9369 -28.9108 1.43858e-14)
(31.1788 -31.9123 0)
(34.8876 -35.0058 0)
(38.3914 -38.1223 -6.30107e-18)
(41.9664 -41.3709 0)
(45.4423 -44.6235 -8.87766e-15)
(48.8129 -47.9321 -8.26054e-15)
(52.0274 -50.9459 -7.36413e-15)
(54.861 -54.047 -7.25252e-15)
(57.4236 -56.1276 -3.01028e-14)
(58.7709 -58.5383 0)
(59.9187 -57.8044 0)
(57.5869 -59.248 0)
(59.4 -54.1754 1.58541e-14)
(48.7373 -55.9987 3.13665e-14)
(66.3024 -51.9807 1.41923e-14)
(17.0383 -13.4962 1.2659e-14)
(16.7615 -18.5934 1.14288e-14)
(22.148 -22.7446 9.01433e-15)
(23.9662 -25.7654 7.96658e-15)
(27.9675 -28.9359 -1.40676e-14)
(31.2383 -31.9176 -6.78484e-15)
(34.96 -34.9961 -7.47463e-18)
(38.4838 -38.0769 -1.03975e-14)
(42.0813 -41.2882 0)
(45.5798 -44.5029 8.79774e-15)
(48.9768 -47.778 2.56359e-16)
(52.2051 -50.7627 -7.79185e-15)
(55.0742 -53.8345 1.13304e-16)
(57.6261 -55.8976 -6.62108e-18)
(59.0369 -58.292 1.50303e-14)
(60.1042 -57.5456 0)
(57.9336 -59.0133 0)
(59.4993 -53.8526 -1.58764e-14)
(49.1762 -55.9434 -2.11206e-17)
(66.5429 -51.4653 1.03244e-17)
(16.9673 -13.6155 1.2629e-14)
(16.709 -18.4507 -1.17022e-14)
(22.0702 -22.7627 -1.79455e-14)
(24.0001 -25.7398 0)
(28.0106 -28.9479 1.59095e-17)
(31.3093 -31.9136 7.62408e-18)
(35.0408 -34.9803 1.18014e-14)
(38.5831 -38.029 -3.30647e-16)
(42.2007 -41.2052 1.49113e-16)
(45.72 -44.3835 0)
(49.1418 -47.6253 1.31465e-16)
(52.3826 -50.5825 7.50482e-15)
(55.287 -53.6228 7.38859e-15)
(57.8282 -55.6699 1.50131e-14)
(59.3024 -58.0434 -2.98161e-14)
(60.2892 -57.2905 -2.32776e-16)
(58.2824 -58.7724 -1.51272e-14)
(59.5912 -53.5383 0)
(49.6255 -55.8906 -2.23629e-17)
(66.788 -50.9318 -1.43152e-14)
(16.9081 -13.7132 -2.48463e-14)
(16.6777 -18.2911 1.16583e-14)
(22.0092 -22.7579 2.21108e-17)
(24.0564 -25.6971 -1.19285e-16)
(28.0675 -28.9439 1.41385e-14)
(31.3931 -31.8977 6.55334e-15)
(35.1317 -34.9557 -1.19746e-14)
(38.6907 -37.9763 1.62246e-16)
(42.326 -41.12 -9.79267e-15)
(45.8641 -44.2637 1.4387e-16)
(49.309 -47.4724 -1.27601e-16)
(52.5609 -50.4039 -7.68978e-15)
(55.4999 -53.4111 -7.51194e-15)
(58.0304 -55.4442 1.15078e-16)
(59.5672 -57.7916 1.50271e-14)
(60.4745 -57.0391 1.53192e-14)
(58.6319 -58.524 1.48716e-14)
(59.6768 -53.2337 2.39179e-16)
(50.0836 -55.84 -1.53211e-14)
(67.0416 -50.3767 -2.12366e-16)
(16.8636 -13.7923 1.26205e-14)
(16.6708 -18.1122 5.17341e-18)
(21.9694 -22.7276 -1.33997e-16)
(24.137 -25.6345 2.45618e-16)
(28.1402 -28.9211 -7.25524e-15)
(31.4913 -31.8672 -6.34033e-15)
(35.234 -34.92 1.18148e-14)
(38.8079 -37.9165 -1.62551e-16)
(42.4583 -41.0306 9.80969e-15)
(46.0131 -44.1419 0)
(49.4791 -47.3181 -8.36179e-15)
(52.7412 -50.2256 1.54704e-14)
(55.7131 -53.1988 -7.41004e-15)
(58.2331 -55.22 0)
(59.8308 -57.5359 -2.41125e-16)
(60.6607 -56.7919 -1.50876e-14)
(58.98 -58.2654 -1.50977e-14)
(59.7564 -52.938 -1.62632e-14)
(50.5478 -55.7898 2.42274e-16)
(67.3089 -49.7948 -2.27702e-16)
(16.8475 -13.866 0)
(16.6912 -17.9116 0)
(21.9577 -22.6718 8.86038e-15)
(24.244 -25.5493 -7.7055e-15)
(28.2317 -28.8778 -7.03296e-15)
(31.6054 -31.8197 -1.98098e-17)
(35.3491 -34.8709 -1.15985e-14)
(38.9358 -37.8473 1.69764e-16)
(42.5988 -40.9352 -1.50656e-16)
(46.1679 -44.0168 9.12661e-15)
(49.6533 -47.1616 1.67679e-14)
(52.9245 -50.0464 1.30501e-16)
(55.9277 -52.986 7.30285e-15)
(58.4367 -54.9969 0)
(60.0951 -57.2783 1.52712e-14)
(60.8481 -56.549 -2.33041e-16)
(59.329 -57.9975 1.50893e-14)
(59.8234 -52.6446 1.6036e-14)
(51.0262 -55.7466 -2.58523e-16)
(67.5905 -49.1713 -1.48231e-14)
(16.8886 -13.9539 -1.9988e-16)
(16.7411 -17.6825 1.71394e-16)
(21.9764 -22.5859 0)
(24.3765 -25.4347 7.39732e-15)
(28.3428 -28.8093 7.20834e-15)
(31.736 -31.7516 1.2835e-14)
(35.4784 -34.8061 -1.77511e-16)
(39.0757 -37.767 -1.69808e-16)
(42.749 -40.8326 1.50871e-16)
(46.33 -43.8873 -1.82636e-14)
(49.8331 -47.0025 1.00519e-17)
(53.1124 -49.8662 -1.54485e-14)
(56.1457 -52.7736 -1.14181e-16)
(58.6415 -54.7748 2.3883e-16)
(60.3641 -57.0238 -1.52593e-14)
(61.0308 -56.3092 1.53296e-14)
(59.6888 -57.7309 -2.46027e-16)
(59.8631 -52.3497 2.40562e-16)
(51.5458 -55.7344 1.54842e-14)
(67.8794 -48.4778 3.01336e-14)
(16.9797 -14.0311 0)
(16.8074 -17.3997 1.11458e-14)
(21.9912 -22.4227 0)
(24.5115 -25.2598 7.6626e-15)
(28.4487 -28.687 0)
(31.867 -31.6457 -1.26677e-14)
(35.6113 -34.7148 -1.8561e-16)
(39.2227 -37.6706 1.63236e-16)
(42.9068 -40.7203 9.70977e-15)
(46.4994 -43.7527 9.26987e-15)
(50.0184 -46.8398 -8.26646e-15)
(53.3048 -49.6845 1.54783e-14)
(56.3652 -52.5597 0)
(58.8473 -54.5541 -1.50684e-14)
(60.6318 -56.7673 -2.41061e-16)
(61.2074 -56.0742 -1.45023e-17)
(60.0503 -57.4665 2.32637e-16)
(59.8776 -52.0737 -1.58909e-14)
(52.1061 -55.7597 -1.57709e-14)
(68.1858 -47.7031 -1.53842e-14)
(17.0355 -13.95 1.56186e-14)
(16.9224 -17.0221 3.41412e-17)
(21.9844 -22.1021 1.0932e-14)
(24.6374 -24.9947 -1.90455e-14)
(28.5255 -28.4836 2.75051e-16)
(31.9798 -31.4958 7.51943e-15)
(35.7315 -34.5949 -2.26037e-16)
(39.3666 -37.5611 -7.87425e-18)
(43.0642 -40.6005 -1.1707e-14)
(46.6705 -43.6149 -1.08142e-14)
(50.2019 -46.6738 -3.15773e-16)
(53.4972 -49.5029 -9.23176e-15)
(56.5751 -52.3416 0)
(59.0535 -54.3403 3.5343e-14)
(60.8725 -56.4894 0)
(61.3972 -55.8717 -1.76431e-14)
(60.3581 -57.1564 1.72882e-14)
(59.9993 -51.8927 1.86588e-14)
(52.5742 -55.7125 3.0306e-16)
(68.5827 -46.9258 -2.65703e-16)
(15.2137 -12.1547 9.37038e-18)
(18.7011 -16.3608 -1.62143e-14)
(23.3581 -21.5808 -1.28661e-14)
(26.3952 -25.0292 1.11847e-14)
(30.0106 -28.6777 -2.04935e-14)
(33.3435 -31.7208 1.77647e-14)
(36.8607 -34.6465 -1.64974e-14)
(40.3697 -37.4156 -1.5378e-14)
(43.9629 -40.228 1.36956e-14)
(47.5359 -43.0615 1.30973e-14)
(51.0654 -45.9533 -2.387e-14)
(54.3935 -48.6941 2.20949e-14)
(57.4789 -51.3645 2.15532e-14)
(60.0311 -53.4083 -2.0241e-14)
(61.7817 -55.1848 2.04857e-14)
(62.4425 -55.3162 4.22636e-16)
(61.1694 -55.402 -4.04155e-14)
(61.4039 -51.6789 2.00543e-14)
(52.7269 -53.6922 0)
(69.9767 -46.5938 2.94811e-17)
(13.4391 -13.5073 0)
(17.8838 -16.2568 -1.60562e-14)
(21.9727 -19.5016 1.33212e-14)
(25.9185 -22.8736 2.40981e-14)
(29.877 -26.2471 1.12388e-14)
(33.8508 -29.5271 -1.83107e-14)
(37.7867 -32.6385 -4.31714e-17)
(41.645 -35.5952 0)
(45.4383 -38.4637 0)
(49.1627 -41.2865 -2.15749e-16)
(52.7737 -44.0564 -4.03466e-16)
(56.2278 -46.7157 -1.91205e-16)
(59.3741 -49.2034 0)
(62.1008 -51.2446 -4.21105e-14)
(63.7482 -52.7072 -2.09951e-14)
(64.8376 -52.992 -2.07802e-14)
(62.9172 -52.6316 2.06725e-14)
(63.8947 -50.4312 -2.14485e-14)
(52.9371 -50.1582 4.66893e-14)
(73.0574 -44.2242 1.16393e-15)
(14.102 -14.2602 0)
(18.5035 -16.6379 0)
(22.6934 -19.3373 2.70349e-14)
(26.7911 -22.2697 -4.69426e-14)
(30.9194 -25.3514 -3.87224e-16)
(35.0596 -28.4104 9.33029e-15)
(39.1235 -31.3393 3.36204e-14)
(43.0758 -34.1359 -1.55551e-14)
(46.9412 -36.8571 1.38026e-14)
(50.7325 -39.5375 1.29672e-14)
(54.4166 -42.1674 -1.20375e-14)
(57.95 -44.6953 0)
(61.1734 -47.0557 -2.21202e-14)
(63.9719 -48.9916 2.02668e-14)
(65.663 -50.401 2.01946e-14)
(66.7749 -50.6897 6.13969e-14)
(64.7724 -50.2897 -4.14921e-14)
(65.8033 -48.1306 2.03647e-14)
(54.8877 -47.8324 0)
(75.1023 -41.6576 0)
(15.5936 -14.482 0)
(19.5403 -16.3232 -1.44103e-14)
(23.516 -18.5952 -1.29638e-14)
(27.5969 -21.2435 0)
(31.8247 -24.1352 -1.07416e-14)
(36.121 -27.0712 8.92967e-15)
(40.3398 -29.8893 2.9372e-16)
(44.4197 -32.5702 -3.01747e-14)
(48.3834 -35.1645 0)
(52.2561 -37.7086 1.63453e-17)
(56.0189 -40.1981 1.19731e-14)
(59.6312 -42.5911 0)
(62.9287 -44.822 -2.21072e-14)
(65.7916 -46.6455 4.20534e-14)
(67.5234 -47.9821 -2.01953e-14)
(68.6565 -48.212 3.19683e-17)
(66.6164 -47.8795 -2.06999e-14)
(67.5866 -45.6774 -4.88464e-16)
(56.452 -45.5176 4.70882e-14)
(76.7013 -39.008 -4.12836e-14)
(17.1517 -14.0795 -3.12247e-14)
(20.7549 -15.68 2.80505e-14)
(24.5364 -17.692 1.28505e-14)
(28.5459 -20.1118 1.1996e-14)
(32.8159 -22.8375 -9.87659e-15)
(37.2185 -25.6432 9.22093e-15)
(41.5524 -28.3364 -8.3156e-15)
(45.7303 -30.8906 4.5604e-14)
(49.7751 -33.3547 -1.36304e-14)
(53.7203 -35.7649 1.9945e-17)
(57.5582 -38.1225 0)
(61.2447 -40.3859 2.28802e-14)
(64.6111 -42.4944 -1.06774e-14)
(67.5325 -44.2107 -2.1409e-14)
(69.3096 -45.4865 -7.95145e-16)
(70.4563 -45.6639 -4.01426e-16)
(68.3872 -45.4085 0)
(69.3014 -43.1376 -2.09537e-14)
(58.232 -43.3132 2.32006e-14)
(78.0979 -36.3322 0)
(18.6356 -13.2535 1.53875e-14)
(21.9588 -14.6979 1.40167e-14)
(25.5477 -16.5269 1.27342e-14)
(29.4677 -18.7795 3.49179e-14)
(33.7588 -21.3836 -3.03167e-14)
(38.2589 -24.0879 -1.86606e-14)
(42.7048 -26.674 2.44768e-14)
(46.9781 -29.1108 2.60325e-16)
(51.1012 -31.4498 4.61782e-16)
(55.1182 -33.7292 4.47637e-16)
(59.0277 -35.9587 -1.17598e-14)
(62.7841 -38.0926 -2.26949e-14)
(66.2145 -40.0809 0)
(69.1908 -41.6934 -3.19548e-14)
(71.01 -42.9088 4.12362e-14)
(72.1708 -43.0402 -1.99529e-14)
(70.0735 -42.874 4.21087e-14)
(70.9264 -40.5381 -2.04009e-14)
(59.7318 -41.0436 -2.3095e-14)
(79.3326 -33.6833 0)
(19.9614 -12.138 0)
(23.0672 -13.4739 -2.85983e-14)
(26.4851 -15.1615 -6.68866e-16)
(30.3164 -17.2754 1.14949e-14)
(34.6251 -19.7797 -1.00251e-14)
(39.2235 -22.4016 -9.14672e-15)
(43.7815 -24.8942 -8.23452e-15)
(48.1472 -27.2227 -1.52114e-14)
(52.3466 -29.4429 1.35008e-14)
(56.4351 -31.5989 2.21867e-16)
(60.4134 -33.7039 -1.17764e-14)
(64.2354 -35.7112 1.13498e-14)
(67.7282 -37.5831 1.08938e-14)
(70.7573 -39.0954 1.05226e-14)
(72.6168 -40.2531 0)
(73.7898 -40.3421 -4.12327e-14)
(71.6674 -40.2721 -4.24525e-16)
(72.4625 -37.8711 4.25409e-14)
(61.1772 -38.7814 -2.26016e-14)
(80.6063 -30.8605 -6.56155e-18)
(21.0928 -10.8411 -1.52735e-14)
(24.0266 -12.0933 0)
(27.2941 -13.6602 -2.63412e-14)
(31.0388 -15.6478 1.11165e-14)
(35.3711 -18.0601 -2.36373e-16)
(40.0785 -20.6094 0)
(44.7579 -23.0153 8.25944e-15)
(49.2208 -25.24 0)
(53.4998 -27.3465 0)
(57.6594 -29.3832 -1.28041e-14)
(61.7041 -31.3648 0)
(65.5889 -33.2491 -1.15723e-14)
(69.1421 -35.007 1.0913e-14)
(72.2241 -36.4214 -2.10961e-14)
(74.1229 -37.5226 1.0135e-14)
(75.3063 -37.5736 4.08357e-14)
(73.1652 -37.6042 0)
(73.8953 -35.1316 -2.10151e-14)
(62.4771 -36.4921 0)
(81.8584 -27.7661 -6.57034e-18)
(22.0139 -9.43723 0)
(24.817 -10.6234 0)
(27.9566 -12.0793 1.36121e-14)
(31.6193 -13.9388 5.87055e-16)
(35.9786 -16.2552 -1.04848e-14)
(40.8063 -18.7312 9.11187e-15)
(45.6172 -21.0516 -2.52927e-14)
(50.1844 -23.175 1.48074e-14)
(54.5461 -25.1706 0)
(58.778 -27.0898 1.28207e-14)
(62.8895 -28.9495 1.20539e-14)
(66.8372 -30.713 0)
(70.4492 -32.3589 1.11095e-14)
(73.5832 -33.6774 1.97556e-16)
(75.5214 -34.7229 -1.98263e-16)
(76.7143 -34.7402 -3.128e-14)
(74.5627 -34.8733 -4.53414e-16)
(75.2237 -32.3353 0)
(63.7525 -34.2069 0)
(82.9752 -24.5386 -4.14714e-14)
(22.7006 -7.97544 1.61748e-14)
(25.4219 -9.11514 -7.51574e-15)
(28.4617 -10.467 0)
(32.0544 -12.1921 1.24392e-14)
(36.4437 -14.3995 -2.13789e-14)
(41.3999 -16.7907 -2.18038e-16)
(46.3517 -19.0184 8.40147e-15)
(51.0293 -21.0391 1.54516e-14)
(55.4773 -22.9249 -6.70138e-15)
(59.7834 -24.7283 -1.31022e-14)
(63.9625 -26.4682 1.19061e-14)
(67.9736 -28.1125 -2.30816e-14)
(71.6444 -29.6474 1.07587e-14)
(74.8288 -30.871 -1.03953e-14)
(76.8065 -31.861 -2.07132e-14)
(78.0083 -31.8481 -4.19181e-16)
(75.8545 -32.0835 4.14657e-14)
(76.4408 -29.4912 0)
(64.954 -31.9095 -2.32592e-14)
(83.9281 -21.1674 2.07554e-14)
(23.2203 -6.50867 -8.07546e-15)
(25.8843 -7.59059 -4.21261e-16)
(28.8289 -8.84629 -7.64195e-16)
(32.3477 -10.4452 2.46822e-14)
(36.7678 -12.5302 -1.03868e-14)
(41.8574 -14.8158 2.17015e-16)
(46.9558 -16.9376 -8.65646e-15)
(51.7487 -18.8496 -2.75204e-16)
(56.2865 -20.6237 -1.14816e-16)
(60.6694 -22.3108 0)
(64.9175 -23.9318 -1.21133e-14)
(68.9914 -25.4572 1.14623e-14)
(72.7206 -26.8808 0)
(75.9545 -28.0092 2.12097e-14)
(77.9717 -28.9436 -1.03649e-14)
(79.1816 -28.9034 0)
(77.0335 -29.2409 -1.01458e-14)
(77.5417 -26.613 -3.18105e-14)
(66.1134 -29.5828 6.91588e-14)
(84.6889 -17.7055 1.02428e-17)
(23.5704 -5.03479 3.18484e-14)
(26.2009 -6.05439 -3.64781e-14)
(29.0616 -7.2206 1.30795e-14)
(32.5134 -8.7005 -6.12963e-15)
(36.9634 -10.6593 1.09454e-14)
(42.1817 -12.8279 1.93311e-16)
(47.4284 -14.831 -8.41459e-15)
(52.3383 -16.6256 0)
(56.968 -18.2828 -1.42152e-14)
(61.4298 -19.851 6.40006e-15)
(65.7482 -21.3511 0)
(69.885 -22.7562 0)
(73.6719 -24.0672 0)
(76.9543 -25.1002 -2.1432e-14)
(79.0113 -25.9784 2.05976e-14)
(80.228 -25.9127 0)
(78.0927 -26.3533 1.01544e-14)
(78.5195 -23.7047 1.02523e-14)
(67.1732 -27.1793 -1.10121e-14)
(85.2739 -14.4877 -9.89757e-15)
(23.7801 -3.56799 -7.47587e-15)
(26.3845 -4.52258 1.47353e-14)
(29.155 -5.60721 8.05381e-16)
(32.5378 -6.98159 -5.73456e-15)
(37.0251 -8.81323 0)
(42.3772 -10.8461 9.66057e-15)
(47.7693 -12.7152 8.76126e-15)
(52.7955 -14.3827 8.03988e-15)
(57.5185 -15.9166 -6.96867e-15)
(62.061 -17.3618 6.64962e-15)
(66.4507 -18.7377 -6.01175e-15)
(70.6507 -20.02 0)
(74.4947 -21.216 1.12133e-14)
(77.8251 -22.1527 -2.12945e-14)
(79.9224 -22.9727 -1.81353e-16)
(81.1446 -22.8827 0)
(79.0314 -23.4253 5.47204e-18)
(79.3809 -20.7627 -1.05452e-14)
(68.1309 -24.7049 -5.94566e-16)
(85.7334 -11.2237 -1.09475e-14)
(23.8764 -2.12157 -7.48156e-15)
(26.4438 -3.00727 0)
(29.1069 -4.01905 -1.35879e-14)
(32.4219 -5.30506 1.17849e-14)
(36.9575 -7.01138 0)
(42.4473 -8.89341 0)
(47.982 -10.6113 -4.2988e-15)
(53.1215 -12.1386 -1.5492e-14)
(57.9376 -13.5408 7.07249e-15)
(62.5619 -14.8568 0)
(67.024 -16.1034 0)
(71.2875 -17.2592 5.78751e-15)
(75.1885 -18.3373 -5.5257e-15)
(78.5669 -19.1766 -5.33152e-15)
(80.7046 -19.9351 1.06208e-14)
(81.9311 -19.8225 -1.00693e-14)
(79.8497 -20.4692 -2.11862e-14)
(80.1271 -17.7949 1.00129e-14)
(68.9713 -22.1827 -2.65834e-16)
(86.0698 -7.98664 -1.04536e-14)
(23.8671 -0.698759 -1.11555e-14)
(26.3629 -1.52085 -3.90282e-15)
(28.9022 -2.48158 1.2844e-14)
(32.1615 -3.69788 0)
(36.7678 -5.27767 0)
(42.4022 -6.99077 0)
(48.0737 -8.53773 -1.28262e-19)
(53.3212 -9.91047 -1.37022e-16)
(58.2287 -11.1714 3.41162e-15)
(62.9347 -12.3505 6.64673e-15)
(67.469 -13.4616 -1.22342e-14)
(71.7958 -14.4862 4.7364e-19)
(75.7526 -15.4424 5.70735e-15)
(79.1774 -16.1811 -5.24095e-15)
(81.3543 -16.8727 -5.31325e-15)
(82.5846 -16.7405 5.03658e-15)
(80.5439 -17.4898 0)
(80.7465 -14.7932 -1.07811e-14)
(69.6582 -19.6451 1.07469e-14)
(86.331 -4.94916 3.08811e-14)
(23.755 0.723985 -2.48045e-16)
(26.1278 -0.0646871 1.70395e-14)
(28.5287 -1.01367 -1.62465e-14)
(31.7538 -2.18418 5.86083e-15)
(36.4645 -3.63397 0)
(42.2554 -5.15652 4.92829e-15)
(48.0559 -6.51115 9.48657e-17)
(53.4031 -7.71504 7.10326e-17)
(58.3982 -8.82343 3.59196e-15)
(63.1842 -9.85611 0)
(67.7887 -10.8238 -6.20978e-15)
(72.1759 -11.7104 1.73333e-14)
(76.1839 -12.5384 -5.42886e-15)
(79.6508 -13.1714 3.25254e-18)
(81.8631 -13.7919 0)
(83.0975 -13.6448 5.13517e-15)
(81.104 -14.4826 5.36717e-15)
(81.2342 -11.7538 1.45742e-16)
(70.2543 -17.1267 -2.38191e-14)
(86.5257 -1.59151 -5.14716e-16)
(23.4853 2.20026 -7.10094e-15)
(25.6834 1.368 3.23893e-15)
(27.9637 0.365691 -6.45953e-15)
(31.221 -0.788357 0)
(36.0938 -2.09879 5.59958e-15)
(42.0476 -3.40242 -7.09836e-15)
(47.9569 -4.54232 2.13379e-15)
(53.3859 -5.56279 3.85882e-15)
(58.4592 -6.50707 -3.52697e-15)
(63.3202 -7.38301 -3.31304e-15)
(67.9904 -8.19791 -9.93286e-17)
(72.4331 -8.93759 2.83714e-15)
(76.4872 -9.62974 0)
(79.9918 -10.1524 5.32637e-15)
(82.2344 -10.7014 0)
(83.474 -10.5458 -5.13515e-15)
(81.512 -11.4575 0)
(81.5921 -8.71314 -1.06592e-14)
(70.8297 -14.676 5.36487e-15)
(86.5559 2.05183 -2.58908e-16)
(22.9269 3.72019 0)
(24.9333 2.72838 0)
(27.1911 1.59191 4.82739e-15)
(30.6133 0.449225 1.51036e-15)
(35.7159 -0.665744 0)
(41.8261 -1.70174 4.86139e-15)
(47.8125 -2.61062 -2.09418e-15)
(53.2995 -3.44529 0)
(58.4384 -4.22251 1.74977e-15)
(63.3676 -4.93492 3.30177e-15)
(68.0994 -5.58871 -2.99011e-15)
(72.5953 -6.17364 -2.87007e-15)
(76.693 -6.72364 -2.74434e-15)
(80.2347 -7.1307 0)
(82.5059 -7.60871 -2.59306e-15)
(83.7472 -7.44616 0)
(81.8216 -8.42594 -2.60521e-15)
(81.8432 -5.70045 0)
(71.3603 -12.1742 -1.18879e-14)
(86.4507 5.30715 4.99466e-15)
(22.2283 4.77851 1.68842e-15)
(23.973 3.53464 -6.86668e-16)
(26.1527 2.31043 -3.15104e-15)
(29.7533 1.34013 -1.51906e-15)
(35.116 0.611741 0)
(41.3974 -0.0540881 0)
(47.487 -0.71282 -4.27536e-15)
(53.0641 -1.36758 1.86883e-15)
(58.2958 -1.98004 -1.74954e-15)
(63.3114 -2.52533 2.44797e-15)
(68.1156 -3.01148 -7.32908e-16)
(72.6715 -3.43158 4.32583e-15)
(76.816 -3.82846 1.39854e-15)
(80.397 -4.10861 0)
(82.6953 -4.50496 3.88654e-15)
(83.9301 -4.31696 2.6094e-15)
(82.0971 -5.35306 5.87098e-17)
(82.0427 -2.68153 -2.68739e-15)
(71.8187 -9.79059 2.82929e-15)
(86.2444 8.66 -5.26715e-15)
(20.3331 3.64498 -7.83888e-16)
(22.3081 2.27858 8.25384e-16)
(25.2266 1.31353 -1.68064e-15)
(29.6581 0.923982 6.86637e-16)
(35.3201 0.903987 -3.73275e-17)
(41.3829 0.838989 -6.32206e-16)
(47.2354 0.602856 -4.37975e-17)
(52.744 0.2666 4.4543e-16)
(58.0106 -0.0751353 -1.56143e-17)
(63.0882 -0.370544 -4.11297e-16)
(67.9475 -0.619989 -7.54807e-16)
(72.5454 -0.815969 0)
(76.7127 -1.00823 -6.93409e-16)
(80.302 -1.10525 -6.94108e-16)
(82.5836 -1.35407 -6.83909e-16)
(83.8424 -1.07952 -2.6531e-17)
(81.996 -2.09748 -3.2302e-17)
(81.8793 0.494489 -7.03517e-16)
(71.8563 -6.69856 -1.11751e-16)
(86.0982 12.0446 3.89072e-15)
(5.81245 -5.53962 -3.41772e-14)
(7.13558 -10.6693 0)
(9.322 -12.5713 0)
(11.5457 -13.1513 3.30222e-14)
(13.5826 -12.9011 -1.63254e-14)
(15.3973 -12.1541 0)
(16.976 -11.0876 -8.08496e-15)
(18.3082 -9.81986 2.53449e-14)
(19.3856 -8.43213 1.67056e-14)
(20.1688 -6.96495 -9.79767e-15)
(20.7438 -5.51831 8.6453e-15)
(21.1052 -4.06841 -8.20159e-15)
(21.2958 -2.64126 1.624e-14)
(21.3452 -1.24861 1.85123e-16)
(21.2905 0.104075 -1.49129e-14)
(21.1721 1.45399 3.46498e-15)
(20.9877 2.89874 3.5955e-15)
(20.6398 4.49359 1.70216e-15)
(20.235 5.86209 -2.44153e-15)
(18.6457 5.08143 2.40302e-15)
(-2.13138 -5.67937 -2.75338e-14)
(1.06477 -10.3743 0)
(4.56314 -11.9919 0)
(7.49638 -12.4052 -1.75749e-14)
(10.0237 -12.1227 0)
(12.2063 -11.3691 3.63195e-16)
(14.0847 -10.3119 -8.58472e-15)
(15.6776 -9.06148 -8.73673e-15)
(16.989 -7.68283 -1.8551e-14)
(17.9587 -6.18755 -1.94601e-14)
(18.6562 -4.73692 -1.76336e-14)
(19.0766 -3.27267 -8.51769e-15)
(19.2658 -1.83621 8.28117e-15)
(19.2471 -0.439308 8.20192e-15)
(19.0766 0.886721 7.99931e-15)
(18.8169 2.17418 -1.15797e-14)
(18.5314 3.53396 3.70435e-15)
(18.2174 5.09939 0)
(17.9392 6.67363 0)
(16.8844 6.31173 -1.21701e-15)
(-7.87042 -6.71632 -2.24598e-14)
(-3.68141 -11.6794 -1.76431e-14)
(0.170834 -12.2389 0)
(3.56258 -12.1915 -1.70199e-14)
(6.47429 -11.7087 1.70296e-14)
(8.99089 -10.8791 5.28495e-16)
(11.1656 -9.81446 5.35657e-16)
(13.0378 -8.5926 0)
(14.624 -7.23959 -9.47396e-15)
(15.8514 -5.70629 1.24305e-16)
(16.7317 -4.20472 3.85536e-14)
(17.2711 -2.69252 8.66545e-15)
(17.5216 -1.1986 0)
(17.5098 0.253412 7.84753e-15)
(17.2829 1.59948 0)
(16.907 2.86512 -3.77877e-15)
(16.4793 4.14964 3.7609e-15)
(16.0609 5.62245 -3.49955e-15)
(15.6649 7.26548 -2.50998e-15)
(15.0096 7.27029 1.25235e-15)
(-11.2291 -6.73595 0)
(-7.50782 -12.839 1.73795e-14)
(-3.80927 -12.7157 0)
(-0.224798 -12.2719 -6.34559e-16)
(2.92101 -11.541 3.35968e-14)
(5.67625 -10.5963 1.76151e-14)
(8.08668 -9.50081 9.59791e-15)
(10.1956 -8.28494 -9.60366e-15)
(12.0221 -6.9338 0)
(13.5034 -5.33555 -1.04155e-14)
(14.5663 -3.6812 -1.05707e-14)
(15.2312 -2.0822 -1.86717e-14)
(15.5504 -0.500264 0)
(15.5844 1.02083 -1.63746e-14)
(15.3705 2.3838 -3.88202e-15)
(14.9732 3.62027 1.4166e-16)
(14.5088 4.81754 7.29452e-15)
(14.0568 6.15082 1.88601e-15)
(13.5368 7.74343 2.60996e-15)
(13.0653 8.0691 -8.50772e-16)
(-11.9042 -6.31404 1.82526e-14)
(-10.7186 -13.4509 -2.86341e-14)
(-7.37152 -13.1992 -1.48772e-14)
(-3.83691 -12.4322 -1.67984e-14)
(-0.641764 -11.4785 -1.22949e-15)
(2.22513 -10.4046 0)
(4.77558 -9.24696 0)
(7.0425 -7.99991 9.50914e-15)
(9.04562 -6.60874 1.08028e-14)
(10.744 -4.92248 6.66107e-16)
(11.959 -2.983 0)
(12.7551 -1.25321 1.04302e-14)
(13.1402 0.452515 -8.9628e-15)
(13.2283 2.06789 1.72749e-14)
(13.0459 3.4552 -8.18838e-15)
(12.6529 4.64916 1.52699e-16)
(12.1846 5.70676 -6.96553e-17)
(11.7532 6.8189 0)
(11.2446 8.19699 -2.7238e-15)
(10.8497 8.76961 1.28749e-15)
(-11.568 -5.74994 1.56864e-14)
(-13.1503 -13.5812 1.34187e-14)
(-10.5992 -13.5118 1.46598e-14)
(-7.2353 -12.5259 1.49226e-14)
(-4.14422 -11.3755 -1.36799e-15)
(-1.32108 -10.1732 0)
(1.22396 -8.93094 0)
(3.51637 -7.62101 -3.26904e-14)
(5.58735 -6.1546 0)
(7.43433 -4.37557 1.33207e-14)
(8.74157 -2.06958 -1.35123e-14)
(9.68555 -0.201003 3.1606e-16)
(10.1716 1.59128 2.30945e-16)
(10.384 3.26931 0)
(10.3368 4.6708 0)
(10.0532 5.84712 0)
(9.61413 6.77753 -3.83926e-15)
(9.15613 7.65169 0)
(8.64706 8.70746 -9.20296e-16)
(8.20213 9.44372 8.64184e-16)
(-10.2133 -4.98933 -1.68625e-14)
(-15.0112 -13.1361 -1.05768e-14)
(-13.4842 -13.565 -7.70261e-16)
(-10.5676 -12.5644 2.48817e-14)
(-7.62087 -11.1986 -3.06009e-14)
(-4.93187 -9.77302 0)
(-2.52484 -8.30764 0)
(-0.379402 -6.79826 9.51293e-16)
(1.55124 -5.11525 -1.33851e-14)
(3.36833 -3.09416 1.57783e-14)
(4.73944 -0.400421 1.49808e-15)
(6.03806 1.31618 6.86272e-16)
(6.7106 2.85046 1.32571e-14)
(7.10879 4.40371 -1.11298e-14)
(7.25164 5.73279 -4.75288e-15)
(7.16795 6.86972 -4.49506e-15)
(6.83434 7.74617 8.7885e-15)
(6.3677 8.48843 0)
(5.83055 9.29287 -9.70029e-16)
(5.27435 10.0869 8.98642e-16)
(-7.98993 -4.20991 -1.62413e-14)
(-15.4394 -12.1266 1.99832e-14)
(-15.5465 -13.3545 9.42576e-15)
(-13.5285 -12.4065 -2.21868e-14)
(-10.9171 -10.9293 -5.80474e-15)
(-8.41623 -9.38932 -6.58965e-15)
(-6.1561 -7.83026 7.94443e-15)
(-4.14784 -6.19944 -8.77138e-15)
(-2.3675 -4.38239 1.09198e-14)
(-0.714736 -2.30647 2.60475e-14)
(0.626995 0.17796 6.75003e-16)
(1.97455 2.0541 0)
(2.78738 3.73182 2.82528e-14)
(3.30264 5.36087 5.96069e-15)
(3.6022 6.71357 5.95246e-15)
(3.69469 7.82273 -5.03138e-15)
(3.52177 8.70228 4.56029e-15)
(3.16332 9.41348 -4.42815e-15)
(2.70845 10.0641 -1.02466e-15)
(2.14485 10.7802 9.37068e-16)
(-5.50202 -3.55227 0)
(-14.7418 -10.5711 -1.49956e-14)
(-16.8765 -12.6135 0)
(-15.9368 -11.9733 -9.42549e-15)
(-13.9185 -10.4906 1.53461e-14)
(-11.6841 -8.8492 1.72442e-14)
(-9.591 -7.17036 -1.25104e-14)
(-7.71194 -5.43586 -6.71832e-15)
(-6.01968 -3.58206 -1.57402e-14)
(-4.44795 -1.57593 -9.37266e-15)
(-3.04382 0.600331 -1.07444e-14)
(-1.77593 2.6139 -1.14537e-14)
(-0.815969 4.35211 -4.26341e-16)
(-0.197703 5.99339 -4.97936e-15)
(0.169604 7.40354 4.44732e-16)
(0.314803 8.55915 -4.14704e-15)
(0.235308 9.46092 4.07301e-15)
(-0.0106711 10.1551 0)
(-0.364526 10.7214 -8.49848e-16)
(-0.818727 11.3186 -4.93884e-17)
(-3.32671 -2.95643 -3.30122e-14)
(-12.8949 -8.494 1.48424e-14)
(-17.0359 -11.3105 0)
(-17.4056 -11.1923 8.21064e-15)
(-16.3422 -9.85785 -8.42677e-15)
(-14.6145 -8.20173 -9.35251e-15)
(-12.7844 -6.44775 2.0006e-14)
(-11.0678 -4.63168 3.44116e-16)
(-9.49702 -2.73628 3.67699e-16)
(-8.04482 -0.746017 7.87644e-15)
(-6.70978 1.32702 1.61835e-14)
(-5.5181 3.35301 8.18529e-15)
(-4.47924 5.08112 0)
(-3.74818 6.66666 -3.79288e-15)
(-3.24799 8.02311 7.35567e-15)
(-2.96329 9.13898 -3.06873e-15)
(-2.87954 10.0254 1.45848e-15)
(-2.974 10.7208 1.44626e-15)
(-3.20572 11.2861 -1.3483e-15)
(-3.52684 11.8378 1.27089e-17)
(-1.66717 -2.2999 0)
(-10.0791 -6.04448 4.78725e-15)
(-15.941 -9.38658 3.5666e-15)
(-18.1388 -9.95538 3.32035e-15)
(-17.9342 -8.98124 0)
(-16.9331 -7.42407 0)
(-15.5279 -5.68115 -4.45424e-15)
(-14.0537 -3.84461 0)
(-12.6405 -1.94646 0)
(-11.3127 0.000971935 1.09142e-14)
(-10.0705 1.96907 -8.0017e-16)
(-8.96499 3.91804 -7.1582e-15)
(-7.91922 5.60505 0)
(-7.12693 7.13867 5.32436e-15)
(-6.52981 8.46395 -2.60215e-15)
(-6.12243 9.57156 2.12078e-16)
(-5.89069 10.4636 1.17102e-15)
(-5.826 11.1668 -1.11931e-15)
(-5.89095 11.7345 5.68368e-16)
(-6.01922 12.2495 5.46065e-16)
(-0.443261 -1.62852 0)
(-6.89921 -3.64689 -5.93901e-15)
(-13.3481 -7.0155 -5.98588e-16)
(-17.2987 -8.25878 -3.51797e-15)
(-18.5691 -7.82182 0)
(-18.3599 -6.52449 0)
(-17.5764 -4.889 -3.06445e-16)
(-16.4623 -3.10661 3.64277e-15)
(-15.2762 -1.25414 3.94815e-15)
(-14.1035 0.625266 -4.62702e-15)
(-12.9761 2.49284 -9.73663e-15)
(-11.9583 4.32426 0)
(-10.9659 5.9621 4.84084e-15)
(-10.15 7.43831 -7.06687e-15)
(-9.49045 8.72704 0)
(-8.98556 9.81425 -9.2605e-16)
(-8.6261 10.6969 0)
(-8.40056 11.3996 -8.66948e-16)
(-8.26462 11.9491 4.46092e-16)
(-8.15616 12.4159 4.30857e-16)
(0.49118 -1.09873 6.92315e-15)
(-3.98703 -1.61176 -1.22706e-14)
(-9.71082 -4.5119 -4.35685e-15)
(-14.8113 -6.16188 -1.67455e-16)
(-17.6183 -6.34174 5.49288e-15)
(-18.5528 -5.472 0)
(-18.4901 -4.06353 -5.6475e-15)
(-17.9632 -2.42665 0)
(-17.1449 -0.686326 0)
(-16.2115 1.09487 1.51936e-15)
(-15.2533 2.85751 1.63613e-15)
(-14.3362 4.56427 -1.76975e-15)
(-13.4438 6.14255 0)
(-12.6398 7.5533 -5.14872e-15)
(-11.948 8.78913 5.05022e-15)
(-11.3671 9.83195 -2.279e-15)
(-10.8823 10.676 2.16713e-15)
(-10.478 11.3431 -9.72082e-16)
(-10.104 11.8324 9.64169e-16)
(-9.70349 12.2143 -2.69958e-16)
(1.05693 -0.758968 -7.19765e-15)
(-1.81572 -0.144677 0)
(-5.75975 -2.25908 0)
(-10.9386 -3.87146 0)
(-14.8379 -4.53965 0)
(-17.1372 -4.20932 0)
(-18.0379 -3.18404 4.68476e-15)
(-18.1043 -1.78419 0)
(-17.8723 -0.210424 0)
(-17.3157 1.41842 1.15797e-15)
(-16.623 3.04503 -4.32662e-15)
(-15.873 4.62705 1.64567e-15)
(-15.1092 6.11127 -2.92153e-15)
(-14.3532 7.43005 2.83788e-15)
(-13.6472 8.57928 2.6277e-15)
(-12.9883 9.54173 -1.1775e-15)
(-12.3544 10.3099 2.98739e-17)
(-11.7241 10.8856 5.2352e-16)
(-11.0807 11.2587 4.4145e-16)
(-10.3555 11.5269 -1.52689e-16)
(1.2157 -0.482727 -1.06132e-14)
(-0.50783 0.712489 1.86442e-14)
(-2.47631 -0.597434 0)
(-6.55419 -1.76745 0)
(-10.6503 -2.58262 0)
(-13.7551 -2.71435 -8.88594e-16)
(-15.7653 -2.16876 -2.26336e-15)
(-16.7634 -1.14997 -8.27302e-16)
(-17.0751 0.151527 -8.44417e-16)
(-16.9349 1.57579 0)
(-16.6509 3.03347 0)
(-16.1494 4.46243 9.59106e-16)
(-15.5553 5.81298 0)
(-14.8786 6.99568 -1.20238e-15)
(-14.1661 8.00986 0)
(-13.4215 8.84258 3.89035e-16)
(-12.6334 9.48554 1.33948e-16)
(-11.7916 9.91403 1.45528e-16)
(-10.8269 10.1137 -7.66983e-16)
(-9.77701 10.2594 2.26596e-16)
(1.10863 -0.171423 0)
(0.234309 1.1404 -5.75338e-15)
(-0.548054 0.452983 1.88622e-15)
(-2.91738 -0.177506 4.79707e-15)
(-6.13759 -0.827621 -4.63673e-15)
(-9.2282 -1.18547 1.11545e-15)
(-11.6905 -1.0531 1.68239e-15)
(-13.3771 -0.467159 -6.14861e-16)
(-14.3974 0.456255 1.58063e-15)
(-14.8678 1.58804 6.5274e-16)
(-14.9237 2.81156 0)
(-14.72 4.03462 -9.97655e-16)
(-14.3164 5.18721 -1.65654e-15)
(-13.7599 6.18041 5.8492e-17)
(-13.0956 7.02081 1.49362e-15)
(-12.309 7.68334 -1.05912e-15)
(-11.3827 8.13496 3.05724e-16)
(-10.293 8.3354 6.07472e-16)
(-8.97426 8.28984 5.45419e-17)
(-7.61681 8.30086 0)
(0.963717 0.182286 0)
(0.681847 1.55618 -8.41793e-15)
(0.321221 1.25363 4.92827e-15)
(-0.888702 0.922783 -3.83076e-15)
(-2.70731 0.448221 5.31269e-15)
(-4.92816 0.0369828 6.79926e-16)
(-7.0642 -0.102581 1.43422e-15)
(-8.81262 0.112858 -1.29202e-15)
(-10.0851 0.651985 -7.84598e-16)
(-10.8927 1.42328 4.61282e-16)
(-11.2936 2.32818 1.01128e-17)
(-11.366 3.28081 -5.06469e-16)
(-11.1586 4.17232 -1.00183e-15)
(-10.7149 4.92114 -2.31175e-16)
(-10.0539 5.52165 5.20566e-16)
(-9.18158 5.91936 -7.98544e-16)
(-8.1018 6.04632 6.3908e-16)
(-6.81384 5.89009 2.96083e-16)
(-5.34581 5.6032 -3.30312e-16)
(-3.90085 5.62504 6.49153e-31)
(0.89326 0.494281 -3.71749e-15)
(0.960738 1.93209 6.05903e-15)
(0.723422 1.77432 -4.00499e-15)
(-0.0655115 1.45681 4.06627e-15)
(-0.906967 1.01032 -1.09048e-15)
(-1.95539 0.594631 -9.07968e-16)
(-3.1654 0.342646 -4.26798e-16)
(-4.33565 0.335668 0)
(-5.32181 0.572486 3.53386e-16)
(-6.04015 1.00243 9.46632e-16)
(-6.45709 1.55596 -9.2709e-16)
(-6.57061 2.16051 4.6072e-16)
(-6.43329 2.63503 7.84514e-16)
(-6.05199 2.95532 -6.0297e-16)
(-5.42161 3.1006 0)
(-4.57449 3.05189 -2.68737e-16)
(-3.56341 2.83457 0)
(-2.41424 2.58793 1.31737e-16)
(-1.22516 2.65732 -1.37524e-16)
(0.105318 2.95542 -8.46974e-18)
(1.16681 0.632682 1.98086e-15)
(1.75204 2.07642 -5.48246e-15)
(1.63868 1.63533 2.45064e-15)
(1.03347 0.811709 -2.00642e-15)
(0.412874 0.064832 4.02762e-15)
(-0.13452 -0.466523 -1.8745e-15)
(-0.610579 -0.758234 1.5508e-15)
(-1.07916 -0.808518 -7.14247e-16)
(-1.5174 -0.730103 -5.18384e-16)
(-1.85935 -0.54498 5.97282e-16)
(-2.03725 -0.316936 3.06221e-17)
(-1.99378 -0.0803607 -5.32783e-16)
(-1.70208 0.114789 -2.60683e-16)
(-1.18507 0.289475 1.15051e-16)
(-0.494536 0.392925 3.77586e-16)
(0.282145 0.496092 -7.92156e-16)
(1.0367 0.641467 4.74524e-16)
(1.79966 0.688513 -1.41704e-16)
(2.60882 0.950319 1.92607e-17)
(3.18023 0.130424 8.45004e-18)
(3.15613 2.36701 0)
(4.85698 3.53278 2.93123e-16)
(5.4102 2.54725 -2.38605e-17)
(5.66743 1.49001 0)
(5.78816 0.844789 0)
(5.78289 0.575026 -2.4556e-17)
(5.65566 0.554033 -1.92329e-16)
(5.4752 0.707888 4.39341e-17)
(5.27267 0.954708 0)
(5.05743 1.19639 9.12113e-17)
(4.85578 1.38317 0)
(4.6802 1.49812 1.50906e-16)
(4.54131 1.54741 3.01984e-17)
(4.45747 1.56163 -1.70349e-16)
(4.43946 1.57119 0)
(4.5082 1.61809 0)
(4.6685 1.73886 -3.77207e-17)
(4.95407 1.94438 9.74747e-18)
(5.3391 2.20881 -5.77692e-18)
(5.67455 2.75136 -2.77403e-18)
)
;

boundaryField
{
    right
    {
        type            cyclic;
    }
    left
    {
        type            cyclic;
    }
    outerWall
    {
        type            noSlip;
    }
    stirrerWall
    {
        type            noSlip;
    }
    top
    {
        type            empty;
    }
    bottom
    {
        type            empty;
    }
}


// ************************************************************************* //
