/*--------------------------------*- C++ -*----------------------------------*\
  =========                 |
  \\      /  F ield         | OpenFOAM: The Open Source CFD Toolbox
   \\    /   O peration     | Website:  https://openfoam.org
    \\  /    A nd           | Version:  10
     \\/     M anipulation  |
\*---------------------------------------------------------------------------*/
FoamFile
{
    format      ascii;
    class       volScalarField;
    location    "14000";
    object      yPlus;
}
// * * * * * * * * * * * * * * * * * * * * * * * * * * * * * * * * * * * * * //

dimensions      [0 0 0 0 0 0 0];

internalField   uniform 0;

boundaryField
{
    right
    {
        type            cyclic;
    }
    left
    {
        type            cyclic;
    }
    outerWall
    {
        type            calculated;
        value           nonuniform List<scalar> 0();
    }
    stirrerWall
    {
        type            calculated;
        value           nonuniform List<scalar> 
398
(
0.0844386
0.0769217
0.0706411
0.065665
0.0609833
0.0564993
0.0521698
0.0479643
0.0438013
0.0396233
0.0354406
0.0313001
0.0272572
0.023398
0.0198555
0.016819
0.0144606
0.0128434
0.01189
0.0114416
0.0113473
0.0115051
0.0118574
0.0123729
0.0130344
0.013833
0.0147652
0.0158275
0.0170178
0.018341
0.0198095
0.0214168
0.0231283
0.0249297
0.0268118
0.0287565
0.0307309
0.0327068
0.0347496
0.0368382
0.038903
0.0409056
0.042787
0.0445637
0.046212
0.0476826
0.0489414
0.049732
0.0499893
0.0500014
0.0500818
0.0502922
0.0504216
0.0502799
0.0498876
0.0491903
0.0481571
0.0468929
0.0454056
0.0437047
0.041801
0.0397346
0.0375538
0.0353269
0.0331117
0.0309515
0.0288802
0.0269241
0.0251053
0.0234429
0.0219537
0.0206475
0.019518
0.0185286
0.017588
0.0165332
0.0151177
0.0129864
0.00955746
0.00279613
0.00279613
0.00746939
0.00300178
0.00405689
0.00420272
0.00446349
0.00440879
0.00410926
0.00368264
0.00320678
0.00273384
0.00230172
0.00195138
0.00167077
0.00145966
0.0013248
0.00127376
0.0013062
0.00140863
0.00155904
0.00173812
0.00193514
0.00215053
0.00239164
0.00266558
0.00298576
0.00335505
0.00378234
0.00427265
0.0048315
0.00546715
0.00618732
0.00700007
0.00791255
0.00892974
0.0100557
0.0112951
0.0126503
0.0141222
0.0157129
0.0174255
0.0192612
0.0212214
0.0233089
0.0255266
0.0278809
0.0303813
0.0330311
0.0358373
0.0388022
0.0419302
0.0452258
0.0486773
0.0522959
0.0560736
0.0600287
0.0641723
0.068615
0.0732779
0.0780512
0.0828171
0.087432
0.0921208
0.0965926
0.100877
0.104887
0.108628
0.112055
0.115007
0.117567
0.119655
0.121256
0.12228
0.122373
0.122191
0.122255
0.121844
0.120692
0.119053
0.117103
0.114969
0.112709
0.110407
0.10811
0.105808
0.103625
0.101725
0.0993627
0.0970949
0.0983436
0.0951252
0.0904478
0.0901782
0.0984773
0.0918527
0.0875255
0.083673
0.0818125
0.0902054
0.0951226
0.0850853
0.0770995
0.0755788
0.0820286
0.0817373
0.083674
0.0877744
0.0936995
0.0958373
0.0956729
0.0926841
0.0879667
0.082898
0.0796707
0.0798218
0.0802832
0.0811693
0.0822241
0.083164
0.0839767
0.084937
0.0860756
0.0865801
0.0867718
0.0865929
0.0862824
0.0877875
0.0887394
0.00335249
0.00739074
0.00478212
0.00351746
0.00295935
0.00265075
0.00244467
0.00232792
0.00230115
0.00235469
0.00246977
0.00261583
0.00276836
0.00291122
0.00304218
0.00315366
0.00323303
0.0032707
0.00326222
0.00320977
0.00311551
0.00298186
0.002816
0.00262806
0.00242931
0.00223263
0.00205422
0.00192056
0.00192127
0.00253844
0.00482878
0.00927769
0.0144613
0.018576
0.0210669
0.0225737
0.023964
0.0255817
0.0274607
0.0294357
0.0313885
0.0335068
0.0357724
0.0384508
0.0415994
0.0455176
0.050574
0.0562605
0.0630627
0.0710481
0.0798962
0.0899243
0.101248
0.113809
0.127616
0.142721
0.159151
0.176932
0.196098
0.216697
0.238794
0.262471
0.287833
0.315001
0.344126
0.375391
0.408993
0.44515
0.484088
0.52604
0.571282
0.620162
0.673166
0.731028
0.794274
0.861712
0.932036
1.00534
1.08169
1.16124
1.24439
1.33143
1.42247
1.51776
1.61756
1.72216
1.83174
1.94654
2.0666
2.19185
2.32233
2.45797
2.59863
2.74422
2.89449
3.04881
3.20669
3.36753
3.53093
3.69646
3.86372
4.0323
4.20208
4.37265
4.54304
4.71323
4.88368
5.05592
5.23017
5.4051
0.00335249
0.00984706
0.013995
0.0181143
0.0213555
0.0204228
0.0184114
0.018365
0.0209148
0.0256751
0.0277277
0.0307986
0.0373107
0.0400771
0.0441409
0.0524897
0.0559938
0.0605468
0.0698334
0.0747398
0.0805307
0.0888105
0.0962291
0.104351
0.113379
0.123153
0.133331
0.143526
0.153608
0.163468
0.172905
0.181727
0.189838
0.197739
0.205003
0.211423
0.217105
0.222027
0.226725
0.2311
0.234711
0.237941
0.240832
0.24341
0.245697
0.247726
0.249524
0.251118
0.252526
0.25369
0.25448
0.254841
0.254779
0.254297
0.253379
0.25181
0.249145
0.245839
0.242379
0.238715
0.234807
0.230737
0.226434
0.221844
0.216949
0.211783
0.206453
0.20113
0.195857
0.190514
0.185015
0.179332
0.173298
0.165692
0.156095
0.145145
0.132894
0.119634
0.106216
0.0940357
)
;
    }
    top
    {
        type            empty;
    }
    bottom
    {
        type            empty;
    }
    procBoundary1to0
    {
        type            processor;
        value           uniform 0;
    }
}


// ************************************************************************* //
