/*--------------------------------*- C++ -*----------------------------------*\
  =========                 |
  \\      /  F ield         | OpenFOAM: The Open Source CFD Toolbox
   \\    /   O peration     | Website:  https://openfoam.org
    \\  /    A nd           | Version:  10
     \\/     M anipulation  |
\*---------------------------------------------------------------------------*/
FoamFile
{
    format      ascii;
    class       volScalarField;
    location    "56000";
    object      yPlus;
}
// * * * * * * * * * * * * * * * * * * * * * * * * * * * * * * * * * * * * * //

dimensions      [0 0 0 0 0 0 0];

internalField   uniform 0;

boundaryField
{
    right
    {
        type            cyclic;
    }
    left
    {
        type            cyclic;
    }
    outerWall
    {
        type            calculated;
        value           nonuniform List<scalar> 0();
    }
    stirrerWall
    {
        type            calculated;
        value           nonuniform List<scalar> 
398
(
0.364221
0.233359
0.16057
0.127138
0.111269
0.102649
0.0973166
0.0939265
0.0921169
0.091852
0.0930733
0.095652
0.0994747
0.104497
0.110595
0.117633
0.125594
0.134317
0.143691
0.153843
0.164515
0.175746
0.187329
0.199116
0.210943
0.222636
0.234013
0.244879
0.254997
0.264107
0.271999
0.278574
0.283809
0.287725
0.290321
0.291832
0.292456
0.292121
0.290682
0.288678
0.286422
0.281824
0.274502
0.266194
0.257243
0.247438
0.237133
0.227058
0.217013
0.207131
0.197373
0.187894
0.178766
0.169981
0.161504
0.153276
0.145166
0.137231
0.129607
0.122345
0.115455
0.108913
0.102686
0.096719
0.0910632
0.0854948
0.0801529
0.074899
0.0698322
0.064933
0.0602461
0.055984
0.0524087
0.0495799
0.0472999
0.0449835
0.041569
0.0356872
0.025984
0.00751574
0.00751574
0.0200459
0.00857664
0.0121782
0.0153891
0.0200234
0.0246649
0.028733
0.0316992
0.0337
0.0348568
0.0352844
0.0351138
0.0344692
0.0334564
0.0321639
0.0306633
0.0289779
0.0272752
0.0255499
0.0239546
0.0225004
0.0211397
0.019849
0.018634
0.017512
0.0165152
0.0156848
0.0150764
0.0147678
0.0148693
0.0156555
0.0173494
0.0199575
0.0233889
0.0273689
0.0315831
0.0358341
0.0399604
0.044094
0.048215
0.0523557
0.0564965
0.0607712
0.0651063
0.0698164
0.0747871
0.0805407
0.0880321
0.0980307
0.110096
0.125287
0.142997
0.163357
0.187263
0.215177
0.246941
0.282563
0.322032
0.365344
0.412487
0.463634
0.519261
0.580125
0.647136
0.721182
0.803411
0.895513
0.999932
1.11988
1.25906
1.42108
1.60822
1.82141
2.05963
2.31152
2.56235
2.80449
3.03201
3.24971
3.44739
3.62464
3.782
3.92097
4.04308
4.15187
4.25113
4.3441
4.43406
4.52315
4.61211
4.70075
4.78925
4.87672
4.95545
5.0192
5.07455
5.12226
5.15759
5.17919
5.18789
5.18844
5.18177
5.16776
5.14624
5.11863
5.08348
5.04005
4.98839
4.92857
4.86054
4.78411
4.69921
4.60569
4.50293
4.39005
4.27033
4.14944
4.02271
3.88898
3.74796
3.60009
3.44614
3.28713
3.12424
2.95922
2.79418
2.63152
0.0301315
0.0395917
0.0252665
0.0240834
0.0413411
0.0809632
0.151395
0.225361
0.288052
0.33288
0.359656
0.370381
0.36714
0.350019
0.323032
0.288865
0.265449
0.24293
0.219294
0.194933
0.170925
0.148207
0.127413
0.108789
0.09234
0.0779443
0.0657276
0.0560026
0.0487646
0.0442911
0.0468023
0.0807541
0.172608
0.289461
0.371621
0.41582
0.430541
0.42646
0.434233
0.463817
0.511702
0.561549
0.6053
0.647961
0.690574
0.732284
0.783026
0.867457
1.03274
1.33057
2.30119
4.39014
7.2071
9.77893
11.134
11.208
11.0917
11.602
11.8745
10.3001
11.552
12.1161
12.3501
10.9499
11.1234
11.4489
12.8946
12.7978
11.283
12.2443
13.2721
11.3482
11.5324
11.8141
12.0952
12.3686
12.6304
12.882
13.1242
13.3581
13.5846
13.8045
14.0186
14.2276
14.4323
14.6337
14.8329
15.0317
15.2295
15.4262
15.6222
15.8179
16.0136
16.2096
16.4063
16.6039
16.8026
17.0027
17.2045
17.4086
17.6154
17.8247
18.0368
18.2519
18.4704
18.6927
18.919
19.1498
19.3854
19.6259
0.0301315
0.0884966
0.135043
0.185678
0.189248
0.183031
0.178216
0.166666
0.191899
0.230225
0.27965
0.340457
0.413252
0.498386
0.595459
0.70367
0.821579
0.947915
1.08117
1.2195
1.36126
1.50498
1.64985
1.79607
1.94486
2.09964
2.26454
2.42262
2.57469
2.72065
2.86112
2.99765
3.12856
3.25861
3.38895
3.52355
3.66402
3.80065
3.94832
4.09501
4.20009
4.30744
4.42738
4.56432
4.72657
4.91789
5.14629
5.43412
5.81127
6.31806
7.01675
7.86598
8.78956
9.85796
11.1136
11.5578
10.0655
10.6999
11.496
10.1706
10.9653
11.8313
10.3909
10.1274
11.3257
11.3481
11.2399
11.0622
10.783
11.523
12.0324
9.74017
9.04402
9.05076
4.98969
1.71005
0.827878
0.710745
0.659179
0.52569
)
;
    }
    top
    {
        type            empty;
    }
    bottom
    {
        type            empty;
    }
    procBoundary1to0
    {
        type            processor;
        value           uniform 0;
    }
}


// ************************************************************************* //
