/*--------------------------------*- C++ -*----------------------------------*\
  =========                 |
  \\      /  F ield         | OpenFOAM: The Open Source CFD Toolbox
   \\    /   O peration     | Website:  https://openfoam.org
    \\  /    A nd           | Version:  10
     \\/     M anipulation  |
\*---------------------------------------------------------------------------*/
FoamFile
{
    format      ascii;
    class       surfaceScalarField;
    location    "700";
    object      phi;
}
// * * * * * * * * * * * * * * * * * * * * * * * * * * * * * * * * * * * * * //

dimensions      [0 3 -1 0 0 0 0];

internalField   nonuniform List<scalar> 
3880
(
7.06406e-07
-1.87114e-05
3.28731e-06
2.49352e-05
7.48195e-06
4.18258e-05
1.30699e-05
5.44653e-05
1.95676e-05
6.37199e-05
2.60849e-05
6.93355e-05
3.16442e-05
7.21625e-05
3.53297e-05
7.21553e-05
3.60596e-05
6.88015e-05
3.33521e-05
6.23478e-05
2.69948e-05
5.37919e-05
1.68697e-05
4.50846e-05
3.89472e-06
3.84805e-05
-8.01276e-06
3.25208e-05
-1.57683e-05
1.6079e-05
-2.0702e-05
-7.20827e-06
-2.36001e-05
-3.42287e-05
-2.43834e-05
-6.18183e-05
-2.33632e-05
-8.7498e-05
-0.000109854
-2.10289e-05
-3.65558e-07
-1.83184e-05
-1.83776e-08
2.45394e-05
2.27328e-06
3.95579e-05
7.11506e-06
4.95663e-05
1.39043e-05
5.69238e-05
2.10348e-05
6.21849e-05
2.72231e-05
6.59272e-05
3.1462e-05
6.79332e-05
3.28477e-05
6.74376e-05
3.09808e-05
6.42186e-05
2.58372e-05
5.89366e-05
1.74162e-05
5.34093e-05
6.45772e-06
4.93368e-05
-3.96187e-06
4.28754e-05
-1.2384e-05
2.44371e-05
-1.82179e-05
-1.44109e-06
-2.11362e-05
-3.13617e-05
-2.17366e-05
-6.1262e-05
-2.06316e-05
-8.86042e-05
-0.000112121
-1.83963e-05
1.41838e-06
-1.97252e-05
3.6252e-06
2.23067e-05
6.48757e-06
3.67225e-05
1.10618e-05
4.49478e-05
1.69609e-05
5.10393e-05
2.31692e-05
5.59824e-05
2.87689e-05
6.0296e-05
3.28754e-05
6.3867e-05
3.45629e-05
6.58283e-05
3.32647e-05
6.55071e-05
2.87388e-05
6.33843e-05
2.11491e-05
6.08539e-05
1.12884e-05
5.90955e-05
1.38632e-06
5.27587e-05
-7.27476e-06
3.31258e-05
-1.42161e-05
5.51095e-06
-1.74345e-05
-2.81723e-05
-1.82055e-05
-6.05389e-05
-1.72691e-05
-8.96106e-05
-0.000114372
-1.50755e-05
2.37088e-06
-2.20551e-05
6.09882e-06
1.85838e-05
1.01806e-05
3.27068e-05
1.50767e-05
4.00328e-05
2.05631e-05
4.55736e-05
2.61373e-05
5.04344e-05
3.1275e-05
5.51518e-05
3.53208e-05
5.9856e-05
3.73594e-05
6.38522e-05
3.66606e-05
6.61823e-05
3.27749e-05
6.71568e-05
2.59433e-05
6.7575e-05
1.72174e-05
6.78175e-05
8.52606e-06
6.14967e-05
1.56324e-07
4.15165e-05
-7.84225e-06
1.34737e-05
-1.17608e-05
-2.42804e-05
-1.30297e-05
-5.9311e-05
-1.24089e-05
-9.02628e-05
-0.000116452
-1.0341e-05
2.65455e-06
-2.47164e-05
7.19825e-06
1.3946e-05
1.23541e-05
2.76283e-05
1.78077e-05
3.46083e-05
2.33196e-05
4.00337e-05
2.87073e-05
4.50476e-05
3.36944e-05
5.02181e-05
3.78042e-05
5.57977e-05
4.02898e-05
6.13361e-05
4.03532e-05
6.60712e-05
3.75214e-05
6.99764e-05
3.20264e-05
7.31062e-05
2.50544e-05
7.4829e-05
1.79029e-05
6.8641e-05
1.02727e-05
4.91044e-05
1.91986e-06
2.17725e-05
-3.15012e-06
-1.92085e-05
-5.28097e-06
-5.71403e-05
-5.30964e-06
-9.02246e-05
-0.00011806
-3.73317e-06
2.55469e-06
-2.72085e-05
7.42239e-06
9.11324e-06
1.33743e-05
2.1697e-05
1.93839e-05
2.85391e-05
2.51377e-05
3.42821e-05
3.06166e-05
3.96442e-05
3.56529e-05
4.52236e-05
3.99708e-05
5.14836e-05
4.30614e-05
5.82148e-05
4.41141e-05
6.50376e-05
4.26845e-05
7.1437e-05
3.89787e-05
7.6846e-05
3.43517e-05
7.94793e-05
2.96823e-05
7.32718e-05
2.36082e-05
5.51146e-05
1.58061e-05
2.95589e-05
8.98414e-06
-1.24171e-05
5.50538e-06
-5.36592e-05
4.37923e-06
-8.91029e-05
-0.000118757
5.05572e-06
2.17774e-06
-2.93532e-05
6.94292e-06
4.36022e-06
1.34832e-05
1.52254e-05
2.00553e-05
2.19834e-05
2.61282e-05
2.81939e-05
3.17057e-05
3.40809e-05
3.68935e-05
4.00442e-05
4.15876e-05
4.67953e-05
4.5396e-05
5.44253e-05
4.76641e-05
6.28607e-05
4.79371e-05
7.12259e-05
4.61987e-05
7.85471e-05
4.37969e-05
8.17885e-05
4.14201e-05
7.55632e-05
3.81382e-05
5.83408e-05
3.31692e-05
3.45167e-05
2.44319e-05
-3.67782e-06
1.94371e-05
-4.86291e-05
1.69092e-05
-8.65663e-05
-0.000118078
1.62048e-05
1.6073e-06
-3.09414e-05
5.97628e-06
-2.63819e-08
1.28682e-05
8.38196e-06
1.98748e-05
1.5069e-05
2.62708e-05
2.17798e-05
3.20165e-05
2.82941e-05
3.73874e-05
3.46894e-05
4.24851e-05
4.17406e-05
4.70677e-05
4.98764e-05
5.06376e-05
5.9297e-05
5.2743e-05
6.90792e-05
5.31102e-05
7.81112e-05
5.28825e-05
8.19498e-05
5.21625e-05
7.62526e-05
5.10921e-05
5.94101e-05
4.91943e-05
3.64392e-05
4.11817e-05
4.3623e-06
3.56137e-05
-4.30297e-05
3.18752e-05
-8.28467e-05
-0.000115731
2.94805e-05
1.03541e-06
-3.19451e-05
4.72438e-06
-3.67415e-06
1.15022e-05
1.59591e-06
1.87994e-05
7.86128e-06
2.54635e-05
1.51329e-05
3.14889e-05
2.22266e-05
3.71151e-05
2.9058e-05
4.25458e-05
3.63058e-05
4.77884e-05
4.46532e-05
5.26257e-05
5.44423e-05
5.66231e-05
6.50156e-05
5.92484e-05
7.54311e-05
6.18789e-05
7.93094e-05
6.3313e-05
7.48361e-05
6.41747e-05
5.85605e-05
6.40961e-05
3.65317e-05
5.86615e-05
9.80753e-06
5.30036e-05
-3.73803e-05
4.80831e-05
-7.79807e-05
-0.000111465
4.37557e-05
5.24696e-07
-3.24401e-05
3.52123e-06
-6.5701e-06
9.63227e-06
-4.54611e-06
1.68268e-05
6.77558e-07
2.36101e-05
8.38127e-06
2.99602e-05
1.58506e-05
3.58866e-05
2.31235e-05
4.16212e-05
3.0546e-05
4.74112e-05
3.88524e-05
5.33114e-05
4.84995e-05
5.89943e-05
5.92811e-05
6.38131e-05
7.06028e-05
6.8735e-05
7.4432e-05
7.22585e-05
7.13419e-05
7.493e-05
5.58631e-05
7.66297e-05
3.48146e-05
7.43401e-05
1.21093e-05
6.93297e-05
-3.23625e-05
6.36582e-05
-7.23337e-05
-0.000105386
5.75463e-05
-8.60405e-08
-3.23481e-05
2.33238e-06
-8.89529e-06
7.52108e-06
-9.73883e-06
1.4101e-05
-5.95912e-06
2.06348e-05
1.87003e-06
2.72106e-05
9.25029e-06
3.34709e-05
1.68286e-05
3.95269e-05
2.44544e-05
4.57224e-05
3.26301e-05
5.24307e-05
4.17557e-05
5.9515e-05
5.21986e-05
6.64701e-05
6.36819e-05
7.30028e-05
6.79259e-05
7.85472e-05
6.57653e-05
8.22823e-05
5.20908e-05
8.4651e-05
3.24743e-05
8.45471e-05
1.22377e-05
8.12037e-05
-2.90285e-05
7.59323e-05
-6.70898e-05
-9.81831e-05
6.86899e-05
-7.80695e-07
-3.1577e-05
8.32574e-07
-1.04655e-05
4.86371e-06
-1.37376e-05
1.04046e-05
-1.15729e-05
1.66222e-05
-4.36082e-06
2.3045e-05
2.79784e-06
2.95267e-05
1.02993e-05
3.58903e-05
1.80643e-05
4.23566e-05
2.61415e-05
4.96247e-05
3.44704e-05
5.79461e-05
4.38923e-05
6.67605e-05
5.48722e-05
7.46886e-05
5.99606e-05
8.21868e-05
5.82112e-05
8.73663e-05
4.69114e-05
9.05891e-05
2.92727e-05
9.18586e-05
1.09287e-05
8.96779e-05
-2.69463e-05
8.47428e-05
-6.22286e-05
-8.94222e-05
7.59557e-05
-1.51257e-06
-3.00716e-05
-1.01711e-06
-1.09849e-05
1.37808e-06
-1.60913e-05
5.55579e-06
-1.58023e-05
1.14816e-05
-1.03342e-05
1.73487e-05
-3.1043e-06
2.36528e-05
3.95539e-06
3.01113e-05
1.15794e-05
3.66706e-05
1.95382e-05
4.41586e-05
2.69485e-05
5.32026e-05
3.4836e-05
6.35149e-05
4.45225e-05
7.30908e-05
5.03274e-05
8.21312e-05
4.91695e-05
8.89542e-05
4.0108e-05
9.31386e-05
2.50299e-05
9.5528e-05
8.47122e-06
9.40747e-05
-2.54885e-05
8.82169e-05
-5.63241e-05
-7.79486e-05
7.67761e-05
-2.29159e-06
-2.77819e-05
-3.13613e-06
-1.02176e-05
-2.6923e-06
-1.6508e-05
-2.42125e-07
-1.8268e-05
4.73852e-06
-1.53637e-05
1.00357e-05
-8.46396e-06
1.54021e-05
-1.47441e-06
2.14059e-05
5.5143e-06
2.78091e-05
1.30723e-05
3.51631e-05
1.95709e-05
4.43883e-05
2.56126e-05
5.56877e-05
3.32169e-05
6.70162e-05
3.89965e-05
7.74583e-05
3.87542e-05
8.60123e-05
3.15651e-05
9.1654e-05
1.93687e-05
9.51084e-05
5.01915e-06
9.30591e-05
-2.34307e-05
8.43929e-05
-4.77224e-05
-6.27294e-05
6.90371e-05
-3.12474e-06
-2.46565e-05
-5.33773e-06
-8.07861e-06
-6.93294e-06
-1.48934e-05
-6.94415e-06
-1.82582e-05
-4.15676e-06
-1.81917e-05
5.84585e-07
-1.32859e-05
5.12501e-06
-6.12944e-06
9.61351e-06
9.50833e-07
1.51829e-05
7.52443e-06
2.17784e-05
1.30544e-05
3.04989e-05
1.69326e-05
4.20671e-05
2.16469e-05
5.46493e-05
2.64173e-05
6.64295e-05
2.69427e-05
7.6261e-05
2.1723e-05
8.2941e-05
1.27219e-05
8.65812e-05
1.45766e-06
8.23399e-05
-1.91303e-05
6.91543e-05
-3.45242e-05
-4.21233e-05
4.84803e-05
-3.86667e-06
-2.07839e-05
-7.1777e-06
-4.78131e-06
-1.05746e-05
-1.14633e-05
-1.34639e-05
-1.53829e-05
-1.45006e-05
-1.72202e-05
-1.19221e-05
-1.58988e-05
-6.98277e-06
-1.11123e-05
-2.75616e-06
-3.30287e-06
4.31179e-07
4.35604e-06
4.30944e-06
9.19857e-06
1.08907e-05
1.03583e-05
2.14229e-05
1.11765e-05
3.41369e-05
1.38025e-05
4.64038e-05
1.47076e-05
5.65124e-05
1.16655e-05
6.29366e-05
6.33711e-06
6.43164e-05
-1.87635e-08
5.47295e-05
-9.69676e-06
3.54535e-05
-1.5294e-05
-1.89115e-05
1.22867e-05
-4.50394e-06
-1.62654e-05
-8.20887e-06
-1.02929e-06
-1.2536e-05
-7.08004e-06
-1.75203e-05
-1.03685e-05
-2.23305e-05
-1.24637e-05
-2.53102e-05
-1.29695e-05
-2.51343e-05
-1.13524e-05
-2.13916e-05
-7.03682e-06
-1.61345e-05
-8.15675e-07
-1.22584e-05
5.39506e-06
-9.84075e-06
7.93199e-06
-3.92163e-06
5.23525e-06
6.20702e-06
3.67578e-06
1.64913e-05
4.50738e-06
2.42279e-05
4.0579e-06
2.71912e-05
3.54678e-06
2.26218e-05
4.57947e-06
6.93869e-06
5.84238e-06
-1.57256e-05
7.27795e-06
-7.20173e-06
-2.73678e-05
-5.08041e-06
-1.11605e-05
-8.10837e-06
2.07077e-06
-1.20566e-05
-3.07625e-06
-1.73994e-05
-4.95007e-06
-2.36954e-05
-6.15911e-06
-2.99238e-05
-6.75644e-06
-3.48813e-05
-6.44584e-06
-3.73998e-05
-4.52807e-06
-3.66423e-05
-1.53501e-06
-3.21727e-05
1.02797e-06
-2.64049e-05
2.28435e-06
-2.26382e-05
1.45271e-06
-2.05139e-05
1.36251e-06
-1.80546e-05
1.81621e-06
-1.66985e-05
2.45171e-06
-1.88254e-05
5.63127e-06
-2.62841e-05
1.22217e-05
-3.50549e-05
1.47228e-05
-3.8469e-05
1.0651e-05
-1.48229e-05
-3.09046e-05
-5.90563e-06
-5.21863e-06
-6.61797e-06
2.88964e-06
-9.15576e-06
-5.06472e-07
-1.28202e-05
-1.22156e-06
-1.7096e-05
-1.91703e-06
-2.14098e-05
-2.51052e-06
-2.51467e-05
-2.74516e-06
-2.71688e-05
-2.47618e-06
-2.73296e-05
-1.35363e-06
-2.60614e-05
-2.12987e-07
-2.55541e-05
1.86894e-06
-2.82041e-05
4.19521e-06
-3.25714e-05
5.82679e-06
-3.65159e-05
5.76549e-06
-3.86283e-05
4.33991e-06
-3.60454e-05
2.72491e-06
-2.84012e-05
4.63129e-06
-1.99373e-05
6.55964e-06
-1.4277e-05
5.20278e-06
-9.73984e-06
-1.92219e-05
-5.18704e-06
-2.2324e-06
-2.71423e-06
-3.93985e-06
-5.90661e-06
-8.44194e-06
-1.11612e-05
-1.35921e-05
-1.49292e-05
-1.5182e-05
-1.34292e-05
-9.41488e-06
-3.68824e-06
2.10352e-06
6.56296e-06
9.32678e-06
1.3929e-05
2.04884e-05
2.57186e-05
1.60403e-05
-1.83162e-05
-0.000130178
-1.56502e-05
-0.000152663
-1.36182e-05
-0.000174754
-1.20877e-05
-0.000198135
-1.06923e-05
-0.0002232
-9.40174e-06
-0.000249009
-8.23142e-06
-0.000276219
-7.21433e-06
-0.000306355
-6.27355e-06
-0.0003402
-5.37064e-06
-0.000377814
-4.52884e-06
-0.000419239
-3.78443e-06
-0.000464552
-3.14296e-06
-0.000514461
-2.59867e-06
-0.00056906
-2.12515e-06
-0.000629329
-1.70685e-06
-0.000696781
-1.39671e-06
-0.000761582
-6.15593e-07
-0.000866357
7.67863e-07
-0.000859221
-0.00119677
-1.56887e-05
-0.000132932
-1.31477e-05
-0.000155258
-1.13148e-05
-0.000176646
-9.9663e-06
-0.000199523
-8.70401e-06
-0.000224464
-7.56494e-06
-0.000250147
-6.61951e-06
-0.000277176
-5.81076e-06
-0.000307167
-5.06623e-06
-0.00034091
-4.34625e-06
-0.000378446
-3.67363e-06
-0.000419798
-3.07115e-06
-0.000465038
-2.56682e-06
-0.000514862
-2.1137e-06
-0.000569405
-1.76127e-06
-0.000629546
-1.38899e-06
-0.000697013
-1.14302e-06
-0.000761685
-3.68484e-07
-0.000867006
9.30107e-07
-0.000860443
-0.00119581
-1.23305e-05
-0.000135738
-9.81697e-06
-0.00015784
-8.12584e-06
-0.000178379
-6.98213e-06
-0.000200671
-5.94771e-06
-0.000225469
-5.08196e-06
-0.000250975
-4.43371e-06
-0.000277794
-3.91826e-06
-0.000307664
-3.45166e-06
-0.000341372
-2.99435e-06
-0.000378907
-2.56367e-06
-0.000420248
-2.1643e-06
-0.000465473
-1.84141e-06
-0.000515254
-1.50668e-06
-0.000569836
-1.31001e-06
-0.000629856
-9.85429e-07
-0.000697445
-9.05773e-07
-0.000761848
-3.14101e-07
-0.000867654
1.32814e-06
-0.000862096
-0.00119446
-7.67875e-06
-0.000138437
-5.35713e-06
-0.000160223
-4.01908e-06
-0.000179758
-3.29775e-06
-0.000201414
-2.69308e-06
-0.000226105
-2.25809e-06
-0.000251474
-2.01163e-06
-0.000278133
-1.86032e-06
-0.00030792
-1.715e-06
-0.000341618
-1.54236e-06
-0.000379176
-1.36954e-06
-0.000420541
-1.19038e-06
-0.000465798
-1.06145e-06
-0.00051553
-8.39799e-07
-0.000570177
-7.9038e-07
-0.000629997
-4.87192e-07
-0.000697832
-5.72463e-07
-0.000761867
-2.55615e-08
-0.000868309
2.27082e-06
-0.000864458
-0.00119225
-1.46909e-06
-0.000140763
3.81679e-07
-0.00016215
1.08545e-06
-0.000180536
1.12776e-06
-0.00020154
1.09292e-06
-0.000226168
9.41107e-07
-0.000251408
6.77319e-07
-0.000277906
3.91528e-07
-0.00030762
1.59441e-07
-0.000341339
4.97251e-09
-0.000378959
-1.00558e-07
-0.000420366
-1.41861e-07
-0.00046567
-2.05591e-07
-0.000515351
-1.00104e-07
-0.000570154
-2.22337e-07
-0.000629762
4.60545e-08
-0.000698048
-2.33414e-07
-0.000761607
2.20401e-07
-0.000868834
3.06769e-06
-0.000867285
-0.00118924
6.49952e-06
-0.000142249
7.42513e-06
-0.000163132
7.10933e-06
-0.000180274
6.21364e-06
-0.000200666
5.36559e-06
-0.000225295
4.49616e-06
-0.000250478
3.60817e-06
-0.000276942
2.79099e-06
-0.000306723
2.12515e-06
-0.000340581
1.6236e-06
-0.000378356
1.22877e-06
-0.000419892
9.45124e-07
-0.000465347
6.53333e-07
-0.000515043
6.20721e-07
-0.000570105
2.95592e-07
-0.000629436
5.37071e-07
-0.000698288
8.23184e-08
-0.000761131
5.77965e-07
-0.000869341
3.50324e-06
-0.000870186
-0.00118576
1.62553e-05
-0.000142325
1.56726e-05
-0.000162555
1.39205e-05
-0.000178507
1.18353e-05
-0.000198544
9.9766e-06
-0.000223406
8.22372e-06
-0.000248741
6.60116e-06
-0.00027539
5.19503e-06
-0.000305423
4.06432e-06
-0.000339565
3.19126e-06
-0.000377607
2.48838e-06
-0.000419353
1.95806e-06
-0.000465024
1.44244e-06
-0.000514739
1.29159e-06
-0.000570093
7.88075e-07
-0.000629044
1.02371e-06
-0.000698608
3.5199e-07
-0.000760487
8.21855e-07
-0.000869847
3.2867e-06
-0.000872713
-0.00118252
2.74988e-05
-0.000140379
2.47242e-05
-0.000159807
2.10353e-05
-0.000174851
1.74779e-05
-0.000195029
1.44505e-05
-0.000220437
1.17424e-05
-0.000246104
9.38161e-06
-0.000273104
7.40943e-06
-0.000303523
5.8361e-06
-0.000338042
4.60886e-06
-0.000376405
3.62238e-06
-0.000418378
2.88497e-06
-0.000464276
2.19745e-06
-0.000514016
1.93601e-06
-0.000569758
1.27318e-06
-0.000628294
1.53249e-06
-0.000698831
6.37404e-07
-0.000759575
1.14999e-06
-0.000870397
3.54347e-06
-0.000875187
-0.00117905
3.93364e-05
-0.000136011
3.38532e-05
-0.00015436
2.78479e-05
-0.000168862
2.27027e-05
-0.000189867
1.85078e-05
-0.000216197
1.48703e-05
-0.000242386
1.18215e-05
-0.000269941
9.34053e-06
-0.000300926
7.38043e-06
-0.000335965
5.85046e-06
-0.000374762
4.61874e-06
-0.000417057
3.68815e-06
-0.000463271
2.84988e-06
-0.000513076
2.48125e-06
-0.000569299
1.66082e-06
-0.000627372
1.96605e-06
-0.000699096
8.53752e-07
-0.000758446
1.46472e-06
-0.000871055
3.78691e-06
-0.000877571
-0.00117531
5.04775e-05
-0.000128949
4.19155e-05
-0.000145765
3.3477e-05
-0.000160368
2.69045e-05
-0.000183237
2.17232e-05
-0.000210985
1.72905e-05
-0.000237946
1.36719e-05
-0.000266317
1.07908e-05
-0.000298087
8.53069e-06
-0.00033382
6.76599e-06
-0.000373161
5.3517e-06
-0.000415826
4.28049e-06
-0.00046238
3.31834e-06
-0.000512227
2.86588e-06
-0.000568937
1.90856e-06
-0.000626452
2.25637e-06
-0.0006995
9.10529e-07
-0.000757131
1.53139e-06
-0.000871741
2.60275e-06
-0.000878688
-0.00117273
5.90628e-05
-0.000119339
4.73634e-05
-0.000134051
3.68602e-05
-0.000149842
2.93917e-05
-0.000175749
2.36091e-05
-0.000205203
1.86625e-05
-0.000233044
1.46715e-05
-0.000262372
1.15506e-05
-0.00029493
9.1518e-06
-0.000331295
7.29348e-06
-0.000371154
5.79985e-06
-0.000414215
4.67019e-06
-0.000461175
3.62821e-06
-0.000511137
3.11516e-06
-0.000568417
2.05274e-06
-0.000625375
2.41078e-06
-0.000699884
8.7591e-07
-0.000755605
1.43126e-06
-0.00087234
1.50937e-06
-0.000878779
-0.00117124
6.33562e-05
-0.000106712
4.86749e-05
-0.000119312
3.71446e-05
-0.000138223
2.96952e-05
-0.000168175
2.38476e-05
-0.00019923
1.88187e-05
-0.000227915
1.48168e-05
-0.000258358
1.16817e-05
-0.000291844
9.26662e-06
-0.00032893
7.39542e-06
-0.00036932
5.89178e-06
-0.000412736
4.77156e-06
-0.000460045
3.71236e-06
-0.000510068
3.18323e-06
-0.000567879
2.08918e-06
-0.000624243
2.44096e-06
-0.000700228
8.02291e-07
-0.000753954
1.5872e-06
-0.000873143
1.46792e-06
-0.000878658
-0.00116978
6.08676e-05
-9.08103e-05
4.42564e-05
-0.000102779
3.37354e-05
-0.000127845
2.74814e-05
-0.000162083
2.21854e-05
-0.000194112
1.75207e-05
-0.00022341
1.3876e-05
-0.000254828
1.10234e-05
-0.000289067
8.81021e-06
-0.000326766
7.07249e-06
-0.000367633
5.66299e-06
-0.000411366
4.62122e-06
-0.000458997
3.60287e-06
-0.000509071
3.08805e-06
-0.000567374
2.04592e-06
-0.000623165
2.41514e-06
-0.000700589
6.62712e-07
-0.000752205
1.76678e-06
-0.000874268
1.1874e-06
-0.000878076
-0.00116861
4.92442e-05
-7.11084e-05
3.33741e-05
-8.68711e-05
2.67545e-05
-0.000121096
2.28163e-05
-0.000157994
1.87346e-05
-0.000189921
1.49678e-05
-0.000219585
1.20258e-05
-0.000251806
9.67856e-06
-0.0002866
7.83934e-06
-0.000324775
6.36456e-06
-0.000366047
5.13757e-06
-0.000410066
4.22839e-06
-0.000458006
3.31177e-06
-0.000508147
2.83338e-06
-0.000566897
1.91388e-06
-0.000622207
2.27152e-06
-0.000700944
4.31268e-07
-0.000750384
1.88541e-06
-0.000875748
7.05219e-07
-0.000876856
-0.00116789
2.73506e-05
-5.0096e-05
1.82129e-05
-7.7818e-05
1.78153e-05
-0.0001207
1.6458e-05
-0.000156595
1.39587e-05
-0.000187427
1.14865e-05
-0.00021717
9.49208e-06
-0.000249889
7.78547e-06
-0.000284987
6.41292e-06
-0.00032343
5.28909e-06
-0.000364933
4.31542e-06
-0.000409111
3.58396e-06
-0.000457259
2.83645e-06
-0.000507419
2.42075e-06
-0.000566507
1.6926e-06
-0.000621469
1.98075e-06
-0.000701257
1.12809e-07
-0.000748532
1.88925e-06
-0.000877554
3.4789e-08
-0.000874956
-0.00116782
1.99137e-07
-3.79383e-05
3.82767e-06
-8.13569e-05
8.85308e-06
-0.000125658
9.41236e-06
-0.000157073
8.56208e-06
-0.000186498
7.50755e-06
-0.000216002
6.53875e-06
-0.000248816
5.55761e-06
-0.00028399
4.70784e-06
-0.000322558
3.97567e-06
-0.0003642
3.28951e-06
-0.000408475
2.75331e-06
-0.000456765
2.20641e-06
-0.000506923
1.87011e-06
-0.000566221
1.40389e-06
-0.000621028
1.56961e-06
-0.000701478
-2.56371e-07
-0.000746698
1.79578e-06
-0.000879596
-1.05983e-06
-0.000872117
-0.00116887
-1.94743e-05
-4.57216e-05
-5.87107e-06
-9.48327e-05
1.02641e-06
-0.000132546
2.86849e-06
-0.00015897
3.45611e-06
-0.000187168
3.60167e-06
-0.000216176
3.47788e-06
-0.000248697
3.16815e-06
-0.000283717
2.82588e-06
-0.000322219
2.48646e-06
-0.000363872
2.10509e-06
-0.000408156
1.78057e-06
-0.000456506
1.43692e-06
-0.000506649
1.16258e-06
-0.000565993
1.01548e-06
-0.000620871
1.02982e-06
-0.000701519
-6.04585e-07
-0.000745069
1.55135e-06
-0.000881721
-2.84147e-06
-0.00086776
-0.00117173
-1.95245e-05
-5.71159e-05
-8.8235e-06
-0.000105473
-3.97213e-06
-0.000137351
-1.64656e-06
-0.000161227
-4.11393e-07
-0.000188374
3.5339e-07
-0.000216921
6.92737e-07
-0.00024905
8.5013e-07
-0.000283907
8.99359e-07
-0.000322283
9.01393e-07
-0.000363902
8.13306e-07
-0.000408141
6.9298e-07
-0.000456436
5.87184e-07
-0.000506589
2.73751e-07
-0.000565718
4.56371e-07
-0.000621036
3.04772e-08
-0.000701086
-6.51346e-07
-0.000744429
5.9428e-07
-0.000882965
-4.35151e-06
-0.000862836
-0.00117612
-1.09542e-05
-6.54156e-05
-6.45816e-06
-0.000110048
-4.14664e-06
-0.000139735
-3.42787e-06
-0.000161888
-2.52426e-06
-0.000189254
-1.87879e-06
-0.000217525
-1.35676e-06
-0.000249543
-1.02442e-06
-0.000284192
-7.87404e-07
-0.000322502
-6.20867e-07
-0.000364057
-4.69881e-07
-0.000408336
-4.9646e-07
-0.000456436
-2.6282e-07
-0.000506796
-8.17258e-07
-0.000565133
-1.46805e-07
-0.000621724
-2.49492e-06
-0.000698748
-4.82838e-07
-0.000746481
-3.41587e-06
-0.000880011
-4.76952e-06
-0.000861479
-0.00118094
8.59907e-06
-5.79636e-05
3.69527e-06
-0.000105071
-1.97679e-07
-0.000135863
-7.59784e-07
-0.000161237
-6.90417e-07
-0.000189338
-3.03435e-07
-0.000217878
-3.30697e-07
-0.000249481
-4.94728e-07
-0.000283943
-8.17564e-07
-0.000322214
-1.08255e-06
-0.000363808
-1.13227e-06
-0.000408258
-1.24077e-06
-0.000456302
-9.99686e-07
-0.000507041
-1.56209e-06
-0.00056453
-7.85859e-07
-0.000622539
-3.64115e-06
-0.000695899
-8.26163e-07
-0.000749368
-6.7011e-06
-0.00087414
-1.16567e-05
-0.000856501
-0.00119262
2.30834e-06
-6.02869e-05
8.52123e-07
-0.000103594
1.02461e-06
-0.000136029
5.77121e-07
-0.000160764
5.82972e-07
-0.000189338
3.36151e-07
-0.000217607
1.35899e-07
-0.000249267
-1.63163e-07
-0.000283621
-4.0493e-07
-0.000321967
-6.08702e-07
-0.000363605
-6.83972e-07
-0.000408168
-7.61964e-07
-0.000456204
-6.34618e-07
-0.000507182
-7.95949e-07
-0.000564366
-3.56997e-07
-0.000622965
-1.06596e-06
-0.000695166
2.67733e-07
-0.000750718
-1.79595e-06
-0.000872099
2.00768e-06
-0.000860297
-0.00119062
2.47958e-06
-6.27665e-05
9.53225e-07
-0.000102053
1.17949e-06
-0.000136258
7.56252e-07
-0.000160335
7.88429e-07
-0.000189366
5.49989e-07
-0.00021736
3.48565e-07
-0.000249066
4.33625e-08
-0.000283311
-2.09592e-07
-0.000321714
-4.28286e-07
-0.000363384
-5.20688e-07
-0.000408075
-6.18224e-07
-0.000456105
-5.08713e-07
-0.000507292
-6.91959e-07
-0.000564179
-2.69544e-07
-0.000623394
-1.03751e-06
-0.000694395
2.95441e-07
-0.000752048
-1.85819e-06
-0.000869944
1.90085e-06
-0.000864054
-0.00118872
2.37219e-06
-6.51398e-05
1.11455e-06
-0.000100782
1.35261e-06
-0.000136497
1.00491e-06
-0.000159982
1.0448e-06
-0.000189402
8.15398e-07
-0.000217123
6.0046e-07
-0.000248853
2.85554e-07
-0.000282991
1.53792e-08
-0.000321446
-2.22116e-07
-0.000363146
-3.37766e-07
-0.000407958
-4.56792e-07
-0.000455984
-3.7419e-07
-0.000507377
-5.75229e-07
-0.000563974
-1.87665e-07
-0.000623788
-9.69419e-07
-0.000693608
3.23531e-07
-0.000753339
-1.84949e-06
-0.000867769
1.72349e-06
-0.000867624
-0.001187
2.2738e-06
-6.74152e-05
1.31389e-06
-9.98084e-05
1.57587e-06
-0.000136759
1.29966e-06
-0.000159702
1.33516e-06
-0.000189435
1.10599e-06
-0.000216887
8.71911e-07
-0.000248621
5.4499e-07
-0.000282659
2.56324e-07
-0.00032116
-1.60833e-09
-0.000362887
-1.4298e-07
-0.000407815
-2.8568e-07
-0.000455838
-2.32704e-07
-0.000507434
-4.52651e-07
-0.00056375
-1.03017e-07
-0.000624144
-8.94734e-07
-0.00069281
3.68786e-07
-0.000754601
-1.82811e-06
-0.00086557
1.58093e-06
-0.000871027
-0.00118542
2.2046e-06
-6.96215e-05
1.53447e-06
-9.91241e-05
1.82192e-06
-0.000137048
1.61036e-06
-0.000159487
1.63321e-06
-0.000189456
1.39826e-06
-0.000216647
1.14324e-06
-0.000248368
8.0519e-07
-0.000282317
5.0003e-07
-0.000320855
2.22963e-07
-0.000362608
5.5756e-08
-0.000407648
-1.1082e-07
-0.000455669
-8.85708e-08
-0.000507462
-3.27126e-07
-0.000563507
-1.72938e-08
-0.000624459
-8.13115e-07
-0.000692008
4.2391e-07
-0.000755836
-1.80306e-06
-0.000863342
1.46784e-06
-0.00087429
-0.00118395
2.17187e-06
-7.17956e-05
1.77352e-06
-9.87119e-05
2.08444e-06
-0.000137364
1.92961e-06
-0.000159332
1.93276e-06
-0.00018946
1.68644e-06
-0.000216397
1.40954e-06
-0.000248094
1.06196e-06
-0.000281966
7.43083e-07
-0.000320535
4.48895e-07
-0.000362311
2.56379e-07
-0.000407456
6.62082e-08
-0.000455476
5.70618e-08
-0.000507459
-1.99498e-07
-0.000563245
6.97837e-08
-0.000624734
-7.26482e-07
-0.000691204
4.82903e-07
-0.000757043
-1.77822e-06
-0.000861081
1.38444e-06
-0.000877444
-0.00118257
2.17555e-06
-7.39748e-05
2.02933e-06
-9.85527e-05
2.36012e-06
-0.000137703
2.25234e-06
-0.000159226
2.22893e-06
-0.000189439
1.96574e-06
-0.000216134
1.66659e-06
-0.000247796
1.31164e-06
-0.00028161
9.82483e-07
-0.000320202
6.7373e-07
-0.000361998
4.56941e-07
-0.000407242
2.43851e-07
-0.000455261
2.03032e-07
-0.000507425
-7.066e-08
-0.000562966
1.57601e-07
-0.000624968
-6.36717e-07
-0.000690404
5.43609e-07
-0.000758221
-1.75635e-06
-0.000858781
1.32889e-06
-0.000880519
-0.00118124
2.21303e-06
-7.6194e-05
2.29953e-06
-9.86279e-05
2.64648e-06
-0.000138062
2.57478e-06
-0.000159159
2.51657e-06
-0.000189385
2.2311e-06
-0.00021585
1.90997e-06
-0.000247475
1.55047e-06
-0.00028125
1.21503e-06
-0.000319861
8.94803e-07
-0.000361672
6.5537e-07
-0.000407006
4.20474e-07
-0.000455024
3.48094e-07
-0.000507359
5.83212e-08
-0.00056267
2.45358e-07
-0.000625161
-5.44559e-07
-0.000689609
6.05235e-07
-0.000759367
-1.7374e-06
-0.000856438
1.30233e-06
-0.00088355
-0.00117994
2.27972e-06
-7.84829e-05
2.57962e-06
-9.89187e-05
2.93899e-06
-0.000138437
2.8906e-06
-0.000159119
2.78986e-06
-0.00018929
2.47728e-06
-0.000215542
2.13522e-06
-0.000247132
1.77462e-06
-0.00028089
1.43743e-06
-0.000319517
1.10933e-06
-0.000361337
8.49423e-07
-0.000406751
5.9433e-07
-0.000454768
4.90977e-07
-0.000507262
1.8644e-07
-0.00056236
3.32235e-07
-0.000625313
-4.50363e-07
-0.000688823
6.67123e-07
-0.000760482
-1.72141e-06
-0.000854049
1.30657e-06
-0.00088657
-0.00117863
2.37398e-06
-8.08685e-05
2.86747e-06
-9.94056e-05
3.23229e-06
-0.000138816
3.19298e-06
-0.000159091
3.04238e-06
-0.000189144
2.69892e-06
-0.000215204
2.33786e-06
-0.000246768
1.98028e-06
-0.000280535
1.64639e-06
-0.000319177
1.3145e-06
-0.000360997
1.03686e-06
-0.00040648
7.63609e-07
-0.000454493
6.30296e-07
-0.000507136
3.12771e-07
-0.000562037
4.17612e-07
-0.000625424
-3.5394e-07
-0.000688049
7.2868e-07
-0.000761562
-1.70789e-06
-0.00085161
1.34568e-06
-0.000889616
-0.00117728
2.49359e-06
-8.33749e-05
3.15989e-06
-0.000100068
3.52037e-06
-0.000139189
3.47475e-06
-0.000159058
3.26732e-06
-0.00018894
2.89063e-06
-0.000214835
2.51357e-06
-0.000246388
2.16382e-06
-0.000280189
1.83865e-06
-0.000318847
1.50748e-06
-0.000360659
1.21542e-06
-0.000406194
9.26463e-07
-0.000454203
7.64642e-07
-0.000506981
4.36297e-07
-0.000561705
5.0368e-07
-0.000625497
-2.52644e-07
-0.000687292
7.89299e-07
-0.000762601
-1.69582e-06
-0.000849121
1.42514e-06
-0.000892731
-0.00117585
2.63854e-06
-8.60258e-05
3.45287e-06
-0.000100882
3.79621e-06
-0.000139539
3.72829e-06
-0.000159006
3.45756e-06
-0.00018867
3.04722e-06
-0.000214434
2.65834e-06
-0.000245996
2.32185e-06
-0.000279856
2.01114e-06
-0.000318534
1.68549e-06
-0.000360327
1.3828e-06
-0.000405898
1.08106e-06
-0.000453901
8.92722e-07
-0.000506801
5.56661e-07
-0.000561367
5.90386e-07
-0.000625536
-1.43611e-07
-0.000686558
8.53083e-07
-0.000763596
-1.68458e-06
-0.000846579
1.54747e-06
-0.000895958
-0.00117431
2.80642e-06
-8.88425e-05
3.7403e-06
-0.000101818
4.0506e-06
-0.000139851
3.94426e-06
-0.000158917
3.60585e-06
-0.000188331
3.16399e-06
-0.000214002
2.76875e-06
-0.000245596
2.45135e-06
-0.000279543
2.16095e-06
-0.000318243
1.84589e-06
-0.000360006
1.53678e-06
-0.000405595
1.22561e-06
-0.000453588
1.0132e-06
-0.000506596
6.73027e-07
-0.000561026
6.74657e-07
-0.000625541
-3.07996e-08
-0.000685853
9.18816e-07
-0.000764545
-1.6737e-06
-0.000843982
1.71636e-06
-0.000899344
-0.00117259
2.99678e-06
-9.18466e-05
4.0162e-06
-0.000102842
4.27304e-06
-0.000140106
4.11279e-06
-0.000158777
3.70533e-06
-0.000187922
3.23696e-06
-0.000213545
2.84212e-06
-0.000245197
2.54993e-06
-0.000279254
2.28557e-06
-0.00031798
1.98624e-06
-0.000359703
1.67532e-06
-0.00040529
1.35841e-06
-0.00045327
1.12483e-06
-0.000506371
7.84367e-07
-0.000560688
7.54881e-07
-0.000625515
8.0926e-08
-0.000685178
9.82777e-07
-0.000765447
-1.66295e-06
-0.000841334
1.93586e-06
-0.000902939
-0.00117066
3.21058e-06
-9.50616e-05
4.27424e-06
-0.000103912
4.45249e-06
-0.000140281
4.22437e-06
-0.000158569
3.75003e-06
-0.000187446
3.26321e-06
-0.000213071
2.87679e-06
-0.000244807
2.61595e-06
-0.000278996
2.38302e-06
-0.00031775
2.10443e-06
-0.000359422
1.79652e-06
-0.000404988
1.47789e-06
-0.00045295
1.22653e-06
-0.000506128
8.89401e-07
-0.000560354
8.25434e-07
-0.000625453
1.86364e-07
-0.000684537
1.04475e-06
-0.000766307
-1.65348e-06
-0.000838637
2.20968e-06
-0.000906798
-0.00116845
3.44884e-06
-9.85131e-05
4.50674e-06
-0.000104977
4.5747e-06
-0.000140347
4.26791e-06
-0.000158282
3.7354e-06
-0.000186914
3.24122e-06
-0.00021259
2.87205e-06
-0.000244433
2.64854e-06
-0.000278775
2.45187e-06
-0.000317558
2.19875e-06
-0.000359167
1.89885e-06
-0.000404693
1.58276e-06
-0.000452632
1.31736e-06
-0.00050587
9.86001e-07
-0.000560028
8.88971e-07
-0.000625358
2.91907e-07
-0.000683938
1.10357e-06
-0.00076712
-1.64611e-06
-0.000835892
2.54022e-06
-0.000910982
-0.00116591
3.71346e-06
-0.000102228
4.70558e-06
-0.000105974
4.6269e-06
-0.000140267
4.23769e-06
-0.000157911
3.65914e-06
-0.000186337
3.17081e-06
-0.000212114
2.82763e-06
-0.000244086
2.64717e-06
-0.000278597
2.49114e-06
-0.000317407
2.26789e-06
-0.000358943
1.98095e-06
-0.000404411
1.67199e-06
-0.000452322
1.39636e-06
-0.000505601
1.07441e-06
-0.000559712
9.43869e-07
-0.000625231
3.98708e-07
-0.000683391
1.15012e-06
-0.000767873
-1.64116e-06
-0.000833108
2.92643e-06
-0.000915549
-0.00116298
4.01209e-06
-0.000106241
4.86429e-06
-0.000106829
4.60204e-06
-0.000140001
4.13203e-06
-0.000157454
3.51982e-06
-0.000185727
3.05294e-06
-0.00021166
2.74498e-06
-0.000243774
2.61186e-06
-0.000278466
2.49967e-06
-0.0003173
2.31077e-06
-0.000358753
2.04158e-06
-0.000404146
1.74465e-06
-0.000452026
1.46246e-06
-0.000505324
1.15506e-06
-0.000559409
9.88295e-07
-0.000625067
4.9988e-07
-0.000682903
1.15897e-06
-0.000768531
-1.63958e-06
-0.000830318
3.36431e-06
-0.000920555
-0.00115962
4.36263e-06
-0.000110601
4.97143e-06
-0.000107439
4.48032e-06
-0.000139504
3.92988e-06
-0.000156911
3.30724e-06
-0.000185107
2.88636e-06
-0.000211249
2.62884e-06
-0.000243514
2.54587e-06
-0.000278386
2.47722e-06
-0.000317235
2.32578e-06
-0.0003586
2.07977e-06
-0.000403905
1.79908e-06
-0.000451747
1.51503e-06
-0.000505043
1.22494e-06
-0.000559121
1.02382e-06
-0.00062487
5.93825e-07
-0.000682476
1.16305e-06
-0.000769098
-1.63152e-06
-0.00082753
3.855e-06
-0.000926047
-0.00115576
4.49228e-06
-0.000115089
4.90888e-06
-0.000107865
4.12719e-06
-0.000138718
3.56827e-06
-0.00015635
2.99684e-06
-0.000184536
2.6826e-06
-0.000210941
2.50344e-06
-0.000243332
2.47324e-06
-0.000278358
2.43851e-06
-0.000317203
2.31999e-06
-0.000358479
2.09798e-06
-0.000403689
1.8383e-06
-0.000451495
1.55126e-06
-0.000504755
1.28331e-06
-0.000558847
1.03837e-06
-0.000624632
6.92938e-07
-0.000682144
1.11934e-06
-0.000769516
-1.49985e-06
-0.000824901
4.10452e-06
-0.000931668
-0.00115166
1.06323e-05
-8.21512e-05
-4.3562e-05
9.81245e-06
-0.000107015
2.91927e-06
-0.000131754
4.51388e-06
-0.000157998
5.08411e-06
-0.000185084
7.94241e-06
-0.000213845
9.83978e-06
-0.000245208
1.14167e-05
-0.000279906
1.17826e-05
-0.000317571
1.14416e-05
-0.000358181
1.00495e-05
-0.000402335
8.75898e-06
-0.000450211
6.20674e-06
-0.000502215
6.10451e-06
-0.000558757
1.45967e-06
-0.000619977
7.69608e-06
-0.00068837
-7.99436e-06
-0.000753856
2.0342e-05
-0.000853284
-3.36638e-05
-0.000877671
-0.00118532
2.74615e-06
-7.99803e-05
-4.83828e-06
1.92858e-06
-0.000106038
1.67427e-06
-0.00013143
1.83314e-06
-0.00015814
2.38901e-06
-0.000185608
3.15666e-06
-0.000214663
4.05766e-06
-0.000246141
4.97168e-06
-0.000280811
5.58009e-06
-0.000318232
5.82215e-06
-0.000358484
5.59563e-06
-0.00040214
5.09315e-06
-0.000449707
4.23137e-06
-0.000501357
3.60426e-06
-0.000558137
2.38872e-06
-0.000618751
2.61478e-06
-0.000688613
-5.39999e-07
-0.000750793
3.81083e-06
-0.000857806
-1.48335e-05
-0.000859151
-0.00120004
-9.00383e-06
-8.61317e-05
1.5197e-05
-5.51817e-06
-0.000109549
-2.88097e-06
-0.000134069
-1.09454e-06
-0.00015994
3.80844e-07
-0.000187089
1.62354e-06
-0.000215866
2.72831e-06
-0.000247229
3.58355e-06
-0.000281681
4.08817e-06
-0.00031878
4.2791e-06
-0.000358676
4.16806e-06
-0.000402017
3.79742e-06
-0.000449332
3.31921e-06
-0.00050085
2.74381e-06
-0.00055751
2.17962e-06
-0.000618155
1.46136e-06
-0.000687862
8.22571e-07
-0.000750098
-4.32279e-07
-0.00085651
-5.44746e-06
-0.000854064
-0.00120537
-1.65717e-05
-9.06997e-05
2.12268e-05
-1.29277e-05
-0.000113309
-9.6979e-06
-0.000137358
-6.93766e-06
-0.000162715
-4.57627e-06
-0.000189403
-2.60611e-06
-0.00021782
-9.22267e-07
-0.000248888
3.74768e-07
-0.000282983
1.27257e-06
-0.000319682
1.8406e-06
-0.000359219
2.09759e-06
-0.00040226
2.10485e-06
-0.00044934
1.98886e-06
-0.000500696
1.7686e-06
-0.000557235
1.44739e-06
-0.000617834
1.00227e-06
-0.000687441
6.11477e-07
-0.000749658
-7.78276e-08
-0.00085568
-1.08348e-06
-0.000852873
-0.00120641
-2.03319e-05
-9.51578e-05
2.4756e-05
-1.65256e-05
-0.00011718
-1.31568e-05
-0.00014076
-1.01394e-05
-0.000165682
-7.51057e-06
-0.00019199
-5.26789e-06
-0.00022006
-3.3812e-06
-0.000250752
-1.93446e-06
-0.000284432
-8.7213e-07
-0.000320746
-1.13423e-07
-0.00035997
3.73376e-07
-0.000402753
6.49367e-07
-0.000449624
8.02647e-07
-0.000500824
8.46317e-07
-0.00055723
8.04189e-07
-0.000617758
6.41268e-07
-0.000687314
5.72516e-07
-0.000749569
4.28855e-07
-0.000855423
6.73723e-07
-0.000852989
-0.00120578
-2.30862e-05
-9.92933e-05
2.71248e-05
-1.92905e-05
-0.000120982
-1.58589e-05
-0.000144188
-1.27766e-05
-0.000168742
-1.00345e-05
-0.000194704
-7.62491e-06
-0.000222454
-5.58929e-06
-0.000252796
-3.97964e-06
-0.000286053
-2.75571e-06
-0.000321987
-1.8332e-06
-0.000360932
-1.14459e-06
-0.000403492
-6.25675e-07
-0.00045018
-2.47508e-07
-0.000501247
6.63107e-09
-0.000557512
1.98204e-07
-0.00061795
2.97543e-07
-0.000687429
5.28586e-07
-0.000749771
7.22002e-07
-0.000855573
1.04269e-06
-0.00085331
-0.00120482
-2.47298e-05
-0.00010303
2.84292e-05
-2.11252e-05
-0.000124535
-1.77517e-05
-0.000147508
-1.47118e-05
-0.000171803
-1.19566e-05
-0.000197456
-9.50273e-06
-0.000224909
-7.41698e-06
-0.000254919
-5.72021e-06
-0.000287764
-4.38306e-06
-0.000323345
-3.32523e-06
-0.000362033
-2.47247e-06
-0.000404388
-1.76281e-06
-0.000450894
-1.18098e-06
-0.000501836
-7.59807e-07
-0.000558001
-3.65844e-07
-0.000618364
-4.42553e-08
-0.000687743
4.58168e-07
-0.00075021
7.85045e-07
-0.0008559
8.68296e-07
-0.000853461
-0.00120397
-2.5455e-05
-0.000106384
2.88521e-05
-2.21539e-05
-0.000127867
-1.89843e-05
-0.000150685
-1.60352e-05
-0.000174745
-1.33528e-05
-0.000200153
-1.09534e-05
-0.000227343
-8.86654e-06
-0.000257026
-7.13581e-06
-0.00028948
-5.736e-06
-0.00032474
-4.56814e-06
-0.000363206
-3.57556e-06
-0.000405399
-2.74693e-06
-0.00045176
-2.00985e-06
-0.000502552
-1.42781e-06
-0.000558603
-8.5707e-07
-0.000618919
-3.52302e-07
-0.000688194
3.61921e-07
-0.000750834
7.83723e-07
-0.000856334
1.1402e-06
-0.000853842
-0.00120276
-2.55377e-05
-0.000109441
2.86037e-05
-2.2519e-05
-0.000130915
-1.96087e-05
-0.000153647
-1.68291e-05
-0.000177516
-1.4279e-05
-0.000202717
-1.19846e-05
-0.00022967
-9.94478e-06
-0.000259043
-8.23484e-06
-0.00029115
-6.81595e-06
-0.000326143
-5.58109e-06
-0.000364421
-4.48174e-06
-0.000406467
-3.55051e-06
-0.000452719
-2.72745e-06
-0.000503407
-2.01069e-06
-0.000559322
-1.28421e-06
-0.000619604
-6.35964e-07
-0.000688779
2.28743e-07
-0.000751636
8.76462e-07
-0.000856998
1.75322e-06
-0.000854652
-0.00120091
-2.51227e-05
-0.000112155
2.7818e-05
-2.24171e-05
-0.000133659
-1.9737e-05
-0.000156319
-1.71984e-05
-0.00018007
-1.48176e-05
-0.000205095
-1.26427e-05
-0.000231838
-1.06897e-05
-0.000260938
-9.03683e-06
-0.000292753
-7.62275e-06
-0.00032754
-6.36256e-06
-0.00036569
-5.22421e-06
-0.000407629
-4.20836e-06
-0.000453771
-3.31815e-06
-0.000504379
-2.50113e-06
-0.000560163
-1.6599e-06
-0.000620429
-9.32606e-07
-0.000689496
-5.72434e-08
-0.000752513
7.07119e-07
-0.000857779
1.10596e-06
-0.000854934
-0.00119977
-2.43673e-05
-0.000114539
2.66915e-05
-2.19348e-05
-0.000136081
-1.95173e-05
-0.000158704
-1.72246e-05
-0.000182386
-1.50393e-05
-0.000207289
-1.30019e-05
-0.000233862
-1.11753e-05
-0.000262735
-9.6096e-06
-0.000294304
-8.21794e-06
-0.000328921
-6.94572e-06
-0.000366976
-5.79515e-06
-0.000408842
-4.72914e-06
-0.000454883
-3.77909e-06
-0.000505412
-2.89822e-06
-0.000561072
-1.99315e-06
-0.000621343
-1.25434e-06
-0.000690273
-4.31218e-07
-0.000753372
3.50699e-07
-0.000858556
2.04582e-07
-0.000854703
-0.00119961
-2.33353e-05
-0.000116589
2.53839e-05
-2.11813e-05
-0.000138193
-1.90717e-05
-0.000160839
-1.70021e-05
-0.000184482
-1.50149e-05
-0.000209306
-1.31293e-05
-0.000235734
-1.14395e-05
-0.000264402
-9.96408e-06
-0.000295759
-8.60875e-06
-0.000330236
-7.34559e-06
-0.000368217
-6.18943e-06
-0.000410027
-5.10239e-06
-0.000455984
-4.11084e-06
-0.000506439
-3.19897e-06
-0.000561981
-2.26319e-06
-0.000622276
-1.52508e-06
-0.000691038
-6.71044e-07
-0.000754225
2.07889e-07
-0.000859384
-9.95283e-08
-0.000854389
-0.00119975
-2.21301e-05
-0.000118323
2.39288e-05
-2.03157e-05
-0.000140048
-1.84707e-05
-0.000162743
-1.66066e-05
-0.000186369
-1.47906e-05
-0.000211129
-1.30597e-05
-0.000237422
-1.15014e-05
-0.000265899
-1.01088e-05
-0.000297076
-8.80108e-06
-0.000331452
-7.5684e-06
-0.00036938
-6.41494e-06
-0.000411139
-5.32414e-06
-0.000457022
-4.31596e-06
-0.000507417
-3.40189e-06
-0.000562851
-2.45866e-06
-0.000623181
-1.72337e-06
-0.000691753
-7.96741e-07
-0.000755086
2.16314e-07
-0.000860324
-1.07438e-07
-0.000854098
-0.00119983
-2.09365e-05
-0.000119791
2.23922e-05
-1.94149e-05
-0.000141659
-1.7752e-05
-0.00016441
-1.60726e-05
-0.000188041
-1.44003e-05
-0.000212749
-1.28148e-05
-0.000238934
-1.13796e-05
-0.000267246
-1.00617e-05
-0.000298274
-8.80385e-06
-0.000332585
-7.61172e-06
-0.000370488
-6.47749e-06
-0.000412214
-5.40187e-06
-0.000458037
-4.40315e-06
-0.000508389
-3.50967e-06
-0.000563719
-2.57564e-06
-0.000624085
-1.84105e-06
-0.000692453
-8.44936e-07
-0.000756007
1.83846e-07
-0.00086133
-3.86582e-07
-0.000853545
-0.00120018
-1.98687e-05
-0.000120968
2.09561e-05
-1.84856e-05
-0.000142998
-1.69709e-05
-0.000165861
-1.54388e-05
-0.000189535
-1.38917e-05
-0.000214229
-1.24243e-05
-0.000240325
-1.10879e-05
-0.000268507
-9.84447e-06
-0.000299439
-8.64528e-06
-0.000333718
-7.49732e-06
-0.000371613
-6.39534e-06
-0.000413312
-5.35177e-06
-0.000459078
-4.3808e-06
-0.000509395
-3.52228e-06
-0.000564623
-2.60728e-06
-0.000625023
-1.8751e-06
-0.000693193
-8.58621e-07
-0.000757018
2.59463e-08
-0.000862275
-6.57659e-07
-0.00085286
-0.00120085
-1.8984e-05
-0.000121898
1.99141e-05
-1.76102e-05
-0.000144195
-1.62086e-05
-0.000167215
-1.47467e-05
-0.000190956
-1.32838e-05
-0.000215654
-1.19124e-05
-0.000241676
-1.06587e-05
-0.000269745
-9.48616e-06
-0.000300598
-8.34329e-06
-0.000334846
-7.23517e-06
-0.000372725
-6.17383e-06
-0.000414395
-5.18059e-06
-0.000460106
-4.25233e-06
-0.00051039
-3.43087e-06
-0.000565518
-2.54152e-06
-0.000625945
-1.83229e-06
-0.000693919
-9.34428e-07
-0.000757969
-4.67409e-07
-0.000862818
5.34445e-07
-0.000853849
-0.00120036
-1.82735e-05
-0.000122913
1.94077e-05
-1.68545e-05
-0.000145493
-1.54825e-05
-0.000168561
-1.40495e-05
-0.000192357
-1.26668e-05
-0.000217038
-1.13461e-05
-0.000242998
-1.01184e-05
-0.00027096
-8.99671e-06
-0.00030169
-7.89633e-06
-0.000335901
-6.83224e-06
-0.000373754
-5.82575e-06
-0.000415393
-4.89405e-06
-0.000461046
-4.01662e-06
-0.000511282
-3.22438e-06
-0.000566303
-2.37598e-06
-0.000626767
-1.70003e-06
-0.000694594
-7.78714e-07
-0.000758932
-2.18189e-07
-0.000863375
1.23605e-06
-0.000855295
-0.00119914
-1.7763e-05
-0.0001242
1.91381e-05
-1.63539e-05
-0.000146816
-1.51749e-05
-0.000169683
-1.39231e-05
-0.000193554
-1.24244e-05
-0.000218492
-1.08815e-05
-0.000244487
-9.59583e-06
-0.000272175
-8.4549e-06
-0.000302736
-7.37623e-06
-0.000336869
-6.35054e-06
-0.000374691
-5.3919e-06
-0.000416303
-4.5056e-06
-0.000461893
-3.68111e-06
-0.000512081
-2.93361e-06
-0.000567004
-2.15185e-06
-0.000627495
-1.51664e-06
-0.000695231
-6.25198e-07
-0.000759837
-1.38737e-07
-0.000863806
1.17883e-06
-0.000856642
-0.00119794
-1.91089e-05
-0.00012535
2.03158e-05
-1.77516e-05
-0.000148058
-1.62058e-05
-0.000171126
-1.45389e-05
-0.000195129
-1.26566e-05
-0.000220283
-1.08396e-05
-0.000246206
-9.40521e-06
-0.000273504
-8.17465e-06
-0.000303871
-7.06755e-06
-0.000337891
-6.01779e-06
-0.000375679
-5.04032e-06
-0.000417265
-4.15852e-06
-0.000462762
-3.36334e-06
-0.000512864
-2.65859e-06
-0.000567703
-1.97272e-06
-0.000628198
-1.37317e-06
-0.000695882
-5.49085e-07
-0.00076067
3.22297e-07
-0.000864709
4.71087e-07
-0.000856889
-0.00119747
-2.06705e-05
2.28729e-05
-1.84519e-05
-1.6658e-05
-1.50302e-05
-1.33966e-05
-1.17941e-05
-1.02282e-05
-8.86105e-06
-7.63699e-06
-6.49214e-06
-5.4318e-06
-4.52119e-06
-3.74947e-06
-3.10153e-06
-2.52288e-06
-2.05997e-06
-1.59693e-06
-8.96931e-07
-2.14032e-08
-3.79422e-05
-5.46113e-06
-5.81728e-05
1.55209e-05
-6.65232e-05
2.36073e-05
-7.25198e-05
2.70649e-05
-7.77224e-05
2.98802e-05
-8.2188e-05
3.15972e-05
-8.60793e-05
3.22889e-05
-8.94621e-05
3.22451e-05
-9.25166e-05
3.15885e-05
-9.51701e-05
3.04541e-05
-9.74227e-05
2.89927e-05
-9.93413e-05
2.73305e-05
-0.000100954
2.54949e-05
-0.000102236
2.36154e-05
-0.000103146
2.19242e-05
-0.00010374
2.06712e-05
-0.000104344
2.0136e-05
-0.000105195
2.01095e-05
-0.000106141
2.14041e-05
2.45623e-05
-2.32201e-05
1.78082e-05
-3.98192e-05
3.21342e-05
-4.93343e-05
3.31435e-05
-5.66291e-05
3.42979e-05
-6.25014e-05
3.5672e-05
-6.72504e-05
3.63172e-05
-7.11695e-05
3.61967e-05
-7.44715e-05
3.55316e-05
-7.73398e-05
3.44325e-05
-7.97781e-05
3.28754e-05
-8.17845e-05
3.09744e-05
-8.34227e-05
2.89503e-05
-8.47014e-05
2.67405e-05
-8.55377e-05
2.44058e-05
-8.59017e-05
2.2282e-05
-8.59048e-05
2.07169e-05
-8.58188e-05
2.01554e-05
-8.60479e-05
2.04513e-05
-8.6392e-05
2.1794e-05
2.46824e-05
-1.24778e-05
3.03459e-05
-2.49001e-05
4.45253e-05
-3.50216e-05
4.3216e-05
-4.2772e-05
4.20593e-05
-4.88845e-05
4.17662e-05
-5.37192e-05
4.10794e-05
-5.75089e-05
3.99815e-05
-6.05384e-05
3.85404e-05
-6.30117e-05
3.68775e-05
-6.49837e-05
3.48469e-05
-6.64423e-05
3.2438e-05
-6.74582e-05
2.99267e-05
-6.80085e-05
2.72137e-05
-6.80178e-05
2.43661e-05
-6.75586e-05
2.1835e-05
-6.66811e-05
1.99137e-05
-6.55069e-05
1.90747e-05
-6.4634e-05
1.96326e-05
-6.40973e-05
2.12653e-05
2.32571e-05
-5.13142e-06
3.54585e-05
-1.45086e-05
5.38496e-05
-2.40099e-05
5.27529e-05
-3.16031e-05
4.96146e-05
-3.75964e-05
4.77174e-05
-4.23057e-05
4.57526e-05
-4.59156e-05
4.3622e-05
-4.87005e-05
4.12923e-05
-5.0769e-05
3.89235e-05
-5.222e-05
3.63013e-05
-5.30182e-05
3.32187e-05
-5.3151e-05
2.99974e-05
-5.25615e-05
2.65597e-05
-5.12798e-05
2.30453e-05
-4.95295e-05
2.00775e-05
-4.72966e-05
1.77392e-05
-4.45456e-05
1.63626e-05
-4.19237e-05
1.70216e-05
-3.98465e-05
1.92775e-05
2.0595e-05
-1.59969e-06
3.70959e-05
-8.14119e-06
6.03566e-05
-1.60946e-05
6.06561e-05
-2.30216e-05
5.64738e-05
-2.86735e-05
5.33767e-05
-3.33166e-05
5.03694e-05
-3.69858e-05
4.7265e-05
-3.98625e-05
4.41167e-05
-4.19419e-05
4.10237e-05
-4.33245e-05
3.77184e-05
-4.38969e-05
3.37583e-05
-4.34637e-05
2.94796e-05
-4.19055e-05
2.49252e-05
-3.93481e-05
2.0435e-05
-3.60346e-05
1.67847e-05
-3.1896e-05
1.36429e-05
-2.6983e-05
1.14561e-05
-2.13697e-05
1.14111e-05
-1.60825e-05
1.41364e-05
1.66582e-05
4.17684e-07
3.66781e-05
-3.70462e-06
6.44626e-05
-1.00887e-05
6.70269e-05
-1.60556e-05
6.24344e-05
-2.12214e-05
5.85373e-05
-2.5808e-05
5.49155e-05
-2.96963e-05
5.11479e-05
-3.30368e-05
4.7483e-05
-3.58217e-05
4.38552e-05
-3.80081e-05
3.98979e-05
-3.93024e-05
3.49837e-05
-3.93849e-05
2.94991e-05
-3.81188e-05
2.36263e-05
-3.52716e-05
1.75762e-05
-3.08541e-05
1.24097e-05
-2.46041e-05
7.42176e-06
-1.68982e-05
3.76309e-06
-8.01444e-06
2.51904e-06
8.56631e-07
5.3263e-06
9.17329e-06
1.99072e-06
3.46995e-05
-8.96535e-09
6.64552e-05
-4.86017e-06
7.18745e-05
-9.91938e-06
6.74812e-05
-1.45954e-05
6.32144e-05
-1.8749e-05
5.9078e-05
-2.25187e-05
5.49243e-05
-2.59976e-05
5.09961e-05
-2.92546e-05
4.71148e-05
-3.23092e-05
4.29148e-05
-3.49427e-05
3.75808e-05
-3.64176e-05
3.09705e-05
-3.62852e-05
2.34887e-05
-3.40365e-05
1.53422e-05
-2.97115e-05
8.07427e-06
-2.3207e-05
9.08079e-07
-1.48945e-05
-4.49531e-06
-5.22913e-06
-7.13754e-06
6.72616e-06
-6.64503e-06
-4.76711e-06
3.58323e-06
3.10983e-05
4.27598e-06
6.57511e-05
8.5639e-07
7.53145e-05
-3.63566e-06
7.19598e-05
-8.0058e-06
6.75664e-05
-1.19253e-05
6.3021e-05
-1.56667e-05
5.86444e-05
-1.90718e-05
5.44107e-05
-2.21069e-05
5.01386e-05
-2.45557e-05
4.53484e-05
-2.64244e-05
3.946e-05
-2.77958e-05
3.23539e-05
-2.80012e-05
2.36596e-05
-2.64969e-05
1.38141e-05
-2.27272e-05
4.26627e-06
-1.70054e-05
-4.80511e-06
-9.72137e-06
-1.17366e-05
-6.13238e-07
-1.62408e-05
1.14276e-05
-1.86829e-05
-1.88762e-05
4.4051e-06
2.6696e-05
8.22393e-06
6.19377e-05
7.54803e-06
7.59909e-05
4.23606e-06
7.52466e-05
4.10485e-07
7.13335e-05
-3.34025e-06
6.67668e-05
-6.94313e-06
6.22128e-05
-1.03014e-05
5.77411e-05
-1.33557e-05
5.31608e-05
-1.59078e-05
4.78879e-05
-1.74806e-05
4.10479e-05
-1.74654e-05
3.23362e-05
-1.5712e-05
2.18673e-05
-1.2967e-05
1.10011e-05
-8.46622e-06
-2.24452e-07
-2.44014e-06
-1.07741e-05
5.23013e-06
-1.94302e-05
1.43177e-05
-2.53541e-05
2.4414e-05
-2.87597e-05
-2.9464e-05
5.13145e-06
2.15736e-05
1.18862e-05
5.51555e-05
1.49691e-05
7.28368e-05
1.42326e-05
7.59225e-05
1.23878e-05
7.3111e-05
1.04146e-05
6.86981e-05
8.7178e-06
6.38887e-05
7.41784e-06
5.90026e-05
6.73585e-06
5.38148e-05
6.83985e-06
4.7787e-05
7.8151e-06
4.00856e-05
9.93869e-06
3.02028e-05
1.32073e-05
1.86135e-05
1.71628e-05
7.04186e-06
2.1534e-05
-4.55169e-06
2.59759e-05
-1.52051e-05
3.05596e-05
-2.40655e-05
3.55727e-05
-3.0383e-05
4.1197e-05
-3.43664e-05
-3.5758e-05
5.07604e-06
1.64822e-05
1.35877e-05
4.65735e-05
2.10175e-05
6.53126e-05
2.49035e-05
7.19595e-05
2.62282e-05
7.17656e-05
2.65227e-05
6.83698e-05
2.70431e-05
6.33574e-05
2.8183e-05
5.78276e-05
3.01512e-05
5.1827e-05
3.29596e-05
4.4978e-05
3.62751e-05
3.67633e-05
3.96485e-05
2.68247e-05
4.27183e-05
1.5574e-05
4.5758e-05
4.04629e-06
4.85052e-05
-7.28387e-06
5.08134e-05
-1.75589e-05
5.29546e-05
-2.62083e-05
5.49711e-05
-3.24188e-05
5.71369e-05
-3.65328e-05
-3.82549e-05
4.59393e-06
1.18581e-05
1.41354e-05
3.69629e-05
2.46107e-05
5.47824e-05
3.30255e-05
6.3474e-05
3.90022e-05
6.58021e-05
4.29943e-05
6.43784e-05
4.58024e-05
6.05406e-05
4.86675e-05
5.49341e-05
5.20743e-05
4.84054e-05
5.60287e-05
4.10207e-05
6.02171e-05
3.25829e-05
6.40841e-05
2.29977e-05
6.70996e-05
1.25659e-05
6.94238e-05
1.74412e-06
7.08639e-05
-8.7679e-06
7.14516e-05
-1.81985e-05
7.13821e-05
-2.61213e-05
7.09077e-05
-3.19488e-05
7.02623e-05
-3.59199e-05
-3.74918e-05
3.84385e-06
7.98499e-06
1.33096e-05
2.7471e-05
2.53236e-05
4.27692e-05
3.68595e-05
5.19024e-05
4.66707e-05
5.60135e-05
5.47899e-05
5.62697e-05
6.13323e-05
5.3975e-05
6.67304e-05
4.95199e-05
7.15956e-05
4.35462e-05
7.6215e-05
3.641e-05
8.05059e-05
2.83151e-05
8.40663e-05
1.94896e-05
8.64722e-05
1.01438e-05
8.77513e-05
4.55925e-07
8.78272e-05
-8.88882e-06
8.68242e-05
-1.72004e-05
8.47895e-05
-2.41137e-05
8.21962e-05
-2.93546e-05
7.92408e-05
-3.2967e-05
-3.41206e-05
3.02139e-06
4.94807e-06
1.15209e-05
1.89743e-05
2.33909e-05
3.09138e-05
3.62304e-05
3.90799e-05
4.85241e-05
4.37602e-05
5.94346e-05
4.53801e-05
6.88136e-05
4.45947e-05
7.66666e-05
4.16858e-05
8.32464e-05
3.69931e-05
8.87888e-05
3.08739e-05
9.33599e-05
2.37475e-05
9.6751e-05
1.61035e-05
9.86094e-05
8.24323e-06
9.89517e-05
9.58561e-08
9.7878e-05
-7.8168e-06
9.55194e-05
-1.48149e-05
9.20205e-05
-2.06368e-05
8.77873e-05
-2.51128e-05
8.31028e-05
-2.81916e-05
-2.87781e-05
2.30392e-06
2.65332e-06
9.45179e-06
1.18511e-05
2.00861e-05
2.03096e-05
3.2399e-05
2.68201e-05
4.50799e-05
3.11393e-05
5.72113e-05
3.32736e-05
6.83163e-05
3.35036e-05
7.79823e-05
3.20452e-05
8.59314e-05
2.90591e-05
9.21342e-05
2.46562e-05
9.67467e-05
1.91155e-05
9.99132e-05
1.29129e-05
0.000101565
6.56784e-06
0.000101523
1.65567e-07
9.98764e-05
-6.12069e-06
9.67875e-05
-1.17326e-05
9.26027e-05
-1.64329e-05
8.76247e-05
-2.0123e-05
8.21099e-05
-2.2625e-05
-2.24967e-05
1.83317e-06
8.39139e-07
7.74845e-06
5.95407e-06
1.68102e-05
1.13491e-05
2.75692e-05
1.61593e-05
3.89647e-05
1.98065e-05
5.02894e-05
2.19845e-05
6.10859e-05
2.27465e-05
7.09523e-05
2.22189e-05
7.95266e-05
2.05102e-05
8.6476e-05
1.77098e-05
9.16099e-05
1.39831e-05
9.48737e-05
9.63662e-06
9.63695e-05
5.05065e-06
9.61513e-05
3.804e-07
9.44086e-05
-4.36286e-06
9.13094e-05
-8.63861e-06
8.7163e-05
-1.22437e-05
8.22247e-05
-1.51379e-05
7.66399e-05
-1.70096e-05
-1.61182e-05
1.73225e-06
-8.68173e-07
6.7472e-06
9.67453e-07
1.43148e-05
3.86597e-06
2.31479e-05
7.37536e-06
3.24736e-05
1.04868e-05
4.18486e-05
1.26496e-05
5.09186e-05
1.37371e-05
5.93778e-05
1.38067e-05
6.69381e-05
1.29701e-05
7.33201e-05
1.13411e-05
7.83043e-05
9.05064e-06
8.17559e-05
6.26961e-06
8.3638e-05
3.24467e-06
8.38787e-05
1.57542e-07
8.25747e-05
-3.0711e-06
7.99843e-05
-5.97525e-06
7.62535e-05
-8.47834e-06
7.16392e-05
-1.05142e-05
6.624e-05
-1.1615e-05
-1.0111e-05
1.95017e-06
-2.79055e-06
6.56252e-06
-3.57559e-06
1.24956e-05
-2.06379e-06
1.89358e-05
9.51351e-07
2.55895e-05
3.84974e-06
3.23148e-05
5.94546e-06
3.90634e-05
6.98902e-06
4.55868e-05
7.25482e-06
5.16082e-05
6.88762e-06
5.68612e-05
6.00584e-06
6.11101e-05
4.73257e-06
6.41612e-05
3.184e-06
6.5914e-05
1.48919e-06
6.63383e-05
-2.76385e-07
6.53974e-05
-2.16286e-06
6.32956e-05
-3.84048e-06
6.01501e-05
-5.30953e-06
5.61078e-05
-6.49395e-06
5.12096e-05
-6.76499e-06
-4.96633e-06
5.69423e-07
-3.35099e-06
2.96181e-06
-5.94799e-06
6.04706e-06
-5.22149e-06
9.98673e-06
-3.00918e-06
1.48528e-05
-9.56873e-07
2.01828e-05
7.16814e-07
2.55785e-05
1.71555e-06
3.08399e-05
2.12948e-06
3.57411e-05
2.12001e-06
4.00319e-05
1.82097e-06
4.345e-05
1.36732e-06
4.57824e-05
8.43776e-07
4.69192e-05
3.24625e-07
4.6859e-05
-2.04803e-07
4.55396e-05
-8.23111e-07
4.3033e-05
-1.41783e-06
3.96858e-05
-1.96609e-06
3.56421e-05
-2.43365e-06
3.11604e-05
-2.27481e-06
-1.12665e-06
-3.3605e-06
-9.3202e-06
-1.45636e-05
-1.75756e-05
-1.85334e-05
-1.78436e-05
-1.61827e-05
-1.4113e-05
-1.2034e-05
-1.02289e-05
-8.86752e-06
-8.03922e-06
-7.73904e-06
-7.95246e-06
-8.75927e-06
-1.021e-05
-1.21782e-05
-1.46276e-05
-1.68851e-05
)
;

boundaryField
{
    right
    {
        type            cyclic;
        value           nonuniform List<scalar> 
40
(
0.00119742
0.000857652
0.000865393
0.000761084
0.00069625
0.000628743
0.000568409
0.000513752
0.000463765
0.000418369
0.000376893
0.000339245
0.000305357
0.000275093
0.000247752
0.000221852
0.000196715
0.000172865
0.00015012
0.00012745
0.000107617
8.66072e-05
6.28877e-05
3.74029e-05
1.22315e-05
-8.38415e-06
-2.06391e-05
-2.54388e-05
-3.49204e-05
-4.73962e-05
-5.96824e-05
-6.94803e-05
-7.55331e-05
-7.76601e-05
-7.57924e-05
-7.01582e-05
-6.02259e-05
-4.58441e-05
-2.7589e-05
1.81817e-05
)
;
    }
    left
    {
        type            cyclic;
        value           nonuniform List<scalar> 
40
(
-0.00119742
-0.000857652
-0.000865393
-0.000761084
-0.00069625
-0.000628743
-0.000568409
-0.000513752
-0.000463765
-0.000418369
-0.000376893
-0.000339245
-0.000305357
-0.000275093
-0.000247752
-0.000221852
-0.000196715
-0.000172865
-0.00015012
-0.00012745
-0.000107617
-8.66072e-05
-6.28877e-05
-3.74029e-05
-1.22315e-05
8.38415e-06
2.06391e-05
2.54388e-05
3.49204e-05
4.73962e-05
5.96824e-05
6.94803e-05
7.55331e-05
7.76601e-05
7.57924e-05
7.01582e-05
6.02259e-05
4.58441e-05
2.7589e-05
-1.81817e-05
)
;
    }
    outerWall
    {
        type            calculated;
        value           uniform 0;
    }
    stirrerWall
    {
        type            calculated;
        value           uniform 0;
    }
    top
    {
        type            empty;
        value           nonuniform List<scalar> 0();
    }
    bottom
    {
        type            empty;
        value           nonuniform List<scalar> 0();
    }
}


// ************************************************************************* //
