/*--------------------------------*- C++ -*----------------------------------*\
  =========                 |
  \\      /  F ield         | OpenFOAM: The Open Source CFD Toolbox
   \\    /   O peration     | Website:  https://openfoam.org
    \\  /    A nd           | Version:  10
     \\/     M anipulation  |
\*---------------------------------------------------------------------------*/
FoamFile
{
    format      ascii;
    class       volVectorField;
    location    "700";
    object      U;
}
// * * * * * * * * * * * * * * * * * * * * * * * * * * * * * * * * * * * * * //

dimensions      [0 1 -1 0 0 0 0];

internalField   nonuniform List<vector> 
2000
(
(4.38211 40.487 -7.96647e-18)
(-1.64918 50.993 4.20343e-17)
(0.766339 57.1333 -2.58816e-17)
(1.70984 62.5742 0)
(2.87171 67.345 0)
(4.14849 71.4199 5.34207e-16)
(5.24192 74.929 -6.03657e-16)
(5.92901 77.8627 -6.88931e-16)
(6.04025 80.19 8.07549e-16)
(5.50291 81.9463 9.82218e-16)
(4.33011 83.3157 1.25189e-15)
(2.56958 84.6489 0)
(0.15812 86.4618 2.36864e-15)
(-1.92326 88.8013 2.79814e-15)
(-3.61949 89.3415 3.02014e-15)
(-4.55712 88.773 2.64365e-15)
(-5.11941 87.5974 -2.15683e-15)
(-5.28611 86.3691 8.94369e-16)
(-5.09122 85.4104 7.90763e-16)
(-4.70176 84.9389 3.01175e-15)
(2.97167 40.5995 -4.01668e-17)
(-4.2238 50.5329 4.40073e-17)
(-2.59938 56.4314 -3.96941e-16)
(-2.17899 61.4452 -1.21509e-15)
(-1.04727 65.9693 2.14752e-16)
(0.302778 70.0553 -2.34286e-15)
(1.46293 73.8121 1.22617e-15)
(2.19447 77.1847 2.14839e-15)
(2.3482 80.0385 8.09237e-16)
(1.87932 82.3633 9.6731e-16)
(0.810027 84.2952 -2.37713e-15)
(-0.800131 86.15 -1.50403e-15)
(-2.68951 88.3292 -1.9729e-15)
(-4.46815 90.4059 -2.18999e-15)
(-6.47024 90.6285 -7.94958e-15)
(-7.62985 89.5685 -2.97801e-15)
(-8.0282 87.9665 6.383e-15)
(-8.09961 86.3016 -5.31047e-15)
(-7.86178 85.0144 0)
(-7.47081 84.3435 -4.42432e-15)
(1.46485 40.6358 3.65478e-17)
(-4.98513 50.3365 -2.94675e-16)
(-3.54776 56.141 4.2784e-16)
(-3.2841 60.8578 1.14967e-15)
(-2.53919 65.2074 2.01006e-15)
(-1.62044 69.2959 5.28197e-16)
(-0.828544 73.1868 1.30462e-15)
(-0.341653 76.8433 -2.1272e-15)
(-0.322689 80.1117 -1.64967e-15)
(-0.853878 82.9124 -1.92606e-15)
(-1.94461 85.3439 2.33484e-15)
(-3.621 87.7011 0)
(-5.18748 90.2903 -6.73307e-15)
(-7.0629 92.2157 0)
(-9.21225 91.8722 0)
(-10.4025 90.3386 0)
(-10.7354 88.1302 4.47671e-15)
(-10.7606 86.0602 -6.95526e-15)
(-10.5128 84.5173 0)
(-10.114 83.6782 2.91377e-15)
(-0.127403 40.3242 -4.78837e-17)
(-6.16035 49.6477 7.51331e-16)
(-4.6524 55.4399 0)
(-4.34359 59.969 2.11525e-15)
(-3.85196 64.2024 6.93423e-16)
(-3.28207 68.2968 2.51736e-16)
(-2.83745 72.3029 -1.1896e-17)
(-2.61372 76.208 4.26749e-15)
(-2.7518 79.8643 0)
(-3.37192 83.1175 1.72767e-15)
(-4.54032 86.0331 2.05985e-15)
(-6.2372 88.8124 5.24314e-15)
(-7.65146 91.6846 5.9346e-15)
(-9.69909 93.4715 1.37524e-14)
(-11.6325 92.9588 -8.55023e-15)
(-12.7762 91.2177 -3.6871e-16)
(-13.1597 88.3374 1.69838e-14)
(-13.1596 85.8523 7.08407e-15)
(-12.929 84.0179 6.24579e-15)
(-12.5254 82.9664 5.77613e-15)
(-1.71168 39.8365 0)
(-7.68128 48.698 -1.36992e-15)
(-6.11718 54.5066 -7.58356e-16)
(-5.70807 58.973 -2.64099e-15)
(-5.36022 63.1561 -3.25669e-15)
(-5.0098 67.2584 1.06908e-15)
(-4.80792 71.3495 -2.68933e-15)
(-4.82173 75.4382 -4.27468e-15)
(-5.12317 79.4108 -1.49478e-15)
(-5.82576 83.0891 2.11773e-16)
(-7.07886 86.4858 -3.84751e-15)
(-8.68476 89.7076 -4.72647e-15)
(-10.0599 92.8098 -5.3361e-15)
(-12.0586 94.5152 -6.42938e-15)
(-13.7137 94.0087 0)
(-14.7182 92.3165 3.54462e-16)
(-15.1603 88.7341 2.34087e-16)
(-15.1812 85.77 -7.14452e-15)
(-15.0021 83.5878 -1.89398e-14)
(-14.6378 82.2765 5.52117e-15)
(-3.23996 39.2907 0)
(-9.3659 47.5792 7.14868e-16)
(-7.80631 53.3567 0)
(-7.31156 57.8484 1.71635e-15)
(-7.06027 62.0587 4.10295e-15)
(-6.86555 66.1916 0)
(-6.82671 70.3437 5.27086e-15)
(-7.04375 74.5554 8.66529e-15)
(-7.47229 78.7631 0)
(-8.25769 82.8299 -3.13757e-15)
(-9.55114 86.6728 7.90915e-15)
(-11.0562 90.2951 4.53235e-16)
(-12.4156 93.5806 5.44654e-15)
(-14.1067 95.3625 -6.02899e-15)
(-15.3564 95.017 0)
(-16.1815 93.4915 -2.6473e-14)
(-16.6685 89.4459 -9.62957e-15)
(-16.7782 85.9365 0)
(-16.7105 83.3404 1.28413e-14)
(-16.4289 81.7203 -2.28103e-14)
(-4.71883 38.7425 2.35884e-17)
(-11.1518 46.398 1.69803e-16)
(-9.6505 52.0246 -1.69045e-15)
(-9.08724 56.5448 -7.08686e-16)
(-8.87504 60.8518 -1.67022e-16)
(-8.84075 65.052 -2.67439e-15)
(-8.96945 69.2472 5.1329e-15)
(-9.31709 73.5353 -8.40659e-15)
(-9.84458 77.9146 -9.23523e-15)
(-10.6983 82.2984 6.11433e-15)
(-11.9678 86.523 -3.72057e-15)
(-13.4028 90.4992 -3.95861e-15)
(-14.7341 93.8836 4.1158e-15)
(-16.0908 95.7257 -1.12997e-14)
(-16.9678 95.8507 0)
(-17.3836 94.7867 5.64536e-14)
(-17.8104 90.6164 -4.37435e-14)
(-17.9933 86.4465 1.51174e-14)
(-18.0599 83.3902 1.3229e-14)
(-17.9032 81.418 2.49886e-16)
(-6.17348 38.2116 2.24253e-17)
(-12.9623 45.1596 -5.73379e-16)
(-11.5668 50.4996 2.4047e-15)
(-10.9964 55.0548 -2.76404e-15)
(-10.7978 59.4903 -4.32906e-15)
(-10.9134 63.7954 0)
(-11.2061 68.0396 -5.35087e-15)
(-11.6773 72.3703 0)
(-12.2743 76.8542 5.94889e-15)
(-13.1722 81.4548 0)
(-14.3874 85.9843 0)
(-15.765 90.2822 -4.96774e-16)
(-17.0093 93.7958 1.52975e-14)
(-18.1079 95.6644 1.02092e-14)
(-18.6652 95.8206 7.43504e-16)
(-18.7199 95.1957 -2.27113e-14)
(-19.23 92.397 0)
(-19.0947 87.4287 0)
(-19.1847 83.8362 1.36772e-14)
(-19.1548 81.4861 2.43081e-14)
(-7.62837 37.7108 -2.12388e-17)
(-14.683 43.9053 -1.18412e-15)
(-13.5299 48.7973 1.26735e-15)
(-13.0383 53.3807 -1.37193e-15)
(-12.8561 57.953 -2.45913e-15)
(-13.0793 62.3807 2.12953e-15)
(-13.5264 66.6899 2.84766e-15)
(-14.1091 71.0437 -2.50894e-15)
(-14.8067 75.569 0)
(-15.7242 80.2833 -6.1291e-15)
(-16.8767 85.027 5.52007e-15)
(-18.1655 89.627 -6.21392e-15)
(-19.2354 93.3326 0)
(-20.0246 95.427 2.59343e-16)
(-20.3249 95.6673 6.58636e-16)
(-20.0446 95.0126 1.77372e-14)
(-20.554 93.1626 -4.37869e-14)
(-20.075 88.3194 1.50822e-14)
(-20.2101 84.4958 -1.27115e-14)
(-20.3492 81.884 -1.11409e-14)
(-9.09438 37.2343 0)
(-16.319 42.7304 1.81399e-17)
(-15.3772 47.0643 -2.74045e-15)
(-15.2183 51.5137 1.89339e-16)
(-15.0498 56.198 0)
(-15.3574 60.7527 0)
(-15.9296 65.1493 -7.84016e-15)
(-16.6421 69.5272 2.45956e-15)
(-17.4416 74.048 -1.11146e-14)
(-18.3838 78.7803 -7.14508e-16)
(-19.4916 83.642 1.08789e-14)
(-20.6615 88.5595 -5.25322e-15)
(-21.5714 92.2211 5.0679e-16)
(-22.1085 94.717 7.50686e-16)
(-22.2723 95.1683 -9.36781e-15)
(-21.8842 94.8309 0)
(-22.1793 93.7391 -1.89337e-14)
(-21.365 89.1819 5.40298e-14)
(-21.4636 85.2848 -2.18489e-14)
(-21.7516 82.5741 1.00286e-14)
(-10.5753 36.7831 8.01751e-17)
(-17.9605 41.5919 1.29012e-15)
(-17.1252 45.3848 2.58992e-15)
(-17.3588 49.4967 1.68912e-15)
(-17.4341 54.2555 2.01363e-15)
(-17.774 58.8721 0)
(-18.4445 63.3576 2.49375e-15)
(-19.2794 67.7753 2.43034e-15)
(-20.1913 72.2676 -5.33311e-15)
(-21.1771 76.9416 1.03891e-14)
(-22.2362 81.8275 5.5173e-15)
(-23.264 86.8612 -5.31831e-15)
(-24.0601 90.6334 1.10163e-14)
(-24.4167 93.4881 6.44734e-15)
(-24.4785 94.2051 8.94542e-15)
(-24.1653 94.021 1.03476e-15)
(-24.4618 93.4256 -1.47796e-14)
(-23.3702 89.5708 -3.17056e-16)
(-23.3116 85.9386 -2.08346e-14)
(-23.6748 83.353 -1.02746e-14)
(-12.0939 36.3744 0)
(-19.6113 40.4715 -9.96686e-16)
(-19.0093 43.7584 9.24673e-16)
(-19.5253 47.4805 -2.07231e-15)
(-20.001 52.1497 4.88783e-15)
(-20.3365 56.7241 -2.2911e-15)
(-21.1229 61.2528 0)
(-22.0598 65.718 0)
(-23.0887 70.1859 5.39361e-15)
(-24.1412 74.7474 0)
(-25.1536 79.5646 1.21154e-16)
(-26.0406 84.6974 -9.45199e-15)
(-26.7447 88.6769 4.9588e-15)
(-26.9618 91.6982 -6.18208e-15)
(-26.9186 92.8761 0)
(-26.6809 93.0147 9.68776e-15)
(-26.998 92.8028 0)
(-25.8356 89.5329 -1.07538e-14)
(-25.6657 86.3025 -1.90671e-14)
(-26.2076 84.0573 1.69831e-14)
(-13.6369 36.0073 3.83296e-17)
(-21.296 39.4015 -1.39307e-15)
(-21.0422 42.2317 0)
(-21.9517 45.502 -3.34154e-15)
(-22.6569 49.7937 -1.98912e-15)
(-23.0797 54.3535 -2.48054e-15)
(-24.0218 58.7956 0)
(-25.0608 63.278 0)
(-26.2204 67.7283 5.08652e-15)
(-27.3587 72.1446 0)
(-28.3566 76.7903 4.98656e-15)
(-29.1175 81.8992 -4.29335e-15)
(-29.7212 86.165 -4.51054e-15)
(-29.833 89.3084 7.05273e-16)
(-29.7163 91.0403 -2.09624e-14)
(-29.5409 91.5884 7.64296e-15)
(-29.8636 91.6824 -1.12708e-14)
(-28.7825 88.9943 0)
(-28.6159 86.3077 -8.41108e-15)
(-29.7806 84.5986 2.52234e-14)
(-15.2139 35.695 -2.17437e-16)
(-23.0622 38.4282 2.6888e-15)
(-23.214 40.8195 -8.50742e-16)
(-24.521 43.5629 3.2292e-15)
(-25.5703 47.343 4.62837e-15)
(-26.1104 51.8605 -6.76485e-15)
(-27.2138 56.0052 1.25417e-14)
(-28.3966 60.3822 -1.17853e-14)
(-29.7108 64.7918 -5.66975e-16)
(-30.9463 69.0565 -5.45434e-15)
(-31.9546 73.443 1.36515e-14)
(-32.5991 78.3581 -8.67106e-15)
(-33.0652 82.8383 4.86145e-15)
(-33.1129 86.2682 0)
(-32.9248 88.4039 0)
(-32.7496 89.4859 0)
(-33.0321 89.9606 1.18233e-14)
(-32.2357 87.9651 3.12298e-16)
(-32.5994 85.9428 -7.57822e-15)
(-34.5213 84.8988 -8.35595e-15)
(-16.8239 35.4495 8.61906e-18)
(-24.9358 37.5702 -2.83263e-15)
(-25.519 39.5957 -1.27516e-15)
(-27.1881 41.7373 1.22951e-15)
(-28.7185 44.774 2.23611e-15)
(-29.6929 49.0448 -2.74665e-15)
(-30.7592 53.1833 0)
(-32.1246 57.1771 0)
(-33.6459 61.3693 0)
(-35.0342 65.4334 0)
(-36.0896 69.4732 -1.06067e-14)
(-36.6495 74.0429 1.48417e-14)
(-36.9654 78.5884 -4.46322e-15)
(-36.9489 82.2929 0)
(-36.7409 84.8338 0)
(-36.6205 86.4593 0)
(-36.9674 87.3261 1.87274e-14)
(-36.7805 86.1893 2.53024e-16)
(-38.0966 85.036 9.86296e-16)
(-41.0475 84.6991 0)
(-18.4735 35.2905 0)
(-26.8647 36.8381 5.90041e-15)
(-27.8269 38.6261 -1.30092e-15)
(-29.9027 40.2943 6.912e-15)
(-31.967 42.4961 -7.24121e-15)
(-33.7405 45.6414 0)
(-34.7947 49.8599 0)
(-35.9464 54.2071 1.74312e-14)
(-37.8435 57.9901 0)
(-39.5786 61.501 0)
(-40.8213 64.913 -1.21974e-14)
(-41.3774 68.8707 1.66853e-14)
(-41.5769 73.2251 -4.97445e-15)
(-41.5423 77.0905 -2.30708e-14)
(-41.4253 79.9871 -1.71983e-15)
(-41.5225 82.084 -1.849e-15)
(-42.2484 83.3466 3.36973e-14)
(-43.2378 83.2827 1.63596e-14)
(-46.1112 83.2201 0)
(-50.2647 83.6774 -2.09273e-14)
(-20.2063 35.1276 0)
(-28.7545 36.1936 -3.09002e-15)
(-29.9581 37.9196 4.67022e-15)
(-32.3504 39.3789 -4.11357e-15)
(-34.9356 41.065 5.35992e-15)
(-37.5665 43.2178 0)
(-39.7588 46.1521 0)
(-41.1795 49.8856 3.10035e-16)
(-42.4501 53.8821 -9.24809e-15)
(-43.9272 57.7134 8.83945e-15)
(-45.4663 60.6662 1.76159e-14)
(-46.5249 63.574 -1.52226e-14)
(-46.9294 67.2975 -2.86013e-14)
(-47.0967 71.0161 2.63058e-14)
(-47.3666 74.043 1.4372e-14)
(-48.1614 76.406 -1.88908e-14)
(-50.0222 78.4102 -1.43825e-15)
(-53.0285 79.8726 -2.06901e-14)
(-57.3 81.0562 -2.59872e-14)
(-61.3738 81.7849 6.66791e-14)
(-22.0868 34.9239 0)
(-30.4809 35.5626 3.26261e-15)
(-31.7311 37.4193 -5.01743e-15)
(-34.2267 38.9698 4.76675e-15)
(-37.0573 40.5331 1.7106e-15)
(-40.115 42.2731 0)
(-43.1994 44.4042 0)
(-45.9054 47.271 -5.66613e-15)
(-48.0823 50.3978 -7.36219e-16)
(-49.6665 53.6702 8.01186e-15)
(-50.4807 56.8131 0)
(-50.5174 59.3063 0)
(-51.439 61.9517 2.19548e-14)
(-53.1121 65.2334 -1.1755e-15)
(-54.7808 68.3936 2.55207e-14)
(-57.1258 71.3047 -2.59449e-14)
(-60.1408 74.1836 0)
(-63.6129 76.1795 0)
(-66.0999 78.6171 0)
(-65.0966 78.6211 0)
(-24.186 34.4987 2.62982e-16)
(-31.8225 34.8186 -6.99696e-15)
(-33.0092 36.9871 7.4419e-15)
(-35.3656 38.8382 -9.22981e-15)
(-37.9088 40.6081 -5.21003e-15)
(-40.5154 42.371 1.5579e-14)
(-43.1356 44.2514 0)
(-45.6034 46.4369 -1.26831e-14)
(-47.7407 49.1147 -7.96728e-15)
(-49.5018 51.7999 8.38007e-15)
(-51.2872 54.5932 3.09938e-14)
(-53.3555 57.3592 -3.34994e-14)
(-55.4113 59.6551 5.1293e-14)
(-57.3127 61.4473 -2.7131e-14)
(-59.413 63.4965 3.67528e-14)
(-61.713 66.3201 -7.9463e-14)
(-63.9104 70.5079 4.35681e-14)
(-65.4506 74.7208 -4.09005e-14)
(-66.0518 77.4172 0)
(-65.1178 75.9054 0)
(-26.9192 33.6996 0)
(-32.3722 34.4554 1.69551e-15)
(-33.4371 36.8528 -3.64271e-15)
(-35.5593 39.0495 0)
(-37.8976 41.1285 0)
(-40.4296 43.2561 -9.48547e-15)
(-43.2393 45.5906 -6.22233e-15)
(-46.2696 48.2718 5.96516e-15)
(-49.3932 51.3501 0)
(-52.4109 54.7725 0)
(-55.2867 58.3249 -1.94144e-14)
(-57.6094 61.9299 0)
(-59.3848 65.465 -2.87045e-14)
(-60.818 68.7892 -3.73607e-14)
(-62.1867 71.6584 7.57971e-14)
(-63.4384 73.9824 3.97961e-14)
(-64.5383 75.8471 0)
(-64.9957 77.5203 4.219e-14)
(-65.3646 79.0971 4.40883e-14)
(-66.7938 79.4155 -4.92151e-14)
(-4.23573 85.07 -1.37478e-15)
(-3.76055 85.8021 -2.31119e-17)
(-3.39076 86.9954 1.20759e-15)
(-3.18882 88.4536 -1.18508e-15)
(-3.0347 90.1549 1.08147e-15)
(-2.86223 92.2061 -1.06803e-15)
(-2.7093 94.5193 9.727e-16)
(-2.60213 96.9428 9.58358e-16)
(-2.5255 99.4284 -8.66659e-16)
(-2.46516 102.015 -1.67653e-15)
(-2.4109 104.745 -3.21593e-15)
(-2.37984 107.653 1.47831e-15)
(-2.35575 110.717 0)
(-2.35628 113.978 0)
(-2.40101 117.397 -2.66986e-15)
(-2.26432 120.915 0)
(-2.92979 125.324 0)
(-0.813343 127.582 1.15987e-15)
(-8.26752 138.33 -1.1213e-15)
(12.5345 127.012 3.71804e-15)
(-7.01606 84.415 -2.82927e-15)
(-6.57655 85.2132 -1.39609e-15)
(-6.28244 86.547 -4.79484e-17)
(-6.18517 88.0977 -2.32387e-15)
(-6.13129 89.8239 -4.48924e-15)
(-6.05346 91.8962 4.10573e-15)
(-6.01732 94.2388 7.84605e-17)
(-6.0287 96.6818 -3.67768e-15)
(-6.07185 99.1783 -3.54952e-15)
(-6.13128 101.774 -1.75349e-15)
(-6.19919 104.513 4.69632e-15)
(-6.29568 107.429 2.9613e-15)
(-6.39579 110.502 8.62752e-15)
(-6.5381 113.767 0)
(-6.70434 117.192 8.00912e-15)
(-6.73161 120.715 -5.23608e-15)
(-7.52645 125.105 9.68791e-15)
(-5.5498 127.404 4.63813e-15)
(-13.3268 137.833 -4.48662e-15)
(7.76037 127.437 -1.547e-19)
(-9.66768 83.6929 -5.61235e-15)
(-9.26006 84.5579 5.0877e-15)
(-9.03974 86.0304 1.23616e-14)
(-9.05487 87.6644 -2.23529e-15)
(-9.11146 89.4099 0)
(-9.14893 91.5064 -8.00966e-17)
(-9.2435 93.8755 3.89518e-15)
(-9.38785 96.3339 0)
(-9.56067 98.8365 3.5512e-15)
(-9.74968 101.433 -6.86803e-15)
(-9.94828 104.172 6.22216e-15)
(-10.1797 107.088 -6.05966e-15)
(-10.4095 110.161 1.44005e-16)
(-10.6984 113.419 -5.42927e-15)
(-10.9872 116.848 -5.33827e-15)
(-11.1831 120.36 0)
(-12.1071 124.737 -4.90543e-15)
(-10.2765 127.066 0)
(-18.3988 137.153 -9.1842e-15)
(3.0592 127.715 0)
(-12.1004 82.9012 9.68807e-17)
(-11.7534 83.8388 -5.07539e-15)
(-11.6452 85.4682 -9.82704e-15)
(-11.8104 87.1891 0)
(-12.0068 88.9473 -9.01016e-15)
(-12.1837 91.0601 4.04531e-15)
(-12.4259 93.4444 3.99154e-15)
(-12.7131 95.9046 7.55804e-15)
(-13.0215 98.3985 -7.13194e-15)
(-13.3432 100.982 6.88257e-15)
(-13.6738 103.709 2.9219e-16)
(-14.0411 106.612 -5.92834e-15)
(-14.4018 109.678 0)
(-14.8374 112.917 1.11459e-14)
(-15.2478 116.349 -1.09625e-14)
(-15.6128 119.833 -2.6772e-16)
(-16.6621 124.203 -1.00926e-14)
(-14.9791 126.552 9.0094e-15)
(-23.4112 136.246 9.77767e-15)
(-1.59036 127.864 3.15238e-16)
(-14.277 82.1083 2.20295e-14)
(-14.037 83.1242 -1.55416e-14)
(-14.0942 84.9217 4.75085e-15)
(-14.4543 86.7181 0)
(-14.8195 88.4672 0)
(-15.1583 90.5794 -8.62531e-15)
(-15.5648 92.9632 1.59001e-14)
(-16.0046 95.4115 -1.53325e-14)
(-16.4547 97.884 6.68644e-15)
(-16.9125 100.444 1.32042e-14)
(-17.377 103.148 1.30798e-14)
(-17.8796 106.027 -1.21597e-14)
(-18.3712 109.08 1.13498e-14)
(-18.9519 112.288 1.2735e-17)
(-19.4852 115.72 1.09769e-14)
(-20.0195 119.153 2.5726e-16)
(-21.1938 123.52 -1.0102e-14)
(-19.664 125.867 1.78696e-14)
(-28.3534 135.12 -1.83464e-14)
(-6.33128 127.89 -1.51016e-14)
(-16.181 81.4176 5.67467e-15)
(-16.1167 82.5016 -4.83167e-15)
(-16.4138 84.4579 1.91451e-16)
(-17.0141 86.302 0)
(-17.57 88.0145 0)
(-18.0878 90.1032 -1.73888e-14)
(-18.6714 92.4625 1.58508e-14)
(-19.2721 94.8763 3.08666e-14)
(-19.8678 97.3074 -2.12552e-14)
(-20.462 99.8257 -1.38619e-14)
(-21.0592 102.493 2.5654e-14)
(-21.6955 105.335 -4.8774e-14)
(-22.32 108.364 1.10975e-14)
(-23.0435 111.523 1.09085e-14)
(-23.7033 114.954 1.09935e-14)
(-24.4028 118.314 -9.96953e-15)
(-25.7021 122.689 0)
(-24.3321 125.01 1.85254e-14)
(-33.187 133.794 1.94785e-14)
(-11.213 127.771 1.57448e-14)
(-17.8368 80.9429 -1.1087e-14)
(-18.0362 82.0724 0)
(-18.6527 84.1513 2.07492e-14)
(-19.5289 85.9903 -1.88501e-14)
(-20.2907 87.6211 0)
(-21.0025 89.646 0)
(-21.771 91.9409 -8.15648e-15)
(-22.5334 94.2867 -3.07539e-14)
(-23.2719 96.6509 1.44669e-14)
(-23.9992 99.1077 0)
(-24.7267 101.723 0)
(-25.4928 104.511 1.22167e-14)
(-26.2492 107.508 -1.16694e-14)
(-27.1081 110.607 -1.11792e-14)
(-27.8966 114.038 -2.20233e-14)
(-28.7515 117.31 1.99503e-14)
(-30.1821 121.707 5.35488e-16)
(-28.9749 123.977 5.1034e-16)
(-37.9759 132.312 -1.82755e-14)
(-16.1399 127.455 -1.51608e-14)
(-19.3303 80.8081 -1.0868e-14)
(-19.892 81.939 -2.12741e-14)
(-20.9089 84.0518 -7.8747e-16)
(-22.0831 85.7936 2.8047e-14)
(-23.0533 87.2828 0)
(-23.96 89.1987 1.70752e-14)
(-24.9045 91.3905 -1.65735e-14)
(-25.8162 93.6387 1.46866e-14)
(-26.6854 95.9139 1.41535e-14)
(-27.5364 98.2931 -1.39398e-14)
(-28.3872 100.844 1.25955e-14)
(-29.2745 103.571 0)
(-30.1583 106.528 -2.39645e-14)
(-31.1412 109.556 4.48047e-14)
(-32.0637 112.988 -4.25098e-14)
(-33.0585 116.148 0)
(-34.6284 120.578 -1.76749e-17)
(-33.5741 122.77 -1.80996e-14)
(-42.7265 130.676 3.7312e-14)
(-20.9056 126.987 -4.51198e-14)
(-20.8297 81.0489 -4.01903e-16)
(-21.8363 82.1494 2.9835e-14)
(-23.3061 84.1894 -1.8998e-14)
(-24.7673 85.7181 -9.28525e-15)
(-25.9171 86.9987 1.76309e-14)
(-26.9983 88.7643 -3.41783e-14)
(-28.0975 90.8176 1.57939e-14)
(-29.1384 92.9404 0)
(-30.1207 95.1062 3.22927e-16)
(-31.0807 97.3926 -1.33087e-14)
(-32.0437 99.8665 -2.63626e-14)
(-33.0425 102.522 2.39106e-14)
(-34.0513 105.43 -2.39723e-14)
(-35.1449 108.376 2.23955e-14)
(-36.21 111.803 2.26138e-14)
(-37.3232 114.828 -1.99555e-14)
(-39.0455 119.301 5.98426e-14)
(-38.1218 121.391 -1.75875e-14)
(-47.3861 128.867 -3.63487e-14)
(-25.7761 126.323 -2.38782e-17)
(-22.5746 81.6581 -9.68838e-15)
(-24.0838 82.7188 3.8371e-14)
(-26.0136 84.5578 7.88259e-16)
(-27.6898 85.7281 -3.64351e-14)
(-28.9477 86.7308 -1.81982e-14)
(-30.1602 88.3074 3.3192e-14)
(-31.3764 90.1864 0)
(-32.5158 92.1556 1.55814e-14)
(-33.5861 94.1918 -2.84958e-14)
(-34.6362 96.3707 0)
(-35.6973 98.7579 -2.57665e-14)
(-36.7943 101.333 2.44928e-14)
(-37.9238 104.187 0)
(-39.1135 107.045 4.48066e-14)
(-40.3323 110.464 -2.15798e-14)
(-41.5373 113.342 0)
(-43.4358 117.872 -5.99609e-14)
(-42.6152 119.836 5.45293e-14)
(-51.959 126.942 3.68458e-14)
(-30.9658 125.307 5.98462e-14)
(-24.8488 82.5175 1.78412e-14)
(-26.8899 83.5645 9.55821e-15)
(-29.208 85.0477 -1.8173e-14)
(-30.9411 85.7099 -1.84167e-14)
(-32.1973 86.3928 3.46418e-14)
(-33.4793 87.7614 -3.31087e-14)
(-34.7615 89.4448 1.60077e-14)
(-35.9634 91.249 -3.11517e-14)
(-37.0927 93.1514 4.25818e-14)
(-38.2088 95.2208 2.78504e-14)
(-39.3493 97.5181 -2.51926e-14)
(-40.528 100.009 5.92168e-16)
(-41.7712 102.802 -2.28762e-14)
(-43.0403 105.569 -6.77959e-14)
(-44.4254 108.973 4.31917e-14)
(-45.6892 111.697 1.03932e-15)
(-47.7967 116.295 4.02127e-14)
(-47.0411 118.118 0)
(-56.541 124.935 -3.59878e-14)
(-35.9735 124.045 2.9858e-14)
(-27.8811 83.4946 0)
(-30.4907 84.5329 0)
(-33.0073 85.4583 -1.89821e-14)
(-34.548 85.5069 -8.36086e-16)
(-35.6802 85.8917 5.18682e-14)
(-36.9645 87.0664 -1.63608e-14)
(-38.2463 88.5538 1.67501e-14)
(-39.4657 90.1959 -2.9824e-14)
(-40.6255 91.9687 0)
(-41.7898 93.931 2.72625e-14)
(-42.9972 96.1393 2.58123e-14)
(-44.2449 98.5467 0)
(-45.5951 101.275 -2.40431e-14)
(-46.9259 103.951 4.43042e-14)
(-48.488 107.329 4.38175e-14)
(-49.7683 109.907 -1.8922e-14)
(-52.1234 114.549 -7.85471e-14)
(-51.3877 116.238 0)
(-61.0566 122.785 0)
(-40.7227 122.653 3.19633e-18)
(-31.9946 84.4208 -1.68386e-14)
(-35.1239 85.3332 0)
(-37.4174 85.4558 6.04485e-16)
(-38.4548 84.9041 1.89026e-14)
(-39.3675 85.0969 -3.44361e-14)
(-40.5991 86.1247 0)
(-41.8207 87.4417 1.60859e-14)
(-43.0158 88.9429 0)
(-44.1735 90.6023 0)
(-45.3635 92.4687 -2.73337e-14)
(-46.6229 94.5964 0)
(-47.9276 96.9269 2.51622e-14)
(-49.3807 99.5899 -7.0549e-14)
(-50.7584 102.185 4.49102e-14)
(-52.5091 105.524 -2.11386e-14)
(-53.764 107.975 8.18518e-14)
(-56.4119 112.642 0)
(-55.6475 114.18 -3.6118e-14)
(-65.4945 120.491 0)
(-45.4444 121.054 5.99227e-14)
(-37.5563 85.0641 0)
(-40.8997 85.5549 7.47006e-16)
(-42.2385 84.6707 1.35974e-15)
(-42.5329 83.7438 -5.52487e-14)
(-43.1942 83.9294 1.71691e-14)
(-44.3261 84.8806 -1.69504e-14)
(-45.4363 86.0797 -1.62579e-14)
(-46.5826 87.4797 3.15381e-14)
(-47.7188 89.0524 -2.83975e-14)
(-48.9186 90.8383 -5.55109e-14)
(-50.2177 92.8935 2.53324e-14)
(-51.5689 95.1523 2.46349e-14)
(-53.1194 97.7476 2.35553e-14)
(-54.5304 100.271 2.24859e-14)
(-56.4794 103.55 0)
(-57.6701 105.905 1.05254e-15)
(-60.6651 110.563 -7.89756e-14)
(-59.8079 111.943 -8.16357e-16)
(-69.8554 118.076 3.52777e-14)
(-50.1403 119.223 -6.00038e-14)
(-44.9488 85.0777 1.98184e-14)
(-47.389 84.6366 2.18261e-14)
(-46.8945 82.837 2.0471e-14)
(-46.5704 81.9881 -1.99418e-14)
(-47.0408 82.3576 1.70438e-14)
(-48.0557 83.2969 3.54146e-14)
(-49.0276 84.4411 -1.56003e-14)
(-50.1193 85.7824 -6.28843e-14)
(-51.2286 87.2985 -1.41068e-15)
(-52.4329 89.024 -1.31141e-15)
(-53.7662 91.0191 2.54173e-14)
(-55.1572 93.2154 -4.93918e-14)
(-56.801 95.7427 0)
(-58.2347 98.2076 2.36262e-14)
(-60.3873 101.403 -8.70291e-14)
(-61.4825 103.704 3.98805e-14)
(-64.8849 108.305 4.00825e-14)
(-63.8527 109.545 0)
(-74.1512 115.552 -3.61767e-14)
(-54.8003 117.148 0)
(-53.6334 83.8873 7.21438e-16)
(-53.1967 81.9444 8.34462e-16)
(-50.7589 80.0167 2.12318e-14)
(-50.4143 79.7227 -5.94312e-14)
(-50.7638 80.3887 5.41835e-14)
(-51.6853 81.3665 1.75915e-14)
(-52.5297 82.5241 -1.66634e-14)
(-53.5796 83.8465 3.06841e-14)
(-54.665 85.3364 2.88496e-14)
(-55.8757 87.0213 3.9038e-18)
(-57.2435 88.9685 0)
(-58.6733 91.1132 -5.97434e-16)
(-60.4097 93.5728 2.30907e-14)
(-61.8623 95.996 4.61973e-14)
(-64.2179 99.0764 2.18813e-15)
(-65.1959 101.378 -8.08186e-14)
(-69.0645 105.854 4.12701e-14)
(-67.7552 107.011 -7.08617e-14)
(-78.4002 112.896 3.62322e-14)
(-59.4156 114.816 0)
(-60.4829 80.3709 0)
(-56.7312 77.4239 -2.77527e-14)
(-53.7312 76.721 -2.20654e-14)
(-53.9865 77.1125 0)
(-54.2194 78.0969 5.75823e-14)
(-55.1223 79.143 -5.27104e-14)
(-55.889 80.3688 -6.84229e-14)
(-56.9308 81.6969 -8.32244e-16)
(-58.0072 83.1826 0)
(-59.2321 84.841 -5.64276e-19)
(-60.6375 86.7493 2.63009e-14)
(-62.1059 88.8518 0)
(-63.9341 91.242 4.86004e-14)
(-65.4086 93.6398 -9.03121e-14)
(-67.9609 96.5719 4.25304e-14)
(-68.8124 98.9334 -4.76318e-18)
(-73.1905 103.192 -4.02557e-14)
(-71.4827 104.354 3.58374e-14)
(-82.6316 110.097 -3.78032e-14)
(-63.9593 112.201 5.87344e-14)
(-61.7123 75.7911 0)
(-58.5165 73.1238 0)
(-56.2179 73.7496 -4.59845e-14)
(-57.1742 74.4266 8.23572e-14)
(-57.3471 75.6762 -7.61339e-14)
(-58.3264 76.7499 1.82608e-14)
(-59.0739 78.0459 6.86118e-14)
(-60.1433 79.372 3.30095e-14)
(-61.2341 80.8584 -2.94044e-14)
(-62.4864 82.4972 2.82188e-14)
(-63.9369 84.3713 -5.35666e-14)
(-65.4472 86.4412 2.43315e-14)
(-67.3665 88.7595 4.87084e-14)
(-68.871 91.1481 4.74414e-14)
(-71.6115 93.8987 -4.25432e-14)
(-72.352 96.3841 3.99437e-14)
(-77.2747 100.298 8.06746e-14)
(-75.0149 101.623 -3.48063e-14)
(-86.8885 107.211 0)
(-68.3726 109.228 0)
(-62.1822 73.7202 0)
(-60.2575 70.2431 2.5957e-14)
(-58.5263 71.6164 -2.16251e-14)
(-59.9623 71.9136 -4.33028e-14)
(-60.1965 73.3089 1.74893e-14)
(-61.2852 74.2857 3.60496e-14)
(-62.0644 75.6271 6.20274e-18)
(-63.1806 76.9229 0)
(-64.3142 78.3967 0)
(-65.6089 80.0032 5.71454e-14)
(-67.1191 81.8402 1.27369e-15)
(-68.682 83.8856 -4.9202e-14)
(-70.6979 86.1284 0)
(-72.2463 88.5289 -9.03386e-14)
(-75.1607 91.0688 4.4648e-14)
(-75.8432 93.7572 -1.21834e-13)
(-81.3874 97.0737 4.02192e-14)
(-78.373 98.9677 3.66352e-14)
(-91.3307 104.145 -7.36773e-14)
(-72.5606 105.696 5.823e-14)
(-61.6876 75.4325 -8.13285e-16)
(-61.7957 68.0442 -2.37105e-14)
(-60.227 69.952 -2.16214e-14)
(-62.2485 69.537 2.0687e-14)
(-62.4488 71.0624 3.91874e-14)
(-63.7411 71.9534 -3.47424e-14)
(-64.6836 73.3561 -3.33517e-14)
(-65.9336 74.5885 3.19452e-14)
(-67.1778 75.9945 -2.83522e-14)
(-68.5719 77.5182 -2.78651e-14)
(-70.1747 79.272 5.11405e-14)
(-71.8131 81.2739 5.82412e-16)
(-73.9312 83.4071 -4.7224e-14)
(-75.5527 85.8462 4.2938e-14)
(-78.5947 88.1185 0)
(-79.3266 91.1309 4.01271e-14)
(-85.2318 93.6022 1.15579e-15)
(-81.6629 96.6072 -3.40738e-14)
(-96.1352 100.632 0)
(-76.5648 101.377 -5.68814e-14)
(-59.8483 76.0673 2.38194e-14)
(-63.2533 68.5437 -4.5238e-17)
(-60.6831 70.1551 1.82081e-14)
(-62.7675 69.5925 -3.448e-14)
(-62.9162 70.8197 -5.15444e-16)
(-64.3553 71.5309 1.56295e-14)
(-65.4253 72.6926 4.55811e-16)
(-66.8981 73.7471 2.11441e-17)
(-68.333 74.9614 -2.51234e-14)
(-69.8974 76.3348 -2.3432e-14)
(-71.625 77.9383 6.7528e-16)
(-73.3716 79.8596 -2.07427e-14)
(-75.5498 81.8522 0)
(-77.2791 84.3282 7.53005e-14)
(-80.3378 86.3613 0)
(-81.2769 89.671 -3.48052e-14)
(-87.0361 91.4154 3.35558e-14)
(-83.7319 95.6519 3.0224e-14)
(-98.2465 97.7179 -4.70593e-16)
(-79.1241 100.052 3.4011e-16)
(-59.9607 75.5775 0)
(-63.6781 68.4376 1.59851e-14)
(-60.9221 69.9155 0)
(-63.0473 69.4265 1.40189e-14)
(-63.1462 70.6228 0)
(-64.6052 71.3625 -2.51858e-14)
(-65.6845 72.5151 3.8093e-16)
(-67.1742 73.5671 -3.396e-16)
(-68.6172 74.7601 2.07944e-14)
(-70.1923 76.1135 1.9362e-14)
(-71.9292 77.6901 -1.84332e-14)
(-73.6934 79.5964 3.46562e-14)
(-75.8781 81.5571 0)
(-77.6419 84.0408 -3.20747e-14)
(-80.686 86.0164 5.00295e-16)
(-81.7007 89.3907 2.55463e-17)
(-87.4239 90.9651 -4.3845e-16)
(-84.2106 95.437 -2.62177e-14)
(-98.6328 97.0462 -2.32751e-14)
(-79.646 99.7429 -1.87253e-14)
(-60.2173 74.8293 2.81071e-16)
(-64.0881 68.3292 -2.40793e-16)
(-61.1289 69.6716 0)
(-63.2638 69.286 1.45222e-14)
(-63.3191 70.4485 1.28117e-14)
(-64.8033 71.2156 2.48449e-14)
(-65.8991 72.3491 7.44402e-16)
(-67.4122 73.3955 1.77818e-17)
(-68.8693 74.5651 -3.17229e-16)
(-70.461 75.8969 -3.87803e-14)
(-72.2102 77.4436 8.56746e-18)
(-73.9957 79.3319 -3.46848e-14)
(-76.1879 81.2586 2.51947e-16)
(-77.9911 83.7456 -5.13166e-16)
(-81.0173 85.664 -3.06844e-14)
(-82.1222 89.0997 3.00274e-14)
(-87.7543 90.514 4.6298e-16)
(-84.7029 95.2206 -3.91414e-16)
(-98.9669 96.3643 2.35734e-14)
(-80.1881 99.4807 3.75578e-14)
(-60.5121 74.0553 0)
(-64.4369 68.2335 0)
(-61.3083 69.46 1.45714e-14)
(-63.4353 69.1832 -1.40949e-14)
(-63.4699 70.3031 -1.28022e-14)
(-64.9817 71.0902 -3.88118e-16)
(-66.1018 72.1977 -2.34826e-14)
(-67.6391 73.2355 -7.0026e-16)
(-69.1118 74.3804 3.17825e-16)
(-70.7211 75.6895 1.94216e-14)
(-72.4841 77.2052 3.63474e-14)
(-74.2926 79.073 7.11296e-18)
(-76.493 80.9652 1.65182e-14)
(-78.3382 83.452 0)
(-81.3445 85.3165 3.06608e-14)
(-82.5443 88.804 4.56869e-16)
(-88.0754 90.0735 2.8644e-14)
(-85.1951 95.0094 2.59724e-14)
(-99.2934 95.7014 3.84289e-16)
(-80.7054 99.2215 -1.88215e-14)
(-60.8034 73.2998 1.65571e-14)
(-64.7243 68.1285 -1.74072e-17)
(-61.4709 69.2573 2.21927e-16)
(-63.582 69.0909 -4.52379e-16)
(-63.615 70.1645 -1.28331e-14)
(-65.157 70.968 -1.26724e-14)
(-66.3067 72.0472 2.35308e-14)
(-67.8666 73.0759 3.41898e-16)
(-69.3542 74.1975 2.0899e-14)
(-70.9799 75.4847 0)
(-72.7562 76.9699 -1.81923e-14)
(-74.5881 78.816 3.44506e-14)
(-76.7959 80.6745 -1.65277e-14)
(-78.6845 83.1575 0)
(-81.6684 84.9725 -4.99942e-16)
(-82.9674 88.5031 -2.96384e-14)
(-88.3865 89.6437 -2.86229e-14)
(-85.6893 94.7933 -2.56115e-14)
(-99.6149 95.0527 -3.59493e-16)
(-81.1971 98.966 2.95981e-16)
(-61.0739 72.5732 -3.33692e-14)
(-64.956 68.0169 1.61756e-14)
(-61.6219 69.0618 -1.47735e-17)
(-63.7118 69.0047 2.13951e-16)
(-63.7604 70.03 2.64957e-14)
(-65.3348 70.8462 1.22796e-14)
(-66.5182 71.895 -2.31841e-14)
(-68.0983 72.9143 -3.42383e-16)
(-69.5992 74.0145 -2.09397e-14)
(-71.2396 75.2812 -3.11433e-16)
(-73.0282 76.737 2.77574e-16)
(-74.8836 78.5604 -1.7239e-14)
(-77.0979 80.3862 -1.62599e-14)
(-79.0311 82.8623 -2.44591e-16)
(-81.9899 84.6323 3.11352e-14)
(-83.3915 88.1978 3.01349e-14)
(-88.6886 89.2211 2.90296e-14)
(-86.189 94.5693 -3.9381e-16)
(-99.9308 94.4161 -2.36391e-14)
(-81.6646 98.7188 2.82464e-16)
(-61.3165 71.8736 1.62663e-14)
(-65.1367 67.8991 -1.62279e-14)
(-61.7618 68.8724 -2.90472e-14)
(-63.8301 68.922 0)
(-63.9097 69.8972 -4.2912e-18)
(-65.519 70.7215 -4.12322e-16)
(-66.739 71.7382 2.43418e-14)
(-68.3364 72.7479 3.60789e-16)
(-69.8487 73.8293 -3.19165e-16)
(-71.5017 75.0773 0)
(-73.3013 76.505 0)
(-75.18 78.3051 1.7243e-14)
(-77.3998 80.0997 1.65353e-14)
(-79.3782 82.5657 3.21345e-14)
(-82.3094 84.2952 -6.27785e-14)
(-83.8163 87.8874 4.58351e-16)
(-88.983 88.8044 -2.85481e-14)
(-86.6953 94.3378 0)
(-100.241 93.7867 2.78243e-17)
(-82.1082 98.483 -1.91731e-14)
(-61.5285 71.1958 1.60846e-14)
(-65.2714 67.7758 1.67454e-14)
(-61.8932 68.6878 1.45036e-14)
(-63.9388 68.8408 1.41702e-14)
(-64.0672 69.7633 -2.69547e-14)
(-65.7137 70.5909 -1.19306e-14)
(-66.9723 71.5738 1.91969e-17)
(-68.5834 72.5738 -2.28962e-14)
(-70.1044 73.6394 0)
(-71.7676 74.871 1.94939e-14)
(-73.5768 76.2725 -2.91529e-16)
(-75.4782 78.0492 -1.67184e-14)
(-77.7023 79.8141 -2.52213e-16)
(-79.7262 82.267 -8.96423e-18)
(-82.6276 83.961 3.11454e-14)
(-84.2415 87.5713 0)
(-89.2706 88.3932 0)
(-87.2085 94.0988 -2.62503e-14)
(-100.545 93.1633 2.69019e-17)
(-82.5278 98.262 -4.93313e-17)
(-61.7078 70.5338 -3.23997e-14)
(-65.3648 67.6432 -1.65007e-14)
(-62.0191 68.5063 -1.44666e-14)
(-64.0446 68.7583 -1.41766e-14)
(-64.2376 69.6252 2.65434e-14)
(-65.9235 70.4508 0)
(-67.2211 71.3986 0)
(-68.8416 72.3891 2.12705e-18)
(-70.3682 73.4421 0)
(-72.039 74.6603 -1.95015e-14)
(-73.8559 76.038 -1.79247e-14)
(-75.7793 77.7914 -1.75166e-14)
(-78.0062 79.5287 -1.68002e-14)
(-80.0758 81.9657 -6.41085e-14)
(-82.9448 83.6292 0)
(-84.6677 87.2492 0)
(-89.5512 87.9874 0)
(-87.7291 93.8521 2.63086e-14)
(-100.841 92.544 4.6096e-14)
(-82.9223 98.0594 1.94016e-14)
(-61.8527 69.8825 1.60417e-14)
(-65.4206 67.5047 0)
(-62.1435 68.3253 1.44448e-14)
(-64.1541 68.6709 4.53546e-16)
(-64.4265 69.4791 -1.36849e-14)
(-66.1528 70.2975 0)
(-67.4882 71.2095 0)
(-69.1132 72.1908 2.26057e-14)
(-70.6415 73.2349 3.36068e-16)
(-72.3172 74.443 -6.09046e-16)
(-74.14 75.7998 1.84931e-14)
(-76.084 77.5304 1.7256e-14)
(-78.3126 79.2424 1.65387e-14)
(-80.4271 81.661 3.16813e-14)
(-83.2618 83.2993 -2.52516e-17)
(-85.0953 86.9222 4.59855e-16)
(-89.8254 87.5872 0)
(-88.2575 93.5974 0)
(-101.127 91.9274 -2.29995e-14)
(-83.2902 97.8807 0)
(-61.9594 69.2381 1.57991e-14)
(-65.4426 67.361 0)
(-62.2716 68.1424 1.44e-14)
(-64.274 68.5752 -4.53368e-16)
(-64.6396 69.3206 -1.28834e-14)
(-66.4058 70.127 0)
(-67.7761 71.0027 0)
(-69.4001 71.9759 2.22722e-14)
(-70.9259 73.0149 -1.62758e-17)
(-72.6035 74.2168 6.08951e-16)
(-74.4303 75.5562 1.79263e-14)
(-76.3934 77.265 1.72458e-14)
(-78.622 78.9542 1.65284e-14)
(-80.7806 81.3522 3.27068e-14)
(-83.5787 82.9702 -4.74901e-16)
(-85.5196 86.5912 0)
(-90.0951 87.1945 0)
(-88.7945 93.3339 0)
(-101.4 91.3136 -2.29132e-14)
(-83.6307 97.7317 0)
(-62.023 68.6032 -3.12225e-14)
(-65.4361 67.2133 -1.63223e-14)
(-62.4095 67.9544 -1.43744e-14)
(-64.4113 68.467 -1.41485e-14)
(-64.883 69.1449 2.65981e-14)
(-66.6866 69.9351 0)
(-68.0873 70.7751 0)
(-69.7039 71.7415 1.33952e-17)
(-71.2226 72.7795 0)
(-72.8991 73.9794 -1.94911e-14)
(-74.7279 75.3053 -1.84858e-14)
(-76.7082 76.9939 -1.698e-14)
(-78.9353 78.663 -1.6265e-14)
(-81.1363 81.0387 -6.46489e-14)
(-83.8955 82.642 0)
(-85.9407 86.2554 0)
(-90.3544 86.8113 0)
(-89.3408 93.061 2.65329e-14)
(-101.656 90.7016 4.57496e-14)
(-83.9444 97.6152 2.00659e-14)
(-62.0388 67.9763 1.56695e-14)
(-65.4076 67.0601 1.60182e-14)
(-62.5644 67.7573 1.43368e-14)
(-64.5752 68.3405 1.41405e-14)
(-65.1629 68.9464 -2.62005e-14)
(-66.9988 69.7175 -1.36206e-14)
(-68.4232 70.5232 -1.94067e-17)
(-70.026 71.4848 -2.23146e-14)
(-71.5326 72.5262 0)
(-73.205 73.7287 1.91641e-14)
(-75.0338 75.0453 5.68073e-16)
(-77.0292 76.7156 -1.77623e-14)
(-79.2532 78.3676 2.51978e-16)
(-81.4946 80.7196 1.87561e-17)
(-84.2122 82.3143 3.11173e-14)
(-86.3621 85.9121 0)
(-90.6037 86.4375 0)
(-89.8975 92.778 -2.66003e-14)
(-101.891 90.0904 -3.59342e-17)
(-84.2324 97.5358 4.73393e-17)
(-62.0028 67.3583 1.53395e-14)
(-65.3637 66.903 -1.63507e-14)
(-62.7448 67.5466 -2.86227e-14)
(-64.7755 68.1888 0)
(-65.4851 68.719 -1.65965e-17)
(-67.345 69.4701 -1.69406e-17)
(-68.785 70.2444 2.46229e-14)
(-70.3669 71.2036 -7.08252e-16)
(-71.8569 72.2526 3.199e-16)
(-73.5222 73.4624 0)
(-75.3489 74.7745 2.90351e-16)
(-77.3571 76.4289 1.69525e-14)
(-79.5762 78.0672 1.65006e-14)
(-81.8555 80.3942 3.2205e-14)
(-84.5294 81.9865 -6.17298e-14)
(-86.7833 85.558 -4.61291e-16)
(-90.8477 86.072 -2.82935e-14)
(-90.4646 92.484 0)
(-102.103 89.4792 -3.95371e-17)
(-84.4962 97.497 -2.05749e-14)
(-61.9121 66.7514 -2.97412e-14)
(-65.3107 66.7451 1.62785e-14)
(-62.9605 67.3177 -4.1918e-18)
(-65.0208 68.0039 -2.13447e-16)
(-65.8544 68.4567 2.67161e-14)
(-67.7269 69.189 1.32632e-14)
(-69.1729 69.9363 -2.49904e-14)
(-70.7268 70.8962 3.45303e-16)
(-72.1958 71.957 -2.09765e-14)
(-73.8513 73.1787 3.10484e-16)
(-75.6739 74.4912 -2.76619e-16)
(-77.6924 76.1323 -1.71821e-14)
(-79.9049 77.7605 -1.67612e-14)
(-82.2192 80.0617 2.45031e-16)
(-84.8485 81.6583 3.11117e-14)
(-87.2123 85.1917 3.03789e-14)
(-91.0867 85.7153 2.78199e-14)
(-91.0419 92.1767 4.0184e-16)
(-102.287 88.8685 -2.23731e-14)
(-84.738 97.5004 -3.05081e-16)
(-61.7633 66.1573 1.4883e-14)
(-65.2571 66.5895 2.09778e-17)
(-63.2217 67.0644 -2.47872e-16)
(-65.3246 67.776 4.53397e-16)
(-66.274 68.1537 -1.37803e-14)
(-68.1447 68.871 -1.28954e-14)
(-69.586 69.5969 2.47288e-14)
(-71.1051 70.561 -3.46011e-16)
(-72.5493 71.6377 2.0949e-14)
(-74.1927 72.8758 0)
(-76.0093 74.1936 -1.80798e-14)
(-78.0352 75.8246 3.43179e-14)
(-80.2394 77.4467 -1.64635e-14)
(-82.5855 79.7213 0)
(-85.1707 81.3268 -4.99359e-16)
(-87.6392 84.8145 -2.99415e-14)
(-91.321 85.3673 -2.82258e-14)
(-91.6283 91.853 -2.72354e-14)
(-102.441 88.2591 3.52522e-16)
(-84.9619 97.5454 -3.31538e-16)
(-61.5448 65.5704 0)
(-65.2153 66.443 0)
(-63.5374 66.777 1.42754e-14)
(-65.6936 67.4978 -1.41732e-14)
(-66.7432 67.8047 -1.3434e-14)
(-68.5976 68.5138 -2.19123e-17)
(-70.0234 69.2249 -2.44733e-14)
(-71.5015 70.1974 3.65731e-16)
(-72.9176 71.2939 -3.20327e-16)
(-74.5467 72.5528 1.9324e-14)
(-76.3554 73.8807 3.60785e-14)
(-78.3861 75.5048 2.55378e-16)
(-80.5799 77.1247 1.62051e-14)
(-82.9549 79.3734 0)
(-85.4957 80.9911 3.15352e-14)
(-88.0666 84.4294 -4.61233e-16)
(-91.5467 85.0212 2.82121e-14)
(-92.2319 91.513 2.6896e-14)
(-102.556 87.6461 -3.80064e-16)
(-85.179 97.635 -2.15322e-14)
(-61.234 64.9783 -2.35627e-16)
(-65.1875 66.3076 2.29914e-16)
(-63.9135 66.447 0)
(-66.1245 67.1628 1.37048e-14)
(-67.258 67.402 1.38636e-14)
(-69.0808 68.1121 2.63885e-14)
(-70.4796 68.8172 -3.76211e-16)
(-71.9124 69.8027 -3.69105e-16)
(-73.2992 70.9224 3.23422e-16)
(-74.9122 72.2073 -3.87277e-14)
(-76.7113 73.5501 -2.3887e-17)
(-78.7448 75.1717 -3.38889e-14)
(-80.9261 76.7933 -2.50525e-16)
(-83.3283 79.0178 5.13357e-16)
(-85.8222 80.6504 -3.15123e-14)
(-88.498 84.0386 3.03616e-14)
(-91.7729 84.6668 -4.57655e-16)
(-92.8811 91.1685 4.04922e-16)
(-102.606 87.0125 2.25492e-14)
(-85.4136 97.7813 4.34944e-14)
(-60.8995 64.4398 0)
(-65.2042 66.2331 1.56855e-14)
(-64.4127 66.1034 0)
(-66.6568 66.7744 1.4241e-14)
(-67.842 66.9458 0)
(-69.5971 67.6612 -2.61775e-14)
(-70.9453 68.37 -3.97694e-16)
(-72.3224 69.3692 3.5489e-16)
(-73.6793 70.5115 2.11108e-14)
(-75.2771 71.8255 1.99685e-14)
(-77.0668 73.1913 -1.78358e-14)
(-79.1027 74.8161 3.38892e-14)
(-81.2734 76.4468 0)
(-83.7 78.6482 -3.20372e-14)
(-86.1504 80.3038 -4.98065e-16)
(-88.9244 83.6326 -5.17478e-17)
(-91.9976 84.31 4.30317e-16)
(-93.5323 90.813 -2.6615e-14)
(-102.588 86.36 -2.28773e-14)
(-85.6668 97.9553 -2.18437e-14)
(-61.0001 64.279 1.78012e-14)
(-65.4914 66.1184 6.96044e-17)
(-65.1924 65.6864 1.78955e-14)
(-67.3765 66.2745 -3.50172e-14)
(-68.5424 66.4236 5.29346e-16)
(-70.1589 67.171 1.5295e-14)
(-71.4188 67.9119 -4.73872e-16)
(-72.7257 68.9263 -2.00261e-17)
(-74.056 70.0846 -2.51688e-14)
(-75.6436 71.4216 -2.31906e-14)
(-77.4282 72.8143 -6.80069e-16)
(-79.4633 74.4454 -2.00326e-14)
(-81.6296 76.0927 0)
(-84.0697 78.2642 7.51493e-14)
(-86.4983 79.9594 0)
(-89.3252 83.1929 -3.52327e-14)
(-92.282 83.997 3.26391e-14)
(-94.077 90.366 3.18587e-14)
(-102.654 85.7961 4.51921e-16)
(-85.8276 97.9269 -3.76389e-16)
(-61.4065 58.6661 5.4257e-16)
(-67.202 60.9522 -2.15625e-14)
(-68.268 60.9337 -2.0051e-14)
(-69.8039 62.0909 1.96432e-14)
(-70.9046 63.1908 -3.809e-14)
(-72.1778 64.6639 3.43794e-14)
(-73.3653 66.0359 -3.2898e-14)
(-74.655 67.408 -3.1431e-14)
(-76.0704 68.7554 2.80773e-14)
(-77.689 70.1361 2.77147e-14)
(-79.4527 71.5102 -5.06022e-14)
(-81.4413 73.0486 4.6985e-14)
(-83.5854 74.6498 4.63247e-14)
(-85.9923 76.6177 -4.25465e-14)
(-88.4859 78.4343 4.29004e-14)
(-91.1868 81.1244 1.05245e-15)
(-94.3742 82.6652 -7.70605e-14)
(-95.8849 87.5571 3.4918e-14)
(-105.2 84.5577 0)
(-88.7006 96.0121 1.02638e-16)
(-72.153 60.0911 0)
(-72.136 59.5338 -2.54713e-14)
(-72.3631 59.4171 2.25956e-14)
(-72.8385 59.823 4.43647e-14)
(-73.5719 60.4769 2.20716e-14)
(-74.5533 61.3766 -3.65481e-14)
(-75.698 62.4276 4.14408e-17)
(-76.9542 63.5914 0)
(-78.3928 64.8847 0)
(-80.0622 66.2933 -6.16947e-16)
(-81.9389 67.7994 -1.23758e-15)
(-84.0022 69.4145 -6.10816e-16)
(-86.2555 71.1512 0)
(-88.6471 73.0153 -8.93882e-14)
(-91.3123 75.024 -4.40746e-14)
(-93.8279 77.2063 -4.21349e-14)
(-97.7143 79.5905 3.95814e-14)
(-98.1962 82.4581 -3.74162e-14)
(-110.417 82.9575 7.3141e-14)
(-89.5597 90.8553 1.45656e-15)
(-74.4933 54.6331 0)
(-74.3244 55.2713 0)
(-74.5556 55.867 4.90067e-14)
(-75.0603 56.5846 -8.76973e-14)
(-75.8709 57.4399 -9.55717e-16)
(-76.9258 58.4401 1.87119e-14)
(-78.1282 59.5178 6.92679e-14)
(-79.4424 60.6599 -3.28e-14)
(-80.9511 61.908 2.91722e-14)
(-82.6852 63.2609 2.784e-14)
(-84.6142 64.7043 -2.60638e-14)
(-86.7174 66.2511 0)
(-89.0107 67.9119 -4.78819e-14)
(-91.4365 69.7025 4.25226e-14)
(-94.1662 71.6191 4.19067e-14)
(-96.7194 73.7133 1.24274e-13)
(-100.729 75.9698 -7.94368e-14)
(-101.251 78.7351 3.55332e-14)
(-113.796 79.2974 0)
(-92.2479 87.4027 0)
(-76.542 50.7611 0)
(-76.5295 51.3661 -2.60142e-14)
(-76.7718 52.1009 -2.41944e-14)
(-77.28 52.9518 0)
(-78.0747 53.9108 -2.16134e-14)
(-79.1167 54.9693 1.81648e-14)
(-80.3202 56.0828 7.42224e-16)
(-81.6679 57.2521 -6.39096e-14)
(-83.2356 58.5208 0)
(-85.0362 59.8802 -3.76272e-17)
(-87.0317 61.3161 2.6144e-14)
(-89.1967 62.8391 0)
(-91.5489 64.46 -4.79921e-14)
(-94.0287 66.1953 8.96913e-14)
(-96.8201 68.0379 -4.19468e-14)
(-99.4296 70.0545 -3.57859e-17)
(-103.536 72.1866 -3.96995e-14)
(-104.125 74.9309 -8.65425e-16)
(-116.7 75.3345 7.47194e-14)
(-95.2125 83.9038 -5.86769e-14)
(-78.0143 47.0544 -5.27619e-14)
(-78.1456 47.7641 4.84881e-14)
(-78.4798 48.5774 2.31211e-14)
(-79.071 49.4957 2.2659e-14)
(-79.9424 50.5027 -1.93654e-14)
(-81.0546 51.5939 1.89323e-14)
(-82.3291 52.7248 -1.7546e-14)
(-83.7526 53.8968 9.79097e-14)
(-85.3941 55.1534 -2.93538e-14)
(-87.2612 56.4866 -3.21751e-17)
(-89.3173 57.8859 0)
(-91.5385 59.3634 4.98026e-14)
(-93.9448 60.9274 -2.28664e-14)
(-96.4806 62.5987 -4.60466e-14)
(-99.3293 64.3576 -2.24274e-15)
(-101.999 66.3055 -1.10609e-15)
(-106.173 68.2919 0)
(-106.861 71.0503 -3.65902e-14)
(-119.352 71.09 3.70291e-14)
(-98.2835 80.297 0)
(-79.2707 43.4415 2.47506e-14)
(-79.5148 44.2017 2.37352e-14)
(-79.9475 45.0692 2.24467e-14)
(-80.6345 46.0254 6.42122e-14)
(-81.5946 47.0533 -5.85367e-14)
(-82.7862 48.1574 -3.78556e-14)
(-84.1393 49.2934 5.12098e-14)
(-85.6447 50.4658 6.88354e-16)
(-87.3655 51.7078 1.33393e-15)
(-89.3036 53.0097 1.26004e-15)
(-91.4239 54.3684 -2.54842e-14)
(-93.7052 55.7969 -4.92614e-14)
(-96.1689 57.3008 0)
(-98.7651 58.9044 -6.85327e-14)
(-101.675 60.5772 8.62259e-14)
(-104.405 62.4507 -4.00189e-14)
(-108.641 64.2875 8.04024e-14)
(-109.423 67.0409 -3.55018e-14)
(-121.839 66.6949 -3.70428e-14)
(-101.315 76.5288 0)
(-80.3568 39.9666 0)
(-80.6994 40.7375 -4.65037e-14)
(-81.2291 41.6235 -9.61552e-16)
(-82.0097 42.5904 2.05568e-14)
(-83.0629 43.6188 -1.8972e-14)
(-84.3403 44.7144 -1.81997e-14)
(-85.7789 45.8382 -1.70328e-14)
(-87.3743 46.9971 -3.24996e-14)
(-89.1772 48.2122 2.90699e-14)
(-91.1849 49.4738 6.33765e-16)
(-93.3681 50.7839 -2.54365e-14)
(-95.7101 52.1555 2.46543e-14)
(-98.2306 53.5931 2.34786e-14)
(-100.886 55.1237 2.24827e-14)
(-103.856 56.7059 0)
(-106.65 58.5017 -8.32565e-14)
(-110.942 60.1818 -1.07006e-15)
(-111.821 62.9276 7.38399e-14)
(-124.191 62.1803 -3.61591e-14)
(-104.187 72.6568 3.59581e-18)
(-81.3005 36.6084 -2.29131e-14)
(-81.7206 37.3653 0)
(-82.3404 38.2354 -4.31616e-14)
(-83.2138 39.1885 1.93104e-14)
(-84.358 40.1992 -4.11098e-16)
(-85.7248 41.2689 0)
(-87.2535 42.367 1.67738e-14)
(-88.9414 43.4998 0)
(-90.8274 44.6765 0)
(-92.905 45.8893 -2.74994e-14)
(-95.1498 47.1434 0)
(-97.5523 48.4512 -2.52206e-14)
(-100.133 49.8156 2.34875e-14)
(-102.846 51.2683 -4.49522e-14)
(-105.873 52.7561 2.09905e-14)
(-108.733 54.469 8.216e-14)
(-113.074 55.9873 0)
(-114.056 58.7257 -3.64698e-14)
(-126.397 57.5479 0)
(-106.837 68.8168 3.60367e-18)
(-82.1219 33.3412 0)
(-82.6049 34.0678 0)
(-83.3052 34.9066 2.1473e-14)
(-84.2704 35.8285 8.4343e-16)
(-85.5035 36.8029 -1.87558e-14)
(-86.9584 37.833 1.72909e-14)
(-88.5778 38.8928 -5.03046e-14)
(-90.3574 39.9855 3.03114e-14)
(-92.3237 41.1114 0)
(-94.4687 42.2656 2.72926e-14)
(-96.774 43.4553 2.57917e-14)
(-99.2336 44.6928 0)
(-101.873 45.9774 2.4019e-14)
(-104.647 47.3467 5.63358e-16)
(-107.727 48.7351 -5.72855e-16)
(-110.652 50.3597 -6.32281e-14)
(-115.033 51.7147 -1.036e-15)
(-116.123 54.4408 0)
(-128.385 52.8191 0)
(-109.397 64.9002 -5.91637e-14)
(-82.8352 30.1469 2.25152e-14)
(-83.3768 30.8327 -1.09859e-14)
(-84.15 31.6315 0)
(-85.1979 32.5067 2.00488e-14)
(-86.5164 33.4299 -3.70835e-14)
(-88.0555 34.4099 -3.50754e-16)
(-89.7626 35.42 1.63845e-14)
(-91.6289 36.46 3.13435e-14)
(-93.6691 37.5242 -1.37782e-14)
(-95.877 38.6099 -2.77647e-14)
(-98.241 39.7262 2.50759e-14)
(-100.757 40.886 -4.9482e-14)
(-103.451 42.0853 2.27835e-14)
(-106.284 43.3669 -2.18196e-14)
(-109.416 44.6497 -4.30068e-14)
(-112.405 46.1798 -1.08268e-15)
(-116.82 47.3679 7.84984e-14)
(-118.019 50.0665 0)
(-130.21 48.0069 -3.66613e-14)
(-111.895 60.6934 2.9197e-14)
(-83.4643 27.0096 -1.15698e-14)
(-84.0548 27.6511 -4.79687e-16)
(-84.8925 28.4018 -8.84301e-16)
(-86.0128 29.2162 3.89218e-14)
(-87.4078 30.0785 -1.76436e-14)
(-89.025 30.9978 3.48491e-16)
(-90.8137 31.9469 -1.65867e-14)
(-92.7608 32.9224 -6.42381e-16)
(-94.8694 33.9157 -3.13186e-16)
(-97.1343 34.9258 0)
(-99.5516 35.9621 -2.55998e-14)
(-102.122 37.0384 2.4373e-14)
(-104.868 38.1479 0)
(-107.759 39.3368 4.46918e-14)
(-110.939 40.5075 -2.14584e-14)
(-113.992 41.9387 0)
(-118.446 42.957 -1.91746e-14)
(-119.75 45.6171 -5.48468e-14)
(-131.927 43.1142 1.09132e-13)
(-114.134 56.4383 9.34323e-19)
(-84.0195 23.9164 4.68047e-14)
(-84.6482 24.5135 -5.43304e-14)
(-85.5401 25.2033 2.00505e-14)
(-86.724 25.9481 -9.67162e-15)
(-88.1845 26.7431 1.8249e-14)
(-89.873 27.5939 3.42494e-16)
(-91.7371 28.4736 -1.58268e-14)
(-93.7581 29.3767 0)
(-95.9293 30.2921 -2.88381e-14)
(-98.2465 31.2202 1.31539e-14)
(-100.713 32.1715 0)
(-103.334 33.1594 0)
(-106.13 34.1744 0)
(-109.076 35.2649 -4.51817e-14)
(-112.299 36.3186 4.22854e-14)
(-115.416 37.6486 0)
(-119.904 38.495 1.91529e-14)
(-121.308 41.1131 1.76368e-14)
(-133.457 38.1785 -1.75772e-14)
(-116.135 52.1893 -1.39507e-14)
(-84.5042 20.8575 -1.12913e-14)
(-85.1617 21.4016 2.21931e-14)
(-86.0985 22.0233 8.40059e-16)
(-87.3362 22.6953 -9.23492e-15)
(-88.8532 23.4205 0)
(-90.6063 24.1986 1.71084e-14)
(-92.5404 25.003 1.64077e-14)
(-94.6283 25.8277 1.5744e-14)
(-96.855 26.6594 -1.39078e-14)
(-99.2195 27.4999 1.37338e-14)
(-101.73 28.3619 -1.24303e-14)
(-104.399 29.2568 0)
(-107.241 30.1727 2.37969e-14)
(-110.239 31.1586 -4.45522e-14)
(-113.5 32.0922 -5.50951e-16)
(-116.68 33.3182 0)
(-121.192 33.9858 8.32255e-19)
(-122.689 36.5605 -1.81443e-14)
(-134.803 33.2143 -7.82684e-16)
(-117.985 47.8942 -1.51873e-14)
(-84.9222 17.8156 -1.16632e-14)
(-85.5999 18.2989 0)
(-86.5727 18.8559 -2.08045e-14)
(-87.8537 19.455 1.88104e-14)
(-89.4196 20.1101 0)
(-91.2301 20.8127 0)
(-93.2277 21.5371 -8.01528e-15)
(-95.3749 22.2779 -3.01292e-14)
(-97.649 23.021 1.41801e-14)
(-100.055 23.7698 0)
(-102.606 24.5384 0)
(-105.318 25.3355 1.21178e-14)
(-108.201 26.1476 -1.15975e-14)
(-111.247 27.0234 -1.11295e-14)
(-114.542 27.8352 2.19298e-14)
(-117.782 28.9517 -1.98795e-14)
(-122.309 29.4333 -3.99104e-14)
(-123.892 31.9743 1.71818e-14)
(-135.974 28.2262 -4.4577e-16)
(-119.675 43.4066 -1.45951e-14)
(-85.2841 14.7718 -1.78929e-14)
(-85.9725 15.1997 -5.90756e-15)
(-86.9651 15.6961 2.02086e-14)
(-88.2776 16.2231 0)
(-89.8835 16.8086 0)
(-91.7437 17.434 0)
(-93.7962 18.0753 -6.22181e-18)
(-95.9939 18.7279 -3.31313e-16)
(-98.3079 19.3776 6.76712e-15)
(-100.749 20.0317 1.36949e-14)
(-103.336 20.7035 -2.53983e-14)
(-106.087 21.3986 1.13132e-18)
(-109.007 22.103 1.21541e-14)
(-112.097 22.864 -1.0847e-14)
(-115.42 23.5533 -1.09565e-14)
(-118.719 24.5525 9.93657e-15)
(-123.248 24.8468 0)
(-124.92 27.3742 -1.85679e-14)
(-136.986 23.1551 1.72182e-14)
(-121.15 38.8615 4.32129e-14)
(-85.595 11.7018 -2.32996e-16)
(-86.2698 12.0913 2.73415e-14)
(-87.2648 12.5317 -2.54913e-14)
(-88.5986 12.9928 9.39149e-15)
(-90.2349 13.513 0)
(-92.1397 14.0615 8.67258e-15)
(-94.2413 14.6164 1.59605e-16)
(-96.4809 15.1769 1.55766e-16)
(-98.8293 15.7311 7.24191e-15)
(-101.301 16.2891 0)
(-103.921 16.8618 -1.29961e-14)
(-106.707 17.451 3.62916e-14)
(-109.658 18.0445 -1.12941e-14)
(-112.788 18.6869 -1.26901e-17)
(-116.135 19.2539 0)
(-119.49 20.127 1.0209e-14)
(-124.012 20.2406 1.01058e-14)
(-125.786 22.7574 2.61246e-16)
(-137.768 17.8621 -3.77298e-14)
(-122.446 34.793 -6.07743e-16)
(-85.8072 8.59518 -1.1967e-14)
(-86.4478 8.96335 5.36756e-15)
(-87.4505 9.35847 -1.02045e-14)
(-88.805 9.76177 0)
(-90.4751 10.2174 9.20272e-15)
(-92.4206 10.6846 -1.26019e-14)
(-94.5642 11.161 4.00886e-15)
(-96.8426 11.6276 7.52115e-15)
(-99.2202 12.0873 -7.08284e-15)
(-101.719 12.5479 -6.85127e-15)
(-104.366 13.0186 -2.98949e-16)
(-107.183 13.4984 5.90614e-15)
(-110.163 13.9791 0)
(-113.328 14.4996 1.11099e-14)
(-116.694 14.9447 0)
(-120.096 15.6836 -1.02009e-14)
(-124.602 15.6291 0)
(-126.492 18.1054 -1.83511e-14)
(-138.252 12.6821 8.61528e-15)
(-123.681 30.457 -3.06544e-16)
(-85.8799 5.46471 0)
(-86.5254 5.81 0)
(-87.5746 6.15681 7.64805e-15)
(-88.9497 6.46952 2.40032e-15)
(-90.6367 6.85368 0)
(-92.6081 7.29304 8.60427e-15)
(-94.7881 7.69293 -3.91438e-15)
(-97.1027 8.07823 0)
(-99.502 8.44461 3.55662e-15)
(-102.02 8.80748 6.85956e-15)
(-104.687 9.17509 -6.20902e-15)
(-107.528 9.54467 -6.06288e-15)
(-110.531 9.91193 -5.79945e-15)
(-113.725 10.3069 0)
(-117.104 10.6289 -5.3416e-15)
(-120.545 11.2249 0)
(-125.027 11.0115 -4.91419e-15)
(-127.057 13.4269 0)
(-138.536 7.46935 -1.8821e-14)
(-124.787 25.9917 7.04023e-15)
(-85.9541 2.12856 3.0051e-15)
(-86.628 2.38604 -1.2636e-15)
(-87.6828 2.73953 -5.01931e-15)
(-89.0389 3.08515 -2.37224e-15)
(-90.6935 3.42733 0)
(-92.6658 3.8393 0)
(-94.9089 4.17944 -8.08729e-15)
(-97.2534 4.49528 3.69225e-15)
(-99.676 4.77453 -3.54789e-15)
(-102.21 5.04536 5.1114e-15)
(-104.893 5.31617 -1.51519e-15)
(-107.754 5.57956 9.15577e-15)
(-110.774 5.83557 2.96334e-15)
(-113.989 6.10366 0)
(-117.375 6.3024 8.0069e-15)
(-120.844 6.75178 5.23866e-15)
(-125.293 6.38389 1.25338e-16)
(-127.426 8.72252 -4.64091e-15)
(-138.635 2.26732 4.48491e-15)
(-125.804 21.4504 -7.37253e-15)
(-85.5234 -1.36263 -1.3945e-15)
(-86.2091 -0.921854 1.31403e-15)
(-87.3203 -0.572695 -2.51172e-15)
(-88.7213 -0.274462 1.09591e-15)
(-90.3847 -0.00940007 -4.22988e-17)
(-92.3979 0.264835 -1.10635e-15)
(-94.6895 0.555836 -8.12649e-17)
(-97.0815 0.802867 8.76363e-16)
(-99.5459 1.01007 -3.88156e-17)
(-102.114 1.19768 -8.53113e-16)
(-104.827 1.37935 -1.58562e-15)
(-107.719 1.54185 0)
(-110.77 1.69194 -1.4834e-15)
(-114.017 1.83326 -1.4942e-15)
(-117.427 1.91159 -1.43436e-15)
(-120.926 2.21112 -6.59417e-17)
(-125.358 1.67834 -6.63322e-17)
(-127.572 3.93338 -1.21733e-15)
(-138.626 -3.13535 -1.52704e-16)
(-126.378 17.1223 5.47162e-15)
(-71.0685 68.1961 -3.54289e-14)
(-73.2209 59.4671 0)
(-75.4258 54.0727 0)
(-76.7675 50.0209 5.57128e-14)
(-78.0367 46.2446 -2.61243e-14)
(-79.1472 42.6355 0)
(-80.1319 39.1924 -1.21601e-14)
(-81.0003 35.8795 3.64217e-14)
(-81.7648 32.6673 2.29242e-14)
(-82.4334 29.5332 -1.32533e-14)
(-83.032 26.4592 1.18641e-14)
(-83.5721 23.4269 -1.20449e-14)
(-84.0465 20.4266 2.45876e-14)
(-84.4624 17.4447 3.70517e-16)
(-84.8434 14.4564 -2.46481e-14)
(-85.192 11.4221 6.00504e-15)
(-85.4597 8.30674 6.34831e-15)
(-85.594 5.15264 3.18617e-15)
(-85.6595 1.83268 -4.7396e-15)
(-85.3302 -1.75907 4.565e-15)
(-74.1717 64.6 -4.37716e-14)
(-74.7725 56.8021 0)
(-76.1497 52.9553 0)
(-77.0203 48.9411 -2.86829e-14)
(-78.0374 45.1961 0)
(-78.9863 41.6663 9.79609e-16)
(-79.8566 38.3172 -1.17335e-14)
(-80.6548 35.0965 -1.17043e-14)
(-81.3782 31.9769 -2.42745e-14)
(-82.0271 28.9405 -2.44457e-14)
(-82.6138 25.9639 -2.32185e-14)
(-83.1584 23.024 -1.23278e-14)
(-83.6551 20.1127 1.25347e-14)
(-84.1135 17.2098 1.32839e-14)
(-84.5651 14.2802 1.36295e-14)
(-85.0126 11.2814 -2.0804e-14)
(-85.3995 8.15403 6.89288e-15)
(-85.6406 4.94445 0)
(-85.7014 1.57907 0)
(-85.5929 -2.03746 -2.50543e-15)
(-74.9558 61.5277 -3.86784e-14)
(-75.712 54.8421 -3.64235e-14)
(-76.5253 51.2022 0)
(-77.1002 47.4468 -2.62538e-14)
(-77.8699 43.8599 2.42273e-14)
(-78.6549 40.4892 7.88015e-16)
(-79.4135 37.2869 7.65068e-16)
(-80.1442 34.2092 0)
(-80.8389 31.225 -1.14724e-14)
(-81.4911 28.3317 -9.18411e-17)
(-82.0987 25.5056 4.8064e-14)
(-82.6873 22.7055 1.19039e-14)
(-83.2631 19.9313 0)
(-83.8274 17.1651 1.30248e-14)
(-84.3999 14.3482 0)
(-84.9897 11.4203 -7.48651e-15)
(-85.5647 8.30158 7.65716e-15)
(-86.0197 4.98563 -7.57575e-15)
(-86.1808 1.52562 -5.70158e-15)
(-86.2557 -2.08148 2.83124e-15)
(-74.5512 58.9945 0)
(-75.8588 52.5496 3.3196e-14)
(-76.4459 48.9696 0)
(-76.8464 45.5675 -1.09793e-15)
(-77.4182 42.2112 4.43156e-14)
(-78.0562 39.0447 2.20241e-14)
(-78.7056 36.0222 1.18119e-14)
(-79.3501 33.1174 -1.07221e-14)
(-79.9982 30.2897 0)
(-80.6499 27.5559 -1.07137e-14)
(-81.2845 24.9043 -1.1978e-14)
(-81.9317 22.285 -2.42034e-14)
(-82.6239 19.7131 0)
(-83.3495 17.1581 -2.74699e-14)
(-84.1076 14.519 -7.48136e-15)
(-84.9105 11.7404 2.0338e-16)
(-85.7539 8.73976 1.70333e-14)
(-86.52 5.40177 4.85759e-15)
(-86.9674 1.79504 6.76587e-15)
(-87.2479 -1.74598 -2.20076e-15)
(-72.815 56.6202 2.96002e-14)
(-75.2544 50.0332 -5.16788e-14)
(-75.9138 46.4701 -2.19294e-14)
(-76.2234 43.4018 -2.2735e-14)
(-76.6574 40.3007 -1.76698e-15)
(-77.1579 37.341 0)
(-77.6691 34.4855 0)
(-78.1881 31.7264 9.34983e-15)
(-78.7275 29.0301 1.02769e-14)
(-79.3008 26.4327 8.09818e-16)
(-79.8766 23.9602 0)
(-80.4938 21.5598 1.21383e-14)
(-81.2359 19.246 -1.21394e-14)
(-82.0867 16.9526 2.80552e-14)
(-83.0256 14.5315 -1.50511e-14)
(-84.0967 11.9857 2.16148e-16)
(-85.3106 9.24054 -4.07211e-16)
(-86.4597 6.03945 0)
(-87.5519 2.41076 -8.17993e-15)
(-88.222 -1.13056 3.9773e-15)
(-70.5751 54.3059 2.53782e-14)
(-74.1911 47.561 2.37278e-14)
(-75.0421 43.9094 2.12842e-14)
(-75.3485 41.0858 1.8968e-14)
(-75.6979 38.2361 -1.66573e-15)
(-76.0792 35.4691 0)
(-76.4443 32.7709 0)
(-76.8063 30.1299 -2.96265e-14)
(-77.1581 27.5247 0)
(-77.5235 25.0045 1.06336e-14)
(-77.8966 22.6522 -1.03952e-14)
(-78.3185 20.4227 4.36361e-16)
(-78.9203 18.3125 5.38471e-16)
(-79.6658 16.2167 0)
(-80.654 14.0164 0)
(-81.9335 11.8189 0)
(-83.5213 9.46745 -8.65607e-15)
(-85.2316 6.67997 0)
(-86.8739 3.20612 -3.04957e-15)
(-88.1481 -0.584539 3.25375e-15)
(-68.1606 52.105 -2.52848e-14)
(-72.7825 45.259 -1.87325e-14)
(-73.9863 41.3681 -1.0092e-15)
(-74.3312 38.744 3.4931e-14)
(-74.6338 36.0828 -3.7193e-14)
(-74.9531 33.4399 0)
(-75.2446 30.9209 0)
(-75.5054 28.3992 7.00073e-16)
(-75.7143 25.9059 -9.87459e-15)
(-75.8755 23.5111 1.01884e-14)
(-75.97 21.3129 6.84401e-16)
(-76.0538 19.2372 2.84067e-16)
(-76.3564 17.3421 1.37739e-14)
(-76.7626 15.6099 -1.4882e-14)
(-77.675 13.8887 -7.31376e-15)
(-78.8938 12.1732 -7.80564e-15)
(-80.4709 10.1868 1.68863e-14)
(-82.3705 7.7275 0)
(-84.1788 4.47901 -2.98087e-15)
(-86.4201 1.0189 3.19666e-15)
(-65.529 50.1113 -2.22935e-14)
(-71.2772 43.2013 3.41031e-14)
(-72.8453 38.9985 1.5605e-14)
(-73.3231 36.5312 -3.50469e-14)
(-73.5443 33.9525 -8.35174e-15)
(-73.7873 31.4795 -8.54528e-15)
(-74.0078 29.0044 9.25749e-15)
(-74.2098 26.5526 -9.12554e-15)
(-74.3798 24.1291 9.81347e-15)
(-74.513 21.8155 2.0835e-14)
(-74.6406 19.7879 4.60857e-16)
(-74.6867 18.0861 0)
(-74.7522 16.6248 3.06982e-14)
(-74.8818 15.3986 8.20269e-15)
(-75.6783 14.2128 8.6078e-15)
(-76.7051 12.9684 -7.92266e-15)
(-78.0867 11.3722 8.37899e-15)
(-79.7468 9.26017 -9.11793e-15)
(-81.7535 6.62525 -2.57688e-15)
(-84.1082 3.55118 2.49541e-15)
(-62.7237 48.3363 0)
(-69.0686 41.4433 -2.33638e-14)
(-71.6859 37.0188 0)
(-72.4533 34.4498 -1.46388e-14)
(-72.6811 32.0381 2.40178e-14)
(-72.83 29.7091 2.70655e-14)
(-72.9487 27.4045 -1.87886e-14)
(-73.0599 25.1141 -9.72527e-15)
(-73.1425 22.8708 -2.15061e-14)
(-73.1805 20.7749 -1.20381e-14)
(-73.1396 18.9388 -1.31204e-14)
(-73.1697 17.448 -1.63855e-14)
(-73.4196 16.4804 -7.87508e-16)
(-73.8106 15.7737 -1.06109e-14)
(-74.7243 15.0998 6.83775e-16)
(-75.7301 14.2513 -9.07932e-15)
(-77.1475 12.9999 8.53259e-15)
(-78.9382 11.2175 0)
(-80.9029 8.9763 -1.75294e-15)
(-82.8709 6.12614 -8.01682e-17)
(-59.8254 46.7233 -3.8639e-14)
(-66.4678 40.0061 2.13908e-14)
(-70.2776 35.3985 0)
(-71.6741 32.6645 1.2055e-14)
(-72.2229 30.3748 -1.23821e-14)
(-72.5505 28.2276 -1.39544e-14)
(-72.8521 26.1401 2.95858e-14)
(-73.1502 24.1056 4.81803e-16)
(-73.4617 22.1662 2.45889e-16)
(-73.7926 20.4255 1.08258e-14)
(-74.0658 19.0247 2.32415e-14)
(-74.3245 18.0486 1.33309e-14)
(-74.6892 17.4104 0)
(-75.5102 16.8333 -8.13086e-15)
(-76.3981 16.3183 1.38916e-14)
(-77.3154 15.619 -5.76494e-15)
(-78.3547 14.5198 2.67389e-15)
(-79.5175 12.87 2.67798e-15)
(-80.7962 10.6774 -2.5244e-15)
(-82.124 7.89107 2.95528e-18)
(-56.8583 45.2105 0)
(-63.3259 38.8127 6.20317e-15)
(-67.9468 34.2218 5.06735e-15)
(-70.5501 31.3848 4.77768e-15)
(-71.7236 29.2299 0)
(-72.3862 27.2959 0)
(-72.8989 25.4681 -6.18379e-15)
(-73.4571 23.722 0)
(-74.0727 22.0956 0)
(-74.7372 20.6771 1.49608e-14)
(-75.388 19.5669 -7.79018e-16)
(-75.9434 18.8308 -9.77028e-15)
(-76.3827 18.3546 0)
(-77.0292 17.906 9.60116e-15)
(-77.6886 17.382 -4.33441e-15)
(-78.3466 16.6116 2.05859e-16)
(-79.0407 15.47 1.94077e-15)
(-79.7812 13.8123 -1.99722e-15)
(-80.546 11.6671 9.92245e-16)
(-81.3217 8.98214 1.04381e-15)
(-53.902 43.7203 0)
(-59.7812 37.7933 -6.8541e-15)
(-64.9395 33.5749 -7.03751e-16)
(-68.3497 30.6665 -4.89718e-15)
(-70.5287 28.515 0)
(-72.0122 26.7566 0)
(-72.8701 25.1641 -3.82501e-16)
(-73.607 23.7277 4.96839e-15)
(-74.3643 22.4123 5.50351e-15)
(-75.1489 21.2645 -5.98644e-15)
(-75.9277 20.3455 -1.29121e-14)
(-76.6325 19.6666 0)
(-77.1916 19.1266 7.6872e-15)
(-77.7705 18.6216 -1.11757e-14)
(-78.2776 18.0056 0)
(-78.7216 17.127 -1.54142e-15)
(-79.1116 15.9099 0)
(-79.4766 14.1787 -1.57764e-15)
(-79.8119 12.0505 7.98621e-16)
(-80.095 9.4553 8.54469e-16)
(-51.0033 42.1914 7.04468e-15)
(-56.012 36.8755 -1.27164e-14)
(-61.2474 33.1622 -5.81633e-15)
(-65.1844 30.3299 -4.483e-16)
(-68.1438 28.2146 7.92787e-15)
(-70.3067 26.5243 0)
(-72.0227 25.0837 -8.09164e-15)
(-73.231 23.8379 0)
(-74.2302 22.7486 0)
(-75.1305 21.7915 2.18113e-15)
(-75.9568 20.9663 2.32768e-15)
(-76.6789 20.2612 -2.50459e-15)
(-77.2407 19.6135 0)
(-77.705 18.9782 -8.34387e-15)
(-78.0399 18.213 8.15887e-15)
(-78.2657 17.1878 -3.87071e-15)
(-78.3843 15.8298 3.81977e-15)
(-78.405 14.0802 -1.90083e-15)
(-78.3728 11.96 1.97542e-15)
(-78.2147 9.32197 -6.24328e-16)
(-48.1826 40.5894 -7.35778e-15)
(-52.1946 35.9511 0)
(-57.1251 32.838 0)
(-61.132 30.2047 0)
(-64.5276 28.1516 0)
(-67.3026 26.505 0)
(-69.5678 25.1236 7.25443e-15)
(-71.3234 23.9316 0)
(-72.7202 22.901 0)
(-73.8653 22.0025 1.86368e-15)
(-74.7936 21.1939 -6.34878e-15)
(-75.5797 20.4172 2.3753e-15)
(-76.164 19.6222 -4.69895e-15)
(-76.5302 18.8151 4.62064e-15)
(-76.7196 17.8833 4.4918e-15)
(-76.7538 16.6983 -2.20077e-15)
(-76.639 15.2093 8.68366e-18)
(-76.3916 13.3923 1.10668e-15)
(-76.0624 11.2634 1.07395e-15)
(-75.5789 8.618 -4.01191e-16)
(-45.433 38.8919 -1.15986e-14)
(-48.4918 34.9588 1.637e-14)
(-52.8809 32.4672 0)
(-56.615 30.1117 0)
(-60.0122 28.1692 0)
(-63.0367 26.5641 -1.60497e-15)
(-65.6646 25.1791 -3.71253e-15)
(-67.8818 23.9623 -1.50555e-15)
(-69.6841 22.8887 -1.50891e-15)
(-71.0697 21.9347 0)
(-72.1169 21.0527 0)
(-72.9213 20.1684 1.65459e-15)
(-73.5608 19.2111 0)
(-73.9447 18.1963 -2.14604e-15)
(-74.0792 17.0708 0)
(-74.0133 15.7222 8.42627e-16)
(-73.7706 14.1215 1.99949e-16)
(-73.3771 12.2648 4.2204e-16)
(-72.8875 10.149 -2.0124e-15)
(-72.2019 7.48503 6.52919e-16)
(-42.7222 37.1007 0)
(-44.9892 33.9271 -5.77811e-15)
(-48.7322 32.0066 2.00635e-15)
(-52.0509 29.9652 6.47547e-15)
(-55.1883 28.1489 -7.10474e-15)
(-58.0952 26.5706 1.89592e-15)
(-60.727 25.1593 3.29124e-15)
(-63.0633 23.8691 -1.31855e-15)
(-65.0775 22.676 3.0587e-15)
(-66.7396 21.568 1.34115e-15)
(-68.0303 20.5164 0)
(-68.9891 19.4646 -1.78361e-15)
(-69.6625 18.3379 -3.27814e-15)
(-70.0646 17.1236 5.88076e-18)
(-70.2069 15.8334 3.2663e-15)
(-70.1328 14.3714 -2.52296e-15)
(-69.8702 12.716 5.86185e-16)
(-69.4435 10.8779 1.64851e-15)
(-68.9053 8.82007 1.80097e-16)
(-68.1385 6.13776 0)
(-39.9903 35.2728 0)
(-41.6851 32.9281 -1.10775e-14)
(-44.7678 31.4709 5.56298e-15)
(-47.6577 29.7279 -5.31652e-15)
(-50.4586 28.0122 7.82731e-15)
(-53.0875 26.4149 1.30835e-15)
(-55.4983 24.9345 2.98676e-15)
(-57.6734 23.5464 -2.77694e-15)
(-59.599 22.2282 -1.58887e-15)
(-61.251 20.9636 1.15214e-15)
(-62.6107 19.7314 2.08008e-17)
(-63.6781 18.4959 -1.11769e-15)
(-64.4773 17.2072 -2.17041e-15)
(-65.0005 15.8517 -5.6774e-16)
(-65.2291 14.4771 1.33781e-15)
(-65.2246 12.9785 -2.11352e-15)
(-65.0137 11.3382 1.72449e-15)
(-64.6123 9.56133 9.28876e-16)
(-64.0699 7.55857 -1.02384e-15)
(-63.3168 4.83606 2.51686e-30)
(-37.2258 33.4466 -4.93869e-15)
(-38.5638 31.9827 8.52833e-15)
(-40.9815 30.9085 -6.23544e-15)
(-43.4081 29.3608 5.68724e-15)
(-45.7986 27.7274 -1.60747e-15)
(-48.0276 26.1076 -1.52641e-15)
(-50.0875 24.5639 -9.57985e-16)
(-51.9799 23.1135 0)
(-53.6937 21.7326 8.8787e-16)
(-55.2097 20.3902 2.19998e-15)
(-56.5071 19.0598 -2.14935e-15)
(-57.5681 17.7209 9.15664e-16)
(-58.3895 16.3425 1.81246e-15)
(-58.9616 14.8893 -1.43132e-15)
(-59.2764 13.3998 0)
(-59.3696 11.7866 -6.2652e-16)
(-59.2505 10.0701 0)
(-58.9344 8.25583 3.40341e-16)
(-58.4566 6.22596 -3.37352e-16)
(-57.76 3.58138 -2.41664e-17)
(-34.3341 31.4261 3.05586e-15)
(-35.2354 30.5972 -9.42086e-15)
(-37.1291 29.2966 4.1449e-15)
(-39.2624 27.4609 -4.09414e-15)
(-41.4301 25.6285 7.72741e-15)
(-43.4608 23.9358 -3.64053e-15)
(-45.24 22.4595 3.49292e-15)
(-46.8512 21.0912 -1.64909e-15)
(-48.3254 19.777 -1.07943e-15)
(-49.6509 18.4662 1.25851e-15)
(-50.8043 17.1129 -4.16476e-17)
(-51.7586 15.6829 -1.09183e-15)
(-52.5024 14.1537 -4.70381e-16)
(-52.9996 12.539 1.57839e-16)
(-53.2311 10.8864 5.66888e-16)
(-53.2252 9.14671 -1.1204e-15)
(-53.0014 7.34113 6.19558e-16)
(-52.5939 5.47458 -2.46965e-16)
(-52.1152 3.32376 3.22808e-17)
(-51.563 0.59256 3.00654e-17)
(-29.5022 31.1361 0)
(-28.9185 31.3643 6.04703e-16)
(-29.4533 29.7369 -2.9314e-16)
(-30.2886 27.7632 0)
(-31.2489 26.0959 0)
(-32.32 24.6607 2.2171e-16)
(-33.523 23.384 -4.01201e-17)
(-34.6773 22.2206 -4.24253e-16)
(-35.7798 21.1046 0)
(-36.7957 19.9765 2.32605e-16)
(-37.7211 18.79 0)
(-38.5362 17.5212 4.7632e-16)
(-39.2323 16.1694 -3.94175e-18)
(-39.8021 14.7481 -3.91414e-16)
(-40.2312 13.2789 0)
(-40.4984 11.7859 0)
(-40.6141 10.29 -7.36025e-17)
(-40.6129 8.79537 3.84061e-17)
(-40.5638 7.26141 -3.77867e-17)
(-40.4202 5.80778 1.04522e-18)
)
;

boundaryField
{
    right
    {
        type            cyclic;
    }
    left
    {
        type            cyclic;
    }
    outerWall
    {
        type            calculated;
        value           nonuniform List<vector> 
60
(
(-3.88268 209.368 0)
(-11.6427 209.081 0)
(-19.3868 208.506 0)
(-27.1041 207.644 0)
(-34.7842 206.496 0)
(-42.4165 205.065 0)
(-49.9903 203.351 0)
(-57.4954 201.357 0)
(-64.9213 199.087 0)
(-72.2579 196.542 0)
(-79.4951 193.727 0)
(-86.6228 190.645 0)
(-93.6313 187.301 0)
(-100.511 183.7 0)
(-107.252 179.845 0)
(-113.846 175.744 0)
(-120.283 171.4 0)
(-126.554 166.821 0)
(-132.651 162.012 0)
(-138.566 156.98 0)
(-141.814 154.101 0)
(-142.488 153.482 0)
(-143.159 152.86 0)
(-143.827 152.235 0)
(-144.492 151.607 0)
(-145.154 150.976 0)
(-145.813 150.341 0)
(-146.469 149.703 0)
(-147.122 149.063 0)
(-147.772 148.419 0)
(-148.419 147.772 0)
(-149.063 147.122 0)
(-149.703 146.469 0)
(-150.341 145.813 0)
(-150.976 145.154 0)
(-151.607 144.492 0)
(-152.235 143.827 0)
(-152.86 143.159 0)
(-153.482 142.488 0)
(-154.101 141.814 0)
(-156.98 138.566 0)
(-162.012 132.651 0)
(-166.821 126.554 0)
(-171.4 120.283 0)
(-175.744 113.846 0)
(-179.845 107.252 0)
(-183.7 100.511 0)
(-187.301 93.6313 0)
(-190.645 86.6228 0)
(-193.727 79.4951 0)
(-196.542 72.2579 0)
(-199.087 64.9213 0)
(-201.357 57.4954 0)
(-203.351 49.9903 0)
(-205.065 42.4165 0)
(-206.496 34.7842 0)
(-207.644 27.1041 0)
(-208.506 19.3868 0)
(-209.081 11.6427 0)
(-209.368 3.88268 0)
)
;
    }
    stirrerWall
    {
        type            calculated;
        value           nonuniform List<vector> 
100
(
(-0.775973 41.8739 0)
(-2.32686 41.817 0)
(-3.87457 41.7025 0)
(-5.41696 41.5307 0)
(-6.95191 41.3017 0)
(-8.4773 41.0159 0)
(-9.99103 40.6737 0)
(-11.491 40.2755 0)
(-12.9752 39.8219 0)
(-14.4415 39.3135 0)
(-15.8879 38.751 0)
(-17.3124 38.1352 0)
(-18.7131 37.4669 0)
(-20.088 36.7471 0)
(-21.4352 35.9768 0)
(-22.7529 35.1569 0)
(-24.0393 34.2887 0)
(-25.2925 33.3733 0)
(-26.5109 32.4121 0)
(-27.6927 31.4062 0)
(-29.3359 32.0508 0)
(-31.4591 34.3677 0)
(-33.5823 36.6846 0)
(-35.7055 39.0016 0)
(-37.8287 41.3185 0)
(-39.9519 43.6354 0)
(-42.0751 45.9523 0)
(-44.1983 48.2693 0)
(-46.3215 50.5862 0)
(-48.4447 52.9031 0)
(-50.5679 55.22 0)
(-52.6911 57.537 0)
(-54.8142 59.8539 0)
(-56.9374 62.1708 0)
(-59.0606 64.4877 0)
(-61.1838 66.8047 0)
(-63.307 69.1216 0)
(-65.4302 71.4385 0)
(-67.5534 73.7554 0)
(-69.6766 76.0724 0)
(-70.9005 77.0685 0)
(-71.2251 76.7439 0)
(-71.5498 76.4192 0)
(-71.8744 76.0946 0)
(-72.199 75.77 0)
(-72.5237 75.4453 0)
(-72.8483 75.1207 0)
(-73.1729 74.7961 0)
(-73.4976 74.4715 0)
(-73.8222 74.1468 0)
(-74.1468 73.8222 0)
(-74.4715 73.4976 0)
(-74.7961 73.1729 0)
(-75.1207 72.8483 0)
(-75.4453 72.5237 0)
(-75.77 72.199 0)
(-76.0946 71.8744 0)
(-76.4192 71.5498 0)
(-76.7439 71.2251 0)
(-77.0685 70.9005 0)
(-76.0724 69.6766 0)
(-73.7554 67.5534 0)
(-71.4385 65.4302 0)
(-69.1216 63.307 0)
(-66.8047 61.1838 0)
(-64.4877 59.0606 0)
(-62.1708 56.9374 0)
(-59.8539 54.8142 0)
(-57.537 52.6911 0)
(-55.22 50.5679 0)
(-52.9031 48.4447 0)
(-50.5862 46.3215 0)
(-48.2693 44.1983 0)
(-45.9523 42.0751 0)
(-43.6354 39.9519 0)
(-41.3185 37.8287 0)
(-39.0016 35.7055 0)
(-36.6846 33.5823 0)
(-34.3677 31.4591 0)
(-32.0508 29.3359 0)
(-31.4062 27.6927 0)
(-32.4121 26.5109 0)
(-33.3733 25.2925 0)
(-34.2887 24.0393 0)
(-35.1569 22.7529 0)
(-35.9768 21.4352 0)
(-36.7471 20.088 0)
(-37.4669 18.7131 0)
(-38.1352 17.3124 0)
(-38.751 15.8879 0)
(-39.3135 14.4415 0)
(-39.8219 12.9752 0)
(-40.2755 11.491 0)
(-40.6737 9.99103 0)
(-41.0159 8.4773 0)
(-41.3017 6.95191 0)
(-41.5307 5.41696 0)
(-41.7025 3.87457 0)
(-41.817 2.32686 0)
(-41.8739 0.775973 0)
)
;
    }
    top
    {
        type            empty;
    }
    bottom
    {
        type            empty;
    }
}


// ************************************************************************* //
