/*--------------------------------*- C++ -*----------------------------------*\
  =========                 |
  \\      /  F ield         | OpenFOAM: The Open Source CFD Toolbox
   \\    /   O peration     | Website:  https://openfoam.org
    \\  /    A nd           | Version:  10
     \\/     M anipulation  |
\*---------------------------------------------------------------------------*/
FoamFile
{
    format      ascii;
    class       volScalarField;
    location    "71000";
    object      yPlus;
}
// * * * * * * * * * * * * * * * * * * * * * * * * * * * * * * * * * * * * * //

dimensions      [0 0 0 0 0 0 0];

internalField   uniform 0;

boundaryField
{
    right
    {
        type            cyclic;
    }
    left
    {
        type            cyclic;
    }
    outerWall
    {
        type            calculated;
        value           nonuniform List<scalar> 0();
    }
    stirrerWall
    {
        type            calculated;
        value           nonuniform List<scalar> 
398
(
0.62013
0.400132
0.229801
0.156285
0.133149
0.126558
0.122589
0.118131
0.113701
0.11058
0.109448
0.110431
0.11332
0.117872
0.123875
0.131155
0.139565
0.148774
0.158824
0.169601
0.181032
0.193019
0.205372
0.217916
0.230542
0.242992
0.255069
0.266663
0.277453
0.287079
0.295319
0.30238
0.307978
0.312063
0.31465
0.315978
0.316239
0.31539
0.313718
0.311663
0.308915
0.303484
0.295152
0.28545
0.275333
0.264361
0.253258
0.242333
0.231429
0.220733
0.210251
0.20013
0.190411
0.181065
0.172051
0.163313
0.154719
0.146365
0.138359
0.130734
0.123492
0.116606
0.110048
0.103748
0.0977956
0.0919174
0.0862425
0.0807014
0.0752722
0.0700441
0.0650118
0.0603786
0.0564276
0.0532687
0.0507122
0.0481523
0.0444522
0.0381185
0.0277019
0.00799623
0.00799623
0.0213195
0.0091755
0.0130283
0.0165529
0.0216162
0.0267098
0.0312093
0.034532
0.0368075
0.0381693
0.0387402
0.038659
0.0380589
0.0370541
0.0357377
0.0341873
0.0324089
0.0306302
0.0287895
0.0270504
0.0254673
0.0239897
0.0226004
0.0212976
0.0200895
0.0190106
0.0181065
0.0174355
0.0170804
0.017157
0.0179288
0.0197089
0.0225369
0.0263166
0.0307861
0.0356141
0.0405274
0.0453773
0.0501722
0.0549384
0.0597025
0.0645078
0.0694634
0.0747311
0.080314
0.0860999
0.0924176
0.10058
0.111513
0.124686
0.14111
0.160927
0.183636
0.210261
0.241846
0.278088
0.318851
0.364118
0.413836
0.467993
0.52683
0.591007
0.661556
0.739669
0.826538
0.923926
1.03472
1.16304
1.31411
1.49331
1.70497
1.95176
2.2327
2.54258
2.86408
3.17575
3.46817
3.73616
3.98249
4.20063
4.39102
4.55648
4.69973
4.82402
4.9333
5.03069
5.12053
5.20709
5.29333
5.38074
5.46963
5.56037
5.65195
5.73925
5.81287
5.87558
5.93101
5.97607
6.0104
6.02655
6.03436
6.03527
6.02906
6.01535
5.99388
5.96525
5.9292
5.88429
5.83012
5.76654
5.69338
5.6104
5.51727
5.4137
5.2994
5.17391
5.03933
4.90161
4.75723
4.60454
4.44295
4.27265
4.0942
3.90839
3.71644
3.51999
3.32108
0.0330343
0.0395581
0.0257049
0.02812
0.0548415
0.118613
0.214546
0.307589
0.380647
0.428902
0.454372
0.460267
0.449642
0.422774
0.38345
0.341228
0.310208
0.280278
0.249252
0.217859
0.18769
0.159913
0.135115
0.11342
0.0945967
0.0785521
0.0656707
0.0560183
0.0489333
0.0482964
0.0724714
0.163631
0.328056
0.454586
0.51369
0.52721
0.508018
0.488831
0.501226
0.546388
0.611401
0.677971
0.735011
0.78393
0.823305
0.871424
0.961655
1.14842
1.47811
2.58134
4.85664
7.68764
9.79802
10.1461
11.0355
11.5681
10.4752
12.3862
11.8604
12.4268
12.6174
11.0582
10.9218
11.8325
12.9413
11.6243
13.177
11.3705
11.5933
11.5983
11.8924
12.1879
12.4846
12.7831
13.0817
13.3726
13.6514
13.9194
14.1776
14.4269
14.6684
14.9028
15.131
15.3538
15.572
15.7866
15.9988
16.2107
16.4215
16.6311
16.8399
17.0484
17.2569
17.4658
17.6753
17.8858
18.0976
18.3109
18.5262
18.7441
18.9647
19.1878
19.4139
19.6433
19.8763
20.1134
20.3547
20.6009
20.8522
21.1089
0.0330343
0.0985874
0.153268
0.213642
0.219465
0.208964
0.197028
0.184657
0.217673
0.267017
0.331294
0.411312
0.507894
0.621219
0.749923
0.89181
1.04477
1.2065
1.37418
1.54534
1.71797
1.89082
2.06318
2.23529
2.40897
2.5893
2.77019
2.94205
3.1063
3.26507
3.41748
3.56411
3.70613
3.84489
3.98729
4.13553
4.28349
4.43609
4.60871
4.75335
4.87682
5.02474
5.19825
5.40752
5.65826
5.97107
6.37792
6.92507
7.68466
8.64412
9.671
10.8373
9.96271
9.77966
9.9674
11.7383
10.5441
10.4051
10.4579
11.5798
11.5371
10.6765
10.4225
10.3653
10.3785
10.3016
11.7168
10.3707
10.0489
9.75998
11.1761
10.0319
9.5332
11.236
11.2435
7.17046
2.76618
1.03729
0.794461
0.75429
)
;
    }
    top
    {
        type            empty;
    }
    bottom
    {
        type            empty;
    }
    procBoundary1to0
    {
        type            processor;
        value           uniform 0;
    }
}


// ************************************************************************* //
