/*--------------------------------*- C++ -*----------------------------------*\
  =========                 |
  \\      /  F ield         | OpenFOAM: The Open Source CFD Toolbox
   \\    /   O peration     | Website:  https://openfoam.org
    \\  /    A nd           | Version:  10
     \\/     M anipulation  |
\*---------------------------------------------------------------------------*/
FoamFile
{
    format      ascii;
    class       volScalarField;
    location    "78000";
    object      yPlus;
}
// * * * * * * * * * * * * * * * * * * * * * * * * * * * * * * * * * * * * * //

dimensions      [0 0 0 0 0 0 0];

internalField   uniform 0;

boundaryField
{
    right
    {
        type            cyclic;
    }
    left
    {
        type            cyclic;
    }
    outerWall
    {
        type            calculated;
        value           nonuniform List<scalar> 0();
    }
    stirrerWall
    {
        type            calculated;
        value           nonuniform List<scalar> 
398
(
0.61157
0.411271
0.258839
0.18061
0.146263
0.130301
0.122057
0.117356
0.114786
0.113891
0.114563
0.116731
0.120329
0.125249
0.131397
0.138747
0.147288
0.156762
0.167133
0.178216
0.189992
0.202368
0.215142
0.228151
0.241245
0.254193
0.266809
0.278881
0.29014
0.300217
0.308813
0.316132
0.322012
0.326192
0.328846
0.330121
0.330194
0.329098
0.327408
0.325517
0.322688
0.317145
0.308323
0.29792
0.287341
0.27578
0.264243
0.252808
0.241323
0.230144
0.219162
0.208553
0.198379
0.188627
0.17925
0.17018
0.161274
0.152625
0.144336
0.136442
0.128944
0.121814
0.115025
0.10853
0.102337
0.0963293
0.0904428
0.0847752
0.0791097
0.0736979
0.0684549
0.0635565
0.0592962
0.0558418
0.0530276
0.0502584
0.0463584
0.0397459
0.0288767
0.00833204
0.00833204
0.0222124
0.00958346
0.0136469
0.0174289
0.0228119
0.028205
0.032944
0.0364249
0.03881
0.0402348
0.0408276
0.0407358
0.0400988
0.0390362
0.037646
0.0360091
0.0341482
0.0322576
0.0303327
0.0285058
0.0268447
0.0252918
0.0238368
0.0224783
0.0212226
0.0201062
0.0191776
0.0184992
0.0181582
0.0182787
0.0191499
0.0210855
0.0240919
0.0280605
0.0327161
0.037727
0.042823
0.0479207
0.0529754
0.0581271
0.0633132
0.0686055
0.0739871
0.0797401
0.0856099
0.091649
0.0983246
0.107103
0.11867
0.132695
0.150266
0.171184
0.195278
0.223621
0.257276
0.295869
0.339212
0.387254
0.439945
0.497299
0.559662
0.627843
0.703017
0.786484
0.879634
0.984669
1.10537
1.24673
1.4149
1.61551
1.85294
2.12895
2.44112
2.78175
3.12995
3.46217
3.76897
4.04505
4.29607
4.51403
4.70185
4.86347
5.00223
5.12221
5.22723
5.32079
5.40753
5.49177
5.57649
5.66311
5.75195
5.84359
5.93642
6.02443
6.09845
6.16244
6.2194
6.26576
6.30163
6.31887
6.32829
6.33109
6.32685
6.31515
6.29565
6.26844
6.23411
6.19081
6.1379
6.07518
6.00243
5.91937
5.82565
5.72091
5.60483
5.47705
5.33856
5.1968
5.04803
4.89048
4.72344
4.54703
4.36172
4.16821
3.96758
3.76137
3.55158
0.0340033
0.039741
0.0260847
0.0300139
0.0603169
0.133685
0.237171
0.334779
0.409621
0.457771
0.482055
0.485897
0.472639
0.442465
0.399104
0.355229
0.322071
0.289861
0.256584
0.223147
0.191256
0.162153
0.13637
0.113931
0.0945528
0.0782223
0.0653838
0.0556777
0.0490019
0.0521088
0.0905038
0.211691
0.39191
0.506985
0.554322
0.557901
0.532377
0.516863
0.535635
0.584524
0.649064
0.713378
0.769983
0.81671
0.86216
0.92332
1.05317
1.29813
1.908
3.66355
6.47742
9.37424
10.9898
10.6588
10.5933
10.2516
12.1167
11.6087
12.18
12.525
12.3928
10.7792
11.5925
11.7925
11.6294
11.3064
11.7893
12.1206
11.6042
11.9026
12.2027
12.5039
12.8064
13.111
13.4157
13.7126
13.9971
14.2707
14.5341
14.7886
15.035
15.2742
15.5071
15.7343
15.9569
16.1758
16.3924
16.6085
16.8236
17.0374
17.2504
17.4631
17.6758
17.8889
18.1027
18.3174
18.5334
18.751
18.9708
19.1933
19.4184
19.6461
19.8769
20.1112
20.3491
20.5911
20.8375
21.0888
21.3453
21.6075
0.0340033
0.101972
0.159484
0.222878
0.228103
0.215145
0.201361
0.191151
0.228435
0.282504
0.353052
0.440965
0.547034
0.671239
0.811645
0.965556
1.13065
1.30402
1.4826
1.66377
1.84559
2.02677
2.20665
2.38565
2.566
2.75365
2.93723
3.11151
3.27839
3.43944
3.59326
3.7418
3.88651
4.02893
4.17545
4.32973
4.48078
4.64086
4.8169
4.96271
5.104
5.27015
5.46901
5.71252
6.00437
6.3778
6.87454
7.55559
8.51924
9.53412
10.6619
10.9695
11.1347
11.3428
11.0941
11.1754
11.4288
11.4517
11.6898
10.6794
10.4284
10.322
10.2717
11.7432
10.6704
11.941
12.0374
11.9178
11.7135
11.5819
11.4006
12.2535
11.2723
9.61846
10.7768
7.37627
3.04352
1.16792
0.855525
0.770756
)
;
    }
    top
    {
        type            empty;
    }
    bottom
    {
        type            empty;
    }
    procBoundary1to0
    {
        type            processor;
        value           uniform 0;
    }
}


// ************************************************************************* //
