/*--------------------------------*- C++ -*----------------------------------*\
  =========                 |
  \\      /  F ield         | OpenFOAM: The Open Source CFD Toolbox
   \\    /   O peration     | Website:  https://openfoam.org
    \\  /    A nd           | Version:  10
     \\/     M anipulation  |
\*---------------------------------------------------------------------------*/
FoamFile
{
    format      ascii;
    class       volScalarField;
    location    "19000";
    object      yPlus;
}
// * * * * * * * * * * * * * * * * * * * * * * * * * * * * * * * * * * * * * //

dimensions      [0 0 0 0 0 0 0];

internalField   uniform 0;

boundaryField
{
    right
    {
        type            cyclic;
    }
    left
    {
        type            cyclic;
    }
    outerWall
    {
        type            calculated;
        value           nonuniform List<scalar> 0();
    }
    stirrerWall
    {
        type            calculated;
        value           nonuniform List<scalar> 
398
(
0.282693
0.242699
0.209725
0.183796
0.162605
0.144019
0.126613
0.109646
0.0931297
0.077479
0.0631033
0.0504925
0.0402371
0.0328268
0.0281916
0.025748
0.024768
0.024726
0.0253386
0.0264696
0.0280451
0.0299966
0.0322337
0.0347108
0.0374025
0.0402812
0.0433332
0.0466344
0.0501576
0.0538857
0.0578212
0.0619178
0.0660957
0.0703485
0.0745975
0.0788597
0.0831588
0.0874374
0.0916443
0.0957349
0.0996389
0.103255
0.10649
0.109393
0.111882
0.113914
0.115544
0.116376
0.115958
0.11444
0.11227
0.110131
0.108332
0.106271
0.103509
0.100301
0.0968003
0.0929869
0.0890006
0.0849535
0.0807671
0.0763772
0.0719372
0.0675362
0.0632293
0.0590557
0.0550445
0.0512256
0.0476355
0.0443173
0.0413068
0.0386276
0.0362926
0.0342829
0.032501
0.0306806
0.0282949
0.0245268
0.0181754
0.00535318
0.00535318
0.0143131
0.00581979
0.00844584
0.00948594
0.0108179
0.0113001
0.01119
0.0106868
0.00992299
0.00900757
0.00802291
0.00705253
0.00622433
0.00550524
0.00487794
0.00434265
0.00391353
0.00361286
0.00347047
0.00351468
0.00375966
0.00416977
0.00465508
0.00514266
0.00561639
0.00608831
0.00659466
0.00717918
0.00789058
0.00873164
0.00975238
0.0109456
0.0123658
0.0139999
0.0158915
0.0180378
0.0204629
0.0231802
0.0262006
0.0295288
0.0331659
0.0371067
0.0413447
0.0458739
0.0506892
0.0557885
0.0611747
0.0668554
0.0728412
0.0791469
0.0857915
0.0927903
0.100162
0.107934
0.116127
0.124752
0.133793
0.143238
0.153109
0.163392
0.174049
0.185036
0.196343
0.207913
0.219821
0.232063
0.24401
0.255999
0.267709
0.278891
0.289438
0.299233
0.308044
0.316133
0.32354
0.329635
0.334486
0.338188
0.340834
0.342406
0.343233
0.343343
0.342873
0.341981
0.340775
0.339413
0.337956
0.336487
0.335357
0.333432
0.328324
0.337447
0.332378
0.316351
0.33735
0.34821
0.324225
0.315246
0.342187
0.336527
0.330708
0.334317
0.339837
0.342227
0.343792
0.345632
0.347784
0.349958
0.352052
0.354048
0.355915
0.357651
0.359196
0.36054
0.361645
0.36246
0.362976
0.363185
0.363063
0.362602
0.3618
0.360659
0.359196
0.35744
0.355419
0.353173
0.350767
0.00956394
0.0198918
0.0124201
0.00899829
0.00750342
0.00686734
0.00667342
0.00685843
0.0074097
0.00827291
0.00936587
0.0105849
0.0117936
0.0128998
0.0138404
0.0146
0.015166
0.0155394
0.0157425
0.0157876
0.0156935
0.0154923
0.0152374
0.0149984
0.0148729
0.0150067
0.0156482
0.0175203
0.0216829
0.028375
0.0371039
0.0465366
0.0560066
0.0650628
0.0736057
0.0817305
0.0898308
0.0975026
0.104588
0.111257
0.11763
0.124
0.13132
0.140698
0.152314
0.166224
0.18304
0.203606
0.226246
0.252438
0.2833
0.319287
0.359691
0.404245
0.452821
0.505233
0.56133
0.621143
0.685042
0.753766
0.82797
0.908267
0.995343
1.09004
1.19333
1.30649
1.43153
1.57116
1.72964
1.91334
2.13243
2.40349
2.75007
3.19905
3.77107
4.45645
5.22002
6.02739
6.84083
7.62597
8.35616
9.01288
9.58667
10.0757
10.4838
10.8159
11.0701
11.2211
11.189
10.7756
9.68568
9.96107
10.5347
11.5458
11.362
11.0742
10.3992
11.5762
11.5544
11.6407
11.6986
11.6886
11.5714
11.3612
11.1843
10.9996
11.2439
11.6018
11.1505
11.2628
0.00956394
0.0281968
0.0403708
0.0529158
0.0635399
0.0613792
0.0576018
0.0584835
0.065192
0.0748856
0.0876116
0.0989033
0.11342
0.128995
0.145986
0.164223
0.183382
0.203253
0.223736
0.245199
0.268963
0.294528
0.321537
0.349909
0.379294
0.40897
0.438804
0.468367
0.496599
0.523658
0.550086
0.57505
0.598189
0.620347
0.641326
0.660321
0.675812
0.690027
0.703752
0.716806
0.72903
0.740314
0.750683
0.760268
0.769236
0.77753
0.785569
0.793543
0.800637
0.80655
0.810846
0.813787
0.815401
0.816339
0.816262
0.814969
0.812855
0.811333
0.809302
0.807236
0.803411
0.797097
0.788779
0.778722
0.76684
0.752815
0.736299
0.716926
0.694369
0.668172
0.636825
0.599971
0.557231
0.51418
0.481773
0.462307
0.444767
0.4172
0.376604
0.329186
)
;
    }
    top
    {
        type            empty;
    }
    bottom
    {
        type            empty;
    }
    procBoundary1to0
    {
        type            processor;
        value           uniform 0;
    }
}


// ************************************************************************* //
