/*--------------------------------*- C++ -*----------------------------------*\
  =========                 |
  \\      /  F ield         | OpenFOAM: The Open Source CFD Toolbox
   \\    /   O peration     | Website:  https://openfoam.org
    \\  /    A nd           | Version:  10
     \\/     M anipulation  |
\*---------------------------------------------------------------------------*/
FoamFile
{
    format      ascii;
    class       faceList;
    location    "constant/polyMesh";
    object      faces;
}
// * * * * * * * * * * * * * * * * * * * * * * * * * * * * * * * * * * * * * //


1732
(
4(1 12 133 122)
4(11 132 133 12)
4(2 13 134 123)
4(12 133 134 13)
4(3 14 135 124)
4(13 134 135 14)
4(4 15 136 125)
4(14 135 136 15)
4(5 16 137 126)
4(15 136 137 16)
4(6 17 138 127)
4(16 137 138 17)
4(7 18 139 128)
4(17 138 139 18)
4(8 19 140 129)
4(18 139 140 19)
4(9 20 141 130)
4(19 140 141 20)
4(20 141 142 21)
4(10 21 142 131)
4(12 23 144 133)
4(22 143 144 23)
4(13 24 145 134)
4(23 144 145 24)
4(14 25 146 135)
4(24 145 146 25)
4(15 26 147 136)
4(25 146 147 26)
4(16 27 148 137)
4(26 147 148 27)
4(17 28 149 138)
4(27 148 149 28)
4(18 29 150 139)
4(28 149 150 29)
4(19 30 151 140)
4(29 150 151 30)
4(20 31 152 141)
4(30 151 152 31)
4(31 152 153 32)
4(21 32 153 142)
4(23 34 155 144)
4(33 154 155 34)
4(24 35 156 145)
4(34 155 156 35)
4(25 36 157 146)
4(35 156 157 36)
4(26 37 158 147)
4(36 157 158 37)
4(27 38 159 148)
4(37 158 159 38)
4(28 39 160 149)
4(38 159 160 39)
4(29 40 161 150)
4(39 160 161 40)
4(30 41 162 151)
4(40 161 162 41)
4(31 42 163 152)
4(41 162 163 42)
4(42 163 164 43)
4(32 43 164 153)
4(34 45 166 155)
4(44 165 166 45)
4(35 46 167 156)
4(45 166 167 46)
4(36 47 168 157)
4(46 167 168 47)
4(37 48 169 158)
4(47 168 169 48)
4(38 49 170 159)
4(48 169 170 49)
4(39 50 171 160)
4(49 170 171 50)
4(40 51 172 161)
4(50 171 172 51)
4(41 52 173 162)
4(51 172 173 52)
4(42 53 174 163)
4(52 173 174 53)
4(53 174 175 54)
4(43 54 175 164)
4(45 56 177 166)
4(55 176 177 56)
4(46 57 178 167)
4(56 177 178 57)
4(47 58 179 168)
4(57 178 179 58)
4(48 59 180 169)
4(58 179 180 59)
4(49 60 181 170)
4(59 180 181 60)
4(50 61 182 171)
4(60 181 182 61)
4(51 62 183 172)
4(61 182 183 62)
4(52 63 184 173)
4(62 183 184 63)
4(53 64 185 174)
4(63 184 185 64)
4(64 185 186 65)
4(54 65 186 175)
4(56 67 188 177)
4(66 187 188 67)
4(57 68 189 178)
4(67 188 189 68)
4(58 69 190 179)
4(68 189 190 69)
4(59 70 191 180)
4(69 190 191 70)
4(60 71 192 181)
4(70 191 192 71)
4(61 72 193 182)
4(71 192 193 72)
4(62 73 194 183)
4(72 193 194 73)
4(63 74 195 184)
4(73 194 195 74)
4(64 75 196 185)
4(74 195 196 75)
4(75 196 197 76)
4(65 76 197 186)
4(67 78 199 188)
4(77 198 199 78)
4(68 79 200 189)
4(78 199 200 79)
4(69 80 201 190)
4(79 200 201 80)
4(70 81 202 191)
4(80 201 202 81)
4(71 82 203 192)
4(81 202 203 82)
4(72 83 204 193)
4(82 203 204 83)
4(73 84 205 194)
4(83 204 205 84)
4(74 85 206 195)
4(84 205 206 85)
4(75 86 207 196)
4(85 206 207 86)
4(86 207 208 87)
4(76 87 208 197)
4(78 89 210 199)
4(88 209 210 89)
4(79 90 211 200)
4(89 210 211 90)
4(80 91 212 201)
4(90 211 212 91)
4(81 92 213 202)
4(91 212 213 92)
4(82 93 214 203)
4(92 213 214 93)
4(83 94 215 204)
4(93 214 215 94)
4(84 95 216 205)
4(94 215 216 95)
4(85 96 217 206)
4(95 216 217 96)
4(86 97 218 207)
4(96 217 218 97)
4(97 218 219 98)
4(87 98 219 208)
4(89 100 221 210)
4(99 220 221 100)
4(90 101 222 211)
4(100 221 222 101)
4(91 102 223 212)
4(101 222 223 102)
4(92 103 224 213)
4(102 223 224 103)
4(93 104 225 214)
4(103 224 225 104)
4(94 105 226 215)
4(104 225 226 105)
4(95 106 227 216)
4(105 226 227 106)
4(96 107 228 217)
4(106 227 228 107)
4(97 108 229 218)
4(107 228 229 108)
4(108 229 230 109)
4(98 109 230 219)
4(100 111 232 221)
4(101 112 233 222)
4(102 113 234 223)
4(103 114 235 224)
4(104 115 236 225)
4(105 116 237 226)
4(106 117 238 227)
4(107 118 239 228)
4(108 119 240 229)
4(109 120 241 230)
4(242 252 362 352)
4(21 142 362 252)
4(243 253 363 353)
4(252 362 363 253)
4(244 254 364 354)
4(253 363 364 254)
4(245 255 365 355)
4(254 364 365 255)
4(246 256 366 356)
4(255 365 366 256)
4(247 257 367 357)
4(256 366 367 257)
4(248 258 368 358)
4(257 367 368 258)
4(249 259 369 359)
4(258 368 369 259)
4(250 260 370 360)
4(259 369 370 260)
4(260 370 371 261)
4(252 262 372 362)
4(32 153 372 262)
4(253 263 373 363)
4(262 372 373 263)
4(254 264 374 364)
4(263 373 374 264)
4(255 265 375 365)
4(264 374 375 265)
4(256 266 376 366)
4(265 375 376 266)
4(257 267 377 367)
4(266 376 377 267)
4(258 268 378 368)
4(267 377 378 268)
4(259 269 379 369)
4(268 378 379 269)
4(260 270 380 370)
4(269 379 380 270)
4(270 380 381 271)
4(262 272 382 372)
4(43 164 382 272)
4(263 273 383 373)
4(272 382 383 273)
4(264 274 384 374)
4(273 383 384 274)
4(265 275 385 375)
4(274 384 385 275)
4(266 276 386 376)
4(275 385 386 276)
4(267 277 387 377)
4(276 386 387 277)
4(268 278 388 378)
4(277 387 388 278)
4(269 279 389 379)
4(278 388 389 279)
4(270 280 390 380)
4(279 389 390 280)
4(280 390 391 281)
4(272 282 392 382)
4(54 175 392 282)
4(273 283 393 383)
4(282 392 393 283)
4(274 284 394 384)
4(283 393 394 284)
4(275 285 395 385)
4(284 394 395 285)
4(276 286 396 386)
4(285 395 396 286)
4(277 287 397 387)
4(286 396 397 287)
4(278 288 398 388)
4(287 397 398 288)
4(279 289 399 389)
4(288 398 399 289)
4(280 290 400 390)
4(289 399 400 290)
4(290 400 401 291)
4(282 292 402 392)
4(65 186 402 292)
4(283 293 403 393)
4(292 402 403 293)
4(284 294 404 394)
4(293 403 404 294)
4(285 295 405 395)
4(294 404 405 295)
4(286 296 406 396)
4(295 405 406 296)
4(287 297 407 397)
4(296 406 407 297)
4(288 298 408 398)
4(297 407 408 298)
4(289 299 409 399)
4(298 408 409 299)
4(290 300 410 400)
4(299 409 410 300)
4(300 410 411 301)
4(292 302 412 402)
4(76 197 412 302)
4(293 303 413 403)
4(302 412 413 303)
4(294 304 414 404)
4(303 413 414 304)
4(295 305 415 405)
4(304 414 415 305)
4(296 306 416 406)
4(305 415 416 306)
4(297 307 417 407)
4(306 416 417 307)
4(298 308 418 408)
4(307 417 418 308)
4(299 309 419 409)
4(308 418 419 309)
4(300 310 420 410)
4(309 419 420 310)
4(310 420 421 311)
4(302 312 422 412)
4(87 208 422 312)
4(303 313 423 413)
4(312 422 423 313)
4(304 314 424 414)
4(313 423 424 314)
4(305 315 425 415)
4(314 424 425 315)
4(306 316 426 416)
4(315 425 426 316)
4(307 317 427 417)
4(316 426 427 317)
4(308 318 428 418)
4(317 427 428 318)
4(309 319 429 419)
4(318 428 429 319)
4(310 320 430 420)
4(319 429 430 320)
4(320 430 431 321)
4(312 322 432 422)
4(98 219 432 322)
4(313 323 433 423)
4(322 432 433 323)
4(314 324 434 424)
4(323 433 434 324)
4(315 325 435 425)
4(324 434 435 325)
4(316 326 436 426)
4(325 435 436 326)
4(317 327 437 427)
4(326 436 437 327)
4(318 328 438 428)
4(327 437 438 328)
4(319 329 439 429)
4(328 438 439 329)
4(320 330 440 430)
4(329 439 440 330)
4(330 440 441 331)
4(322 332 442 432)
4(109 230 442 332)
4(323 333 443 433)
4(332 442 443 333)
4(324 334 444 434)
4(333 443 444 334)
4(325 335 445 435)
4(334 444 445 335)
4(326 336 446 436)
4(335 445 446 336)
4(327 337 447 437)
4(336 446 447 337)
4(328 338 448 438)
4(337 447 448 338)
4(329 339 449 439)
4(338 448 449 339)
4(330 340 450 440)
4(339 449 450 340)
4(340 450 451 341)
4(332 342 452 442)
4(120 241 452 342)
4(333 343 453 443)
4(342 452 453 343)
4(334 344 454 444)
4(343 453 454 344)
4(335 345 455 445)
4(344 454 455 345)
4(336 346 456 446)
4(345 455 456 346)
4(337 347 457 447)
4(346 456 457 347)
4(338 348 458 448)
4(347 457 458 348)
4(339 349 459 449)
4(348 458 459 349)
4(340 350 460 450)
4(349 459 460 350)
4(350 460 461 351)
4(342 463 485 452)
4(462 484 485 463)
4(343 464 486 453)
4(463 485 486 464)
4(344 465 487 454)
4(464 486 487 465)
4(345 466 488 455)
4(465 487 488 466)
4(346 467 489 456)
4(466 488 489 467)
4(347 468 490 457)
4(467 489 490 468)
4(348 469 491 458)
4(468 490 491 469)
4(349 470 492 459)
4(469 491 492 470)
4(350 471 493 460)
4(470 492 493 471)
4(471 493 494 472)
4(463 474 496 485)
4(473 495 496 474)
4(464 475 497 486)
4(474 496 497 475)
4(465 476 498 487)
4(475 497 498 476)
4(466 477 499 488)
4(476 498 499 477)
4(467 478 500 489)
4(477 499 500 478)
4(468 479 501 490)
4(478 500 501 479)
4(469 480 502 491)
4(479 501 502 480)
4(470 481 503 492)
4(480 502 503 481)
4(471 482 504 493)
4(481 503 504 482)
4(482 504 505 483)
4(474 507 617 496)
4(506 616 617 507)
4(473 495 616 506)
4(475 508 618 497)
4(507 617 618 508)
4(476 509 619 498)
4(508 618 619 509)
4(477 510 620 499)
4(509 619 620 510)
4(478 511 621 500)
4(510 620 621 511)
4(479 512 622 501)
4(511 621 622 512)
4(480 513 623 502)
4(512 622 623 513)
4(481 514 624 503)
4(513 623 624 514)
4(482 515 625 504)
4(514 624 625 515)
4(515 625 626 516)
4(507 518 628 617)
4(517 627 628 518)
4(506 616 627 517)
4(508 519 629 618)
4(518 628 629 519)
4(509 520 630 619)
4(519 629 630 520)
4(510 521 631 620)
4(520 630 631 521)
4(511 522 632 621)
4(521 631 632 522)
4(512 523 633 622)
4(522 632 633 523)
4(513 524 634 623)
4(523 633 634 524)
4(514 525 635 624)
4(524 634 635 525)
4(515 526 636 625)
4(525 635 636 526)
4(526 636 637 527)
4(518 529 639 628)
4(528 638 639 529)
4(517 627 638 528)
4(519 530 640 629)
4(529 639 640 530)
4(520 531 641 630)
4(530 640 641 531)
4(521 532 642 631)
4(531 641 642 532)
4(522 533 643 632)
4(532 642 643 533)
4(523 534 644 633)
4(533 643 644 534)
4(524 535 645 634)
4(534 644 645 535)
4(525 536 646 635)
4(535 645 646 536)
4(526 537 647 636)
4(536 646 647 537)
4(537 647 648 538)
4(529 540 650 639)
4(539 649 650 540)
4(528 638 649 539)
4(530 541 651 640)
4(540 650 651 541)
4(531 542 652 641)
4(541 651 652 542)
4(532 543 653 642)
4(542 652 653 543)
4(533 544 654 643)
4(543 653 654 544)
4(534 545 655 644)
4(544 654 655 545)
4(535 546 656 645)
4(545 655 656 546)
4(536 547 657 646)
4(546 656 657 547)
4(537 548 658 647)
4(547 657 658 548)
4(548 658 659 549)
4(540 551 661 650)
4(550 660 661 551)
4(539 649 660 550)
4(541 552 662 651)
4(551 661 662 552)
4(542 553 663 652)
4(552 662 663 553)
4(543 554 664 653)
4(553 663 664 554)
4(544 555 665 654)
4(554 664 665 555)
4(545 556 666 655)
4(555 665 666 556)
4(546 557 667 656)
4(556 666 667 557)
4(547 558 668 657)
4(557 667 668 558)
4(548 559 669 658)
4(558 668 669 559)
4(559 669 670 560)
4(551 562 672 661)
4(561 671 672 562)
4(550 660 671 561)
4(552 563 673 662)
4(562 672 673 563)
4(553 564 674 663)
4(563 673 674 564)
4(554 565 675 664)
4(564 674 675 565)
4(555 566 676 665)
4(565 675 676 566)
4(556 567 677 666)
4(566 676 677 567)
4(557 568 678 667)
4(567 677 678 568)
4(558 569 679 668)
4(568 678 679 569)
4(559 570 680 669)
4(569 679 680 570)
4(570 680 681 571)
4(562 573 683 672)
4(572 682 683 573)
4(561 671 682 572)
4(563 574 684 673)
4(573 683 684 574)
4(564 575 685 674)
4(574 684 685 575)
4(565 576 686 675)
4(575 685 686 576)
4(566 577 687 676)
4(576 686 687 577)
4(567 578 688 677)
4(577 687 688 578)
4(568 579 689 678)
4(578 688 689 579)
4(569 580 690 679)
4(579 689 690 580)
4(570 581 691 680)
4(580 690 691 581)
4(581 691 692 582)
4(573 584 694 683)
4(583 693 694 584)
4(572 682 693 583)
4(574 585 695 684)
4(584 694 695 585)
4(575 586 696 685)
4(585 695 696 586)
4(576 587 697 686)
4(586 696 697 587)
4(577 588 698 687)
4(587 697 698 588)
4(578 589 699 688)
4(588 698 699 589)
4(579 590 700 689)
4(589 699 700 590)
4(580 591 701 690)
4(590 700 701 591)
4(581 592 702 691)
4(591 701 702 592)
4(592 702 703 593)
4(584 595 705 694)
4(594 704 705 595)
4(583 693 704 594)
4(585 596 706 695)
4(595 705 706 596)
4(586 597 707 696)
4(596 706 707 597)
4(587 598 708 697)
4(597 707 708 598)
4(588 599 709 698)
4(598 708 709 599)
4(589 600 710 699)
4(599 709 710 600)
4(590 601 711 700)
4(600 710 711 601)
4(591 602 712 701)
4(601 711 712 602)
4(592 603 713 702)
4(602 712 713 603)
4(603 713 714 604)
4(595 606 716 705)
4(594 704 715 605)
4(596 607 717 706)
4(597 608 718 707)
4(598 609 719 708)
4(599 610 720 709)
4(600 611 721 710)
4(601 612 722 711)
4(602 613 723 712)
4(603 614 724 713)
4(506 727 837 616)
4(726 836 837 727)
4(517 728 838 627)
4(727 837 838 728)
4(528 729 839 638)
4(728 838 839 729)
4(539 730 840 649)
4(729 839 840 730)
4(550 731 841 660)
4(730 840 841 731)
4(561 732 842 671)
4(731 841 842 732)
4(572 733 843 682)
4(732 842 843 733)
4(583 734 844 693)
4(733 843 844 734)
4(594 735 845 704)
4(734 844 845 735)
4(735 845 846 736)
4(727 738 848 837)
4(737 847 848 738)
4(728 739 849 838)
4(738 848 849 739)
4(729 740 850 839)
4(739 849 850 740)
4(730 741 851 840)
4(740 850 851 741)
4(731 742 852 841)
4(741 851 852 742)
4(732 743 853 842)
4(742 852 853 743)
4(733 744 854 843)
4(743 853 854 744)
4(734 745 855 844)
4(744 854 855 745)
4(735 746 856 845)
4(745 855 856 746)
4(746 856 857 747)
4(738 749 859 848)
4(748 858 859 749)
4(739 750 860 849)
4(749 859 860 750)
4(740 751 861 850)
4(750 860 861 751)
4(741 752 862 851)
4(751 861 862 752)
4(742 753 863 852)
4(752 862 863 753)
4(743 754 864 853)
4(753 863 864 754)
4(744 755 865 854)
4(754 864 865 755)
4(745 756 866 855)
4(755 865 866 756)
4(746 757 867 856)
4(756 866 867 757)
4(757 867 868 758)
4(749 760 870 859)
4(759 869 870 760)
4(750 761 871 860)
4(760 870 871 761)
4(751 762 872 861)
4(761 871 872 762)
4(752 763 873 862)
4(762 872 873 763)
4(753 764 874 863)
4(763 873 874 764)
4(754 765 875 864)
4(764 874 875 765)
4(755 766 876 865)
4(765 875 876 766)
4(756 767 877 866)
4(766 876 877 767)
4(757 768 878 867)
4(767 877 878 768)
4(768 878 879 769)
4(760 771 881 870)
4(770 880 881 771)
4(761 772 882 871)
4(771 881 882 772)
4(762 773 883 872)
4(772 882 883 773)
4(763 774 884 873)
4(773 883 884 774)
4(764 775 885 874)
4(774 884 885 775)
4(765 776 886 875)
4(775 885 886 776)
4(766 777 887 876)
4(776 886 887 777)
4(767 778 888 877)
4(777 887 888 778)
4(768 779 889 878)
4(778 888 889 779)
4(779 889 890 780)
4(771 782 892 881)
4(781 891 892 782)
4(772 783 893 882)
4(782 892 893 783)
4(773 784 894 883)
4(783 893 894 784)
4(774 785 895 884)
4(784 894 895 785)
4(775 786 896 885)
4(785 895 896 786)
4(776 787 897 886)
4(786 896 897 787)
4(777 788 898 887)
4(787 897 898 788)
4(778 789 899 888)
4(788 898 899 789)
4(779 790 900 889)
4(789 899 900 790)
4(790 900 901 791)
4(782 793 903 892)
4(792 902 903 793)
4(783 794 904 893)
4(793 903 904 794)
4(784 795 905 894)
4(794 904 905 795)
4(785 796 906 895)
4(795 905 906 796)
4(786 797 907 896)
4(796 906 907 797)
4(787 798 908 897)
4(797 907 908 798)
4(788 799 909 898)
4(798 908 909 799)
4(789 800 910 899)
4(799 909 910 800)
4(790 801 911 900)
4(800 910 911 801)
4(801 911 912 802)
4(793 804 914 903)
4(803 913 914 804)
4(794 805 915 904)
4(804 914 915 805)
4(795 806 916 905)
4(805 915 916 806)
4(796 807 917 906)
4(806 916 917 807)
4(797 808 918 907)
4(807 917 918 808)
4(798 809 919 908)
4(808 918 919 809)
4(799 810 920 909)
4(809 919 920 810)
4(800 811 921 910)
4(810 920 921 811)
4(801 812 922 911)
4(811 921 922 812)
4(812 922 923 813)
4(804 815 925 914)
4(814 924 925 815)
4(805 816 926 915)
4(815 925 926 816)
4(806 817 927 916)
4(816 926 927 817)
4(807 818 928 917)
4(817 927 928 818)
4(808 819 929 918)
4(818 928 929 819)
4(809 820 930 919)
4(819 929 930 820)
4(810 821 931 920)
4(820 930 931 821)
4(811 822 932 921)
4(821 931 932 822)
4(812 823 933 922)
4(822 932 933 823)
4(823 933 934 824)
4(815 826 936 925)
4(816 827 937 926)
4(817 828 938 927)
4(818 829 939 928)
4(819 830 940 929)
4(820 831 941 930)
4(821 832 942 931)
4(822 833 943 932)
4(823 834 944 933)
4(250 251 361 360)
4(360 359 249 250)
4(359 358 248 249)
4(358 357 247 248)
4(357 356 246 247)
4(356 355 245 246)
4(355 354 244 245)
4(354 353 243 244)
4(353 352 242 243)
4(352 131 10 242)
4(131 130 9 10)
4(130 129 8 9)
4(129 128 7 8)
4(128 127 6 7)
4(127 126 5 6)
4(126 125 4 5)
4(125 124 3 4)
4(124 123 2 3)
4(123 122 1 2)
4(122 121 0 1)
4(614 724 725 615)
4(724 614 613 723)
4(723 613 612 722)
4(722 612 611 721)
4(721 611 610 720)
4(720 610 609 719)
4(719 609 608 718)
4(718 608 607 717)
4(717 607 606 716)
4(716 606 605 715)
4(715 605 736 846)
4(846 736 747 857)
4(857 747 758 868)
4(868 758 769 879)
4(879 769 780 890)
4(890 780 791 901)
4(901 791 802 912)
4(912 802 813 923)
4(923 813 824 934)
4(934 824 835 945)
4(251 261 371 361)
4(261 271 381 371)
4(271 281 391 381)
4(281 291 401 391)
4(291 301 411 401)
4(301 311 421 411)
4(311 321 431 421)
4(321 331 441 431)
4(331 341 451 441)
4(341 351 461 451)
4(351 472 494 461)
4(472 483 505 494)
4(483 516 626 505)
4(516 527 637 626)
4(527 538 648 637)
4(538 549 659 648)
4(549 560 670 659)
4(560 571 681 670)
4(571 582 692 681)
4(582 593 703 692)
4(593 604 714 703)
4(604 615 725 714)
4(0 121 132 11)
4(11 132 143 22)
4(22 143 154 33)
4(33 154 165 44)
4(44 165 176 55)
4(55 176 187 66)
4(66 187 198 77)
4(77 198 209 88)
4(88 209 220 99)
4(99 220 231 110)
4(110 231 232 111)
4(111 232 233 112)
4(112 233 234 113)
4(113 234 235 114)
4(114 235 236 115)
4(115 236 237 116)
4(116 237 238 117)
4(117 238 239 118)
4(118 239 240 119)
4(119 240 241 120)
4(120 241 484 462)
4(462 484 495 473)
4(473 495 836 726)
4(726 836 847 737)
4(737 847 858 748)
4(748 858 869 759)
4(759 869 880 770)
4(770 880 891 781)
4(781 891 902 792)
4(792 902 913 803)
4(803 913 924 814)
4(814 924 935 825)
4(825 935 936 826)
4(826 936 937 827)
4(827 937 938 828)
4(828 938 939 829)
4(829 939 940 830)
4(830 940 941 831)
4(831 941 942 832)
4(832 942 943 833)
4(833 943 944 834)
4(834 944 945 835)
4(0 11 12 1)
4(11 22 23 12)
4(22 33 34 23)
4(33 44 45 34)
4(44 55 56 45)
4(55 66 67 56)
4(66 77 78 67)
4(77 88 89 78)
4(88 99 100 89)
4(99 110 111 100)
4(1 12 13 2)
4(12 23 24 13)
4(23 34 35 24)
4(34 45 46 35)
4(45 56 57 46)
4(56 67 68 57)
4(67 78 79 68)
4(78 89 90 79)
4(89 100 101 90)
4(100 111 112 101)
4(2 13 14 3)
4(13 24 25 14)
4(24 35 36 25)
4(35 46 47 36)
4(46 57 58 47)
4(57 68 69 58)
4(68 79 80 69)
4(79 90 91 80)
4(90 101 102 91)
4(101 112 113 102)
4(3 14 15 4)
4(14 25 26 15)
4(25 36 37 26)
4(36 47 48 37)
4(47 58 59 48)
4(58 69 70 59)
4(69 80 81 70)
4(80 91 92 81)
4(91 102 103 92)
4(102 113 114 103)
4(4 15 16 5)
4(15 26 27 16)
4(26 37 38 27)
4(37 48 49 38)
4(48 59 60 49)
4(59 70 71 60)
4(70 81 82 71)
4(81 92 93 82)
4(92 103 104 93)
4(103 114 115 104)
4(5 16 17 6)
4(16 27 28 17)
4(27 38 39 28)
4(38 49 50 39)
4(49 60 61 50)
4(60 71 72 61)
4(71 82 83 72)
4(82 93 94 83)
4(93 104 105 94)
4(104 115 116 105)
4(6 17 18 7)
4(17 28 29 18)
4(28 39 40 29)
4(39 50 51 40)
4(50 61 62 51)
4(61 72 73 62)
4(72 83 84 73)
4(83 94 95 84)
4(94 105 106 95)
4(105 116 117 106)
4(7 18 19 8)
4(18 29 30 19)
4(29 40 41 30)
4(40 51 52 41)
4(51 62 63 52)
4(62 73 74 63)
4(73 84 85 74)
4(84 95 96 85)
4(95 106 107 96)
4(106 117 118 107)
4(8 19 20 9)
4(19 30 31 20)
4(30 41 42 31)
4(41 52 53 42)
4(52 63 64 53)
4(63 74 75 64)
4(74 85 86 75)
4(85 96 97 86)
4(96 107 108 97)
4(107 118 119 108)
4(9 20 21 10)
4(20 31 32 21)
4(31 42 43 32)
4(42 53 54 43)
4(53 64 65 54)
4(64 75 76 65)
4(75 86 87 76)
4(86 97 98 87)
4(97 108 109 98)
4(108 119 120 109)
4(10 21 252 242)
4(21 32 262 252)
4(32 43 272 262)
4(43 54 282 272)
4(54 65 292 282)
4(65 76 302 292)
4(76 87 312 302)
4(87 98 322 312)
4(98 109 332 322)
4(109 120 342 332)
4(242 252 253 243)
4(252 262 263 253)
4(262 272 273 263)
4(272 282 283 273)
4(282 292 293 283)
4(292 302 303 293)
4(302 312 313 303)
4(312 322 323 313)
4(322 332 333 323)
4(332 342 343 333)
4(243 253 254 244)
4(253 263 264 254)
4(263 273 274 264)
4(273 283 284 274)
4(283 293 294 284)
4(293 303 304 294)
4(303 313 314 304)
4(313 323 324 314)
4(323 333 334 324)
4(333 343 344 334)
4(244 254 255 245)
4(254 264 265 255)
4(264 274 275 265)
4(274 284 285 275)
4(284 294 295 285)
4(294 304 305 295)
4(304 314 315 305)
4(314 324 325 315)
4(324 334 335 325)
4(334 344 345 335)
4(245 255 256 246)
4(255 265 266 256)
4(265 275 276 266)
4(275 285 286 276)
4(285 295 296 286)
4(295 305 306 296)
4(305 315 316 306)
4(315 325 326 316)
4(325 335 336 326)
4(335 345 346 336)
4(246 256 257 247)
4(256 266 267 257)
4(266 276 277 267)
4(276 286 287 277)
4(286 296 297 287)
4(296 306 307 297)
4(306 316 317 307)
4(316 326 327 317)
4(326 336 337 327)
4(336 346 347 337)
4(247 257 258 248)
4(257 267 268 258)
4(267 277 278 268)
4(277 287 288 278)
4(287 297 298 288)
4(297 307 308 298)
4(307 317 318 308)
4(317 327 328 318)
4(327 337 338 328)
4(337 347 348 338)
4(248 258 259 249)
4(258 268 269 259)
4(268 278 279 269)
4(278 288 289 279)
4(288 298 299 289)
4(298 308 309 299)
4(308 318 319 309)
4(318 328 329 319)
4(328 338 339 329)
4(338 348 349 339)
4(249 259 260 250)
4(259 269 270 260)
4(269 279 280 270)
4(279 289 290 280)
4(289 299 300 290)
4(299 309 310 300)
4(309 319 320 310)
4(319 329 330 320)
4(329 339 340 330)
4(339 349 350 340)
4(250 260 261 251)
4(260 270 271 261)
4(270 280 281 271)
4(280 290 291 281)
4(290 300 301 291)
4(300 310 311 301)
4(310 320 321 311)
4(320 330 331 321)
4(330 340 341 331)
4(340 350 351 341)
4(120 462 463 342)
4(462 473 474 463)
4(342 463 464 343)
4(463 474 475 464)
4(343 464 465 344)
4(464 475 476 465)
4(344 465 466 345)
4(465 476 477 466)
4(345 466 467 346)
4(466 477 478 467)
4(346 467 468 347)
4(467 478 479 468)
4(347 468 469 348)
4(468 479 480 469)
4(348 469 470 349)
4(469 480 481 470)
4(349 470 471 350)
4(470 481 482 471)
4(350 471 472 351)
4(471 482 483 472)
4(473 506 507 474)
4(506 517 518 507)
4(517 528 529 518)
4(528 539 540 529)
4(539 550 551 540)
4(550 561 562 551)
4(561 572 573 562)
4(572 583 584 573)
4(583 594 595 584)
4(594 605 606 595)
4(474 507 508 475)
4(507 518 519 508)
4(518 529 530 519)
4(529 540 541 530)
4(540 551 552 541)
4(551 562 563 552)
4(562 573 574 563)
4(573 584 585 574)
4(584 595 596 585)
4(595 606 607 596)
4(475 508 509 476)
4(508 519 520 509)
4(519 530 531 520)
4(530 541 542 531)
4(541 552 553 542)
4(552 563 564 553)
4(563 574 575 564)
4(574 585 586 575)
4(585 596 597 586)
4(596 607 608 597)
4(476 509 510 477)
4(509 520 521 510)
4(520 531 532 521)
4(531 542 543 532)
4(542 553 554 543)
4(553 564 565 554)
4(564 575 576 565)
4(575 586 587 576)
4(586 597 598 587)
4(597 608 609 598)
4(477 510 511 478)
4(510 521 522 511)
4(521 532 533 522)
4(532 543 544 533)
4(543 554 555 544)
4(554 565 566 555)
4(565 576 577 566)
4(576 587 588 577)
4(587 598 599 588)
4(598 609 610 599)
4(478 511 512 479)
4(511 522 523 512)
4(522 533 534 523)
4(533 544 545 534)
4(544 555 556 545)
4(555 566 567 556)
4(566 577 578 567)
4(577 588 589 578)
4(588 599 600 589)
4(599 610 611 600)
4(479 512 513 480)
4(512 523 524 513)
4(523 534 535 524)
4(534 545 546 535)
4(545 556 557 546)
4(556 567 568 557)
4(567 578 579 568)
4(578 589 590 579)
4(589 600 601 590)
4(600 611 612 601)
4(480 513 514 481)
4(513 524 525 514)
4(524 535 536 525)
4(535 546 547 536)
4(546 557 558 547)
4(557 568 569 558)
4(568 579 580 569)
4(579 590 591 580)
4(590 601 602 591)
4(601 612 613 602)
4(481 514 515 482)
4(514 525 526 515)
4(525 536 537 526)
4(536 547 548 537)
4(547 558 559 548)
4(558 569 570 559)
4(569 580 581 570)
4(580 591 592 581)
4(591 602 603 592)
4(602 613 614 603)
4(482 515 516 483)
4(515 526 527 516)
4(526 537 538 527)
4(537 548 549 538)
4(548 559 560 549)
4(559 570 571 560)
4(570 581 582 571)
4(581 592 593 582)
4(592 603 604 593)
4(603 614 615 604)
4(473 726 727 506)
4(726 737 738 727)
4(737 748 749 738)
4(748 759 760 749)
4(759 770 771 760)
4(770 781 782 771)
4(781 792 793 782)
4(792 803 804 793)
4(803 814 815 804)
4(814 825 826 815)
4(506 727 728 517)
4(727 738 739 728)
4(738 749 750 739)
4(749 760 761 750)
4(760 771 772 761)
4(771 782 783 772)
4(782 793 794 783)
4(793 804 805 794)
4(804 815 816 805)
4(815 826 827 816)
4(517 728 729 528)
4(728 739 740 729)
4(739 750 751 740)
4(750 761 762 751)
4(761 772 773 762)
4(772 783 784 773)
4(783 794 795 784)
4(794 805 806 795)
4(805 816 817 806)
4(816 827 828 817)
4(528 729 730 539)
4(729 740 741 730)
4(740 751 752 741)
4(751 762 763 752)
4(762 773 774 763)
4(773 784 785 774)
4(784 795 796 785)
4(795 806 807 796)
4(806 817 818 807)
4(817 828 829 818)
4(539 730 731 550)
4(730 741 742 731)
4(741 752 753 742)
4(752 763 764 753)
4(763 774 775 764)
4(774 785 786 775)
4(785 796 797 786)
4(796 807 808 797)
4(807 818 819 808)
4(818 829 830 819)
4(550 731 732 561)
4(731 742 743 732)
4(742 753 754 743)
4(753 764 765 754)
4(764 775 776 765)
4(775 786 787 776)
4(786 797 798 787)
4(797 808 809 798)
4(808 819 820 809)
4(819 830 831 820)
4(561 732 733 572)
4(732 743 744 733)
4(743 754 755 744)
4(754 765 766 755)
4(765 776 777 766)
4(776 787 788 777)
4(787 798 799 788)
4(798 809 810 799)
4(809 820 821 810)
4(820 831 832 821)
4(572 733 734 583)
4(733 744 745 734)
4(744 755 756 745)
4(755 766 767 756)
4(766 777 778 767)
4(777 788 789 778)
4(788 799 800 789)
4(799 810 811 800)
4(810 821 822 811)
4(821 832 833 822)
4(583 734 735 594)
4(734 745 746 735)
4(745 756 757 746)
4(756 767 768 757)
4(767 778 779 768)
4(778 789 790 779)
4(789 800 801 790)
4(800 811 812 801)
4(811 822 823 812)
4(822 833 834 823)
4(594 735 736 605)
4(735 746 747 736)
4(746 757 758 747)
4(757 768 769 758)
4(768 779 780 769)
4(779 790 791 780)
4(790 801 802 791)
4(801 812 813 802)
4(812 823 824 813)
4(823 834 835 824)
4(121 122 133 132)
4(132 133 144 143)
4(143 144 155 154)
4(154 155 166 165)
4(165 166 177 176)
4(176 177 188 187)
4(187 188 199 198)
4(198 199 210 209)
4(209 210 221 220)
4(220 221 232 231)
4(122 123 134 133)
4(133 134 145 144)
4(144 145 156 155)
4(155 156 167 166)
4(166 167 178 177)
4(177 178 189 188)
4(188 189 200 199)
4(199 200 211 210)
4(210 211 222 221)
4(221 222 233 232)
4(123 124 135 134)
4(134 135 146 145)
4(145 146 157 156)
4(156 157 168 167)
4(167 168 179 178)
4(178 179 190 189)
4(189 190 201 200)
4(200 201 212 211)
4(211 212 223 222)
4(222 223 234 233)
4(124 125 136 135)
4(135 136 147 146)
4(146 147 158 157)
4(157 158 169 168)
4(168 169 180 179)
4(179 180 191 190)
4(190 191 202 201)
4(201 202 213 212)
4(212 213 224 223)
4(223 224 235 234)
4(125 126 137 136)
4(136 137 148 147)
4(147 148 159 158)
4(158 159 170 169)
4(169 170 181 180)
4(180 181 192 191)
4(191 192 203 202)
4(202 203 214 213)
4(213 214 225 224)
4(224 225 236 235)
4(126 127 138 137)
4(137 138 149 148)
4(148 149 160 159)
4(159 160 171 170)
4(170 171 182 181)
4(181 182 193 192)
4(192 193 204 203)
4(203 204 215 214)
4(214 215 226 225)
4(225 226 237 236)
4(127 128 139 138)
4(138 139 150 149)
4(149 150 161 160)
4(160 161 172 171)
4(171 172 183 182)
4(182 183 194 193)
4(193 194 205 204)
4(204 205 216 215)
4(215 216 227 226)
4(226 227 238 237)
4(128 129 140 139)
4(139 140 151 150)
4(150 151 162 161)
4(161 162 173 172)
4(172 173 184 183)
4(183 184 195 194)
4(194 195 206 205)
4(205 206 217 216)
4(216 217 228 227)
4(227 228 239 238)
4(129 130 141 140)
4(140 141 152 151)
4(151 152 163 162)
4(162 163 174 173)
4(173 174 185 184)
4(184 185 196 195)
4(195 196 207 206)
4(206 207 218 217)
4(217 218 229 228)
4(228 229 240 239)
4(130 131 142 141)
4(141 142 153 152)
4(152 153 164 163)
4(163 164 175 174)
4(174 175 186 185)
4(185 186 197 196)
4(196 197 208 207)
4(207 208 219 218)
4(218 219 230 229)
4(229 230 241 240)
4(131 352 362 142)
4(142 362 372 153)
4(153 372 382 164)
4(164 382 392 175)
4(175 392 402 186)
4(186 402 412 197)
4(197 412 422 208)
4(208 422 432 219)
4(219 432 442 230)
4(230 442 452 241)
4(352 353 363 362)
4(362 363 373 372)
4(372 373 383 382)
4(382 383 393 392)
4(392 393 403 402)
4(402 403 413 412)
4(412 413 423 422)
4(422 423 433 432)
4(432 433 443 442)
4(442 443 453 452)
4(353 354 364 363)
4(363 364 374 373)
4(373 374 384 383)
4(383 384 394 393)
4(393 394 404 403)
4(403 404 414 413)
4(413 414 424 423)
4(423 424 434 433)
4(433 434 444 443)
4(443 444 454 453)
4(354 355 365 364)
4(364 365 375 374)
4(374 375 385 384)
4(384 385 395 394)
4(394 395 405 404)
4(404 405 415 414)
4(414 415 425 424)
4(424 425 435 434)
4(434 435 445 444)
4(444 445 455 454)
4(355 356 366 365)
4(365 366 376 375)
4(375 376 386 385)
4(385 386 396 395)
4(395 396 406 405)
4(405 406 416 415)
4(415 416 426 425)
4(425 426 436 435)
4(435 436 446 445)
4(445 446 456 455)
4(356 357 367 366)
4(366 367 377 376)
4(376 377 387 386)
4(386 387 397 396)
4(396 397 407 406)
4(406 407 417 416)
4(416 417 427 426)
4(426 427 437 436)
4(436 437 447 446)
4(446 447 457 456)
4(357 358 368 367)
4(367 368 378 377)
4(377 378 388 387)
4(387 388 398 397)
4(397 398 408 407)
4(407 408 418 417)
4(417 418 428 427)
4(427 428 438 437)
4(437 438 448 447)
4(447 448 458 457)
4(358 359 369 368)
4(368 369 379 378)
4(378 379 389 388)
4(388 389 399 398)
4(398 399 409 408)
4(408 409 419 418)
4(418 419 429 428)
4(428 429 439 438)
4(438 439 449 448)
4(448 449 459 458)
4(359 360 370 369)
4(369 370 380 379)
4(379 380 390 389)
4(389 390 400 399)
4(399 400 410 409)
4(409 410 420 419)
4(419 420 430 429)
4(429 430 440 439)
4(439 440 450 449)
4(449 450 460 459)
4(360 361 371 370)
4(370 371 381 380)
4(380 381 391 390)
4(390 391 401 400)
4(400 401 411 410)
4(410 411 421 420)
4(420 421 431 430)
4(430 431 441 440)
4(440 441 451 450)
4(450 451 461 460)
4(241 452 485 484)
4(484 485 496 495)
4(452 453 486 485)
4(485 486 497 496)
4(453 454 487 486)
4(486 487 498 497)
4(454 455 488 487)
4(487 488 499 498)
4(455 456 489 488)
4(488 489 500 499)
4(456 457 490 489)
4(489 490 501 500)
4(457 458 491 490)
4(490 491 502 501)
4(458 459 492 491)
4(491 492 503 502)
4(459 460 493 492)
4(492 493 504 503)
4(460 461 494 493)
4(493 494 505 504)
4(495 496 617 616)
4(616 617 628 627)
4(627 628 639 638)
4(638 639 650 649)
4(649 650 661 660)
4(660 661 672 671)
4(671 672 683 682)
4(682 683 694 693)
4(693 694 705 704)
4(704 705 716 715)
4(496 497 618 617)
4(617 618 629 628)
4(628 629 640 639)
4(639 640 651 650)
4(650 651 662 661)
4(661 662 673 672)
4(672 673 684 683)
4(683 684 695 694)
4(694 695 706 705)
4(705 706 717 716)
4(497 498 619 618)
4(618 619 630 629)
4(629 630 641 640)
4(640 641 652 651)
4(651 652 663 662)
4(662 663 674 673)
4(673 674 685 684)
4(684 685 696 695)
4(695 696 707 706)
4(706 707 718 717)
4(498 499 620 619)
4(619 620 631 630)
4(630 631 642 641)
4(641 642 653 652)
4(652 653 664 663)
4(663 664 675 674)
4(674 675 686 685)
4(685 686 697 696)
4(696 697 708 707)
4(707 708 719 718)
4(499 500 621 620)
4(620 621 632 631)
4(631 632 643 642)
4(642 643 654 653)
4(653 654 665 664)
4(664 665 676 675)
4(675 676 687 686)
4(686 687 698 697)
4(697 698 709 708)
4(708 709 720 719)
4(500 501 622 621)
4(621 622 633 632)
4(632 633 644 643)
4(643 644 655 654)
4(654 655 666 665)
4(665 666 677 676)
4(676 677 688 687)
4(687 688 699 698)
4(698 699 710 709)
4(709 710 721 720)
4(501 502 623 622)
4(622 623 634 633)
4(633 634 645 644)
4(644 645 656 655)
4(655 656 667 666)
4(666 667 678 677)
4(677 678 689 688)
4(688 689 700 699)
4(699 700 711 710)
4(710 711 722 721)
4(502 503 624 623)
4(623 624 635 634)
4(634 635 646 645)
4(645 646 657 656)
4(656 657 668 667)
4(667 668 679 678)
4(678 679 690 689)
4(689 690 701 700)
4(700 701 712 711)
4(711 712 723 722)
4(503 504 625 624)
4(624 625 636 635)
4(635 636 647 646)
4(646 647 658 657)
4(657 658 669 668)
4(668 669 680 679)
4(679 680 691 690)
4(690 691 702 701)
4(701 702 713 712)
4(712 713 724 723)
4(504 505 626 625)
4(625 626 637 636)
4(636 637 648 647)
4(647 648 659 658)
4(658 659 670 669)
4(669 670 681 680)
4(680 681 692 691)
4(691 692 703 702)
4(702 703 714 713)
4(713 714 725 724)
4(495 616 837 836)
4(836 837 848 847)
4(847 848 859 858)
4(858 859 870 869)
4(869 870 881 880)
4(880 881 892 891)
4(891 892 903 902)
4(902 903 914 913)
4(913 914 925 924)
4(924 925 936 935)
4(616 627 838 837)
4(837 838 849 848)
4(848 849 860 859)
4(859 860 871 870)
4(870 871 882 881)
4(881 882 893 892)
4(892 893 904 903)
4(903 904 915 914)
4(914 915 926 925)
4(925 926 937 936)
4(627 638 839 838)
4(838 839 850 849)
4(849 850 861 860)
4(860 861 872 871)
4(871 872 883 882)
4(882 883 894 893)
4(893 894 905 904)
4(904 905 916 915)
4(915 916 927 926)
4(926 927 938 937)
4(638 649 840 839)
4(839 840 851 850)
4(850 851 862 861)
4(861 862 873 872)
4(872 873 884 883)
4(883 884 895 894)
4(894 895 906 905)
4(905 906 917 916)
4(916 917 928 927)
4(927 928 939 938)
4(649 660 841 840)
4(840 841 852 851)
4(851 852 863 862)
4(862 863 874 873)
4(873 874 885 884)
4(884 885 896 895)
4(895 896 907 906)
4(906 907 918 917)
4(917 918 929 928)
4(928 929 940 939)
4(660 671 842 841)
4(841 842 853 852)
4(852 853 864 863)
4(863 864 875 874)
4(874 875 886 885)
4(885 886 897 896)
4(896 897 908 907)
4(907 908 919 918)
4(918 919 930 929)
4(929 930 941 940)
4(671 682 843 842)
4(842 843 854 853)
4(853 854 865 864)
4(864 865 876 875)
4(875 876 887 886)
4(886 887 898 897)
4(897 898 909 908)
4(908 909 920 919)
4(919 920 931 930)
4(930 931 942 941)
4(682 693 844 843)
4(843 844 855 854)
4(854 855 866 865)
4(865 866 877 876)
4(876 877 888 887)
4(887 888 899 898)
4(898 899 910 909)
4(909 910 921 920)
4(920 921 932 931)
4(931 932 943 942)
4(693 704 845 844)
4(844 845 856 855)
4(855 856 867 866)
4(866 867 878 877)
4(877 878 889 888)
4(888 889 900 899)
4(899 900 911 910)
4(910 911 922 921)
4(921 922 933 932)
4(932 933 944 943)
4(704 715 846 845)
4(845 846 857 856)
4(856 857 868 867)
4(867 868 879 878)
4(878 879 890 889)
4(889 890 901 900)
4(900 901 912 911)
4(911 912 923 922)
4(922 923 934 933)
4(933 934 945 944)
)


// ************************************************************************* //
