/*--------------------------------*- C++ -*----------------------------------*\
  =========                 |
  \\      /  F ield         | OpenFOAM: The Open Source CFD Toolbox
   \\    /   O peration     | Website:  https://openfoam.org
    \\  /    A nd           | Version:  10
     \\/     M anipulation  |
\*---------------------------------------------------------------------------*/
FoamFile
{
    format      ascii;
    class       vectorField;
    location    "constant/polyMesh";
    object      points;
}
// * * * * * * * * * * * * * * * * * * * * * * * * * * * * * * * * * * * * * //


946
(
(0.08 0 0)
(0.092 0 0)
(0.104 0 0)
(0.116 0 0)
(0.128 0 0)
(0.14 0 0)
(0.152 0 0)
(0.164 0 0)
(0.176 0 0)
(0.188 0 0)
(0.2 0 0)
(0.07978267839 0.005923960336 0)
(0.09174929409 0.006813324617 0)
(0.1037159098 0.007702688898 0)
(0.1156825255 0.00859205318 0)
(0.1276491412 0.009481417461 0)
(0.1396157569 0.01037078174 0)
(0.1515823726 0.01126014602 0)
(0.1635489883 0.0121495103 0)
(0.175515604 0.01303887459 0)
(0.1874822197 0.01392823887 0)
(0.1994488353 0.01481760315 0)
(0.07912637785 0.01181546306 0)
(0.09099395654 0.01358929039 0)
(0.1028615352 0.01536311772 0)
(0.1147291139 0.01713694505 0)
(0.1265966926 0.01891077238 0)
(0.1384642713 0.0206845997 0)
(0.15033185 0.02245842703 0)
(0.1621994287 0.02423225436 0)
(0.1740670074 0.02600608169 0)
(0.1859345861 0.02777990902 0)
(0.1978021648 0.02955373635 0)
(0.07803471704 0.01764202392 0)
(0.08973814798 0.02029057329 0)
(0.1014415789 0.02293912266 0)
(0.1131450099 0.02558767203 0)
(0.1248484408 0.02823622139 0)
(0.1365518718 0.03088477076 0)
(0.1482553027 0.03353332013 0)
(0.1599587336 0.0361818695 0)
(0.1716621646 0.03883041887 0)
(0.1833655955 0.04147896824 0)
(0.1950690265 0.04412751761 0)
(0.07651371512 0.02337151673 0)
(0.08798878577 0.02688026066 0)
(0.09946385642 0.03038900459 0)
(0.1109389271 0.03389774852 0)
(0.1224139977 0.03740649246 0)
(0.1338890684 0.04091523639 0)
(0.145364139 0.04442398032 0)
(0.1568392097 0.04793272425 0)
(0.1683142803 0.05144146818 0)
(0.179789351 0.05495021211 0)
(0.1912644216 0.05845895605 0)
(0.07457175849 0.02897235052 0)
(0.0857555059 0.03332205456 0)
(0.09693925331 0.0376717586 0)
(0.1081230007 0.04202146264 0)
(0.1193067481 0.04637116667 0)
(0.1304904955 0.05072087071 0)
(0.1416742429 0.05507057475 0)
(0.1528579904 0.05942027879 0)
(0.1640417378 0.06376998283 0)
(0.1752254852 0.06811968686 0)
(0.1864092326 0.0724693909 0)
(0.07221955462 0.03441364372 0)
(0.08305060995 0.03958047168 0)
(0.09388166528 0.04474729964 0)
(0.1047127206 0.0499141276 0)
(0.1155437759 0.05508095556 0)
(0.1263748313 0.06024778352 0)
(0.1372058866 0.06541461148 0)
(0.1480369419 0.07058143944 0)
(0.1588679973 0.0757482674 0)
(0.1696990526 0.08091509536 0)
(0.1805301079 0.08608192332 0)
(0.06947007296 0.03966539442 0)
(0.07988899729 0.04562103881 0)
(0.09030792163 0.05157668321 0)
(0.100726846 0.05753232761 0)
(0.1111457703 0.06348797201 0)
(0.1215646946 0.06944361641 0)
(0.131983619 0.0753992608 0)
(0.1424025433 0.0813549052 0)
(0.1528214676 0.0873105496 0)
(0.163240392 0.093266194 0)
(0.1736593163 0.0992218384 0)
(0.06633847346 0.04469864578 0)
(0.07628808305 0.05141048273 0)
(0.08623769264 0.05812231968 0)
(0.09618730223 0.06483415663 0)
(0.1061369118 0.07154599358 0)
(0.1160865214 0.07825783053 0)
(0.126036131 0.08496966748 0)
(0.1359857406 0.09168150443 0)
(0.1459353502 0.09839334138 0)
(0.1558849598 0.1051051783 0)
(0.1658345694 0.1118170153 0)
(0.06284202296 0.04948564574 0)
(0.07226770213 0.05691691347 0)
(0.0816933813 0.0643481812 0)
(0.09111906047 0.07177944893 0)
(0.1005447396 0.07921071666 0)
(0.1099704188 0.08664198438 0)
(0.119396098 0.09407325211 0)
(0.1288217772 0.1015045198 0)
(0.1382474563 0.1089357876 0)
(0.1476731355 0.1163670553 0)
(0.1570988147 0.123798323 0)
(0.059 0.054 0)
(0.06785 0.06211 0)
(0.0767 0.07022 0)
(0.08555 0.07833 0)
(0.0944 0.08644 0)
(0.10325 0.09455 0)
(0.1121 0.10266 0)
(0.12095 0.11077 0)
(0.1298 0.11888 0)
(0.13865 0.12699 0)
(0.1475 0.1351 0)
(0.08 0 0.001)
(0.092 0 0.001)
(0.104 0 0.001)
(0.116 0 0.001)
(0.128 0 0.001)
(0.14 0 0.001)
(0.152 0 0.001)
(0.164 0 0.001)
(0.176 0 0.001)
(0.188 0 0.001)
(0.2 0 0.001)
(0.07978267839 0.005923960336 0.001)
(0.09174929409 0.006813324617 0.001)
(0.1037159098 0.007702688898 0.001)
(0.1156825255 0.00859205318 0.001)
(0.1276491412 0.009481417461 0.001)
(0.1396157569 0.01037078174 0.001)
(0.1515823726 0.01126014602 0.001)
(0.1635489883 0.0121495103 0.001)
(0.175515604 0.01303887459 0.001)
(0.1874822197 0.01392823887 0.001)
(0.1994488353 0.01481760315 0.001)
(0.07912637785 0.01181546306 0.001)
(0.09099395654 0.01358929039 0.001)
(0.1028615352 0.01536311772 0.001)
(0.1147291139 0.01713694505 0.001)
(0.1265966926 0.01891077238 0.001)
(0.1384642713 0.0206845997 0.001)
(0.15033185 0.02245842703 0.001)
(0.1621994287 0.02423225436 0.001)
(0.1740670074 0.02600608169 0.001)
(0.1859345861 0.02777990902 0.001)
(0.1978021648 0.02955373635 0.001)
(0.07803471704 0.01764202392 0.001)
(0.08973814798 0.02029057329 0.001)
(0.1014415789 0.02293912266 0.001)
(0.1131450099 0.02558767203 0.001)
(0.1248484408 0.02823622139 0.001)
(0.1365518718 0.03088477076 0.001)
(0.1482553027 0.03353332013 0.001)
(0.1599587336 0.0361818695 0.001)
(0.1716621646 0.03883041887 0.001)
(0.1833655955 0.04147896824 0.001)
(0.1950690265 0.04412751761 0.001)
(0.07651371512 0.02337151673 0.001)
(0.08798878577 0.02688026066 0.001)
(0.09946385642 0.03038900459 0.001)
(0.1109389271 0.03389774852 0.001)
(0.1224139977 0.03740649246 0.001)
(0.1338890684 0.04091523639 0.001)
(0.145364139 0.04442398032 0.001)
(0.1568392097 0.04793272425 0.001)
(0.1683142803 0.05144146818 0.001)
(0.179789351 0.05495021211 0.001)
(0.1912644216 0.05845895605 0.001)
(0.07457175849 0.02897235052 0.001)
(0.0857555059 0.03332205456 0.001)
(0.09693925331 0.0376717586 0.001)
(0.1081230007 0.04202146264 0.001)
(0.1193067481 0.04637116667 0.001)
(0.1304904955 0.05072087071 0.001)
(0.1416742429 0.05507057475 0.001)
(0.1528579904 0.05942027879 0.001)
(0.1640417378 0.06376998283 0.001)
(0.1752254852 0.06811968686 0.001)
(0.1864092326 0.0724693909 0.001)
(0.07221955462 0.03441364372 0.001)
(0.08305060995 0.03958047168 0.001)
(0.09388166528 0.04474729964 0.001)
(0.1047127206 0.0499141276 0.001)
(0.1155437759 0.05508095556 0.001)
(0.1263748313 0.06024778352 0.001)
(0.1372058866 0.06541461148 0.001)
(0.1480369419 0.07058143944 0.001)
(0.1588679973 0.0757482674 0.001)
(0.1696990526 0.08091509536 0.001)
(0.1805301079 0.08608192332 0.001)
(0.06947007296 0.03966539442 0.001)
(0.07988899729 0.04562103881 0.001)
(0.09030792163 0.05157668321 0.001)
(0.100726846 0.05753232761 0.001)
(0.1111457703 0.06348797201 0.001)
(0.1215646946 0.06944361641 0.001)
(0.131983619 0.0753992608 0.001)
(0.1424025433 0.0813549052 0.001)
(0.1528214676 0.0873105496 0.001)
(0.163240392 0.093266194 0.001)
(0.1736593163 0.0992218384 0.001)
(0.06633847346 0.04469864578 0.001)
(0.07628808305 0.05141048273 0.001)
(0.08623769264 0.05812231968 0.001)
(0.09618730223 0.06483415663 0.001)
(0.1061369118 0.07154599358 0.001)
(0.1160865214 0.07825783053 0.001)
(0.126036131 0.08496966748 0.001)
(0.1359857406 0.09168150443 0.001)
(0.1459353502 0.09839334138 0.001)
(0.1558849598 0.1051051783 0.001)
(0.1658345694 0.1118170153 0.001)
(0.06284202296 0.04948564574 0.001)
(0.07226770213 0.05691691347 0.001)
(0.0816933813 0.0643481812 0.001)
(0.09111906047 0.07177944893 0.001)
(0.1005447396 0.07921071666 0.001)
(0.1099704188 0.08664198438 0.001)
(0.119396098 0.09407325211 0.001)
(0.1288217772 0.1015045198 0.001)
(0.1382474563 0.1089357876 0.001)
(0.1476731355 0.1163670553 0.001)
(0.1570988147 0.123798323 0.001)
(0.059 0.054 0.001)
(0.06785 0.06211 0.001)
(0.0767 0.07022 0.001)
(0.08555 0.07833 0.001)
(0.0944 0.08644 0.001)
(0.10325 0.09455 0.001)
(0.1121 0.10266 0.001)
(0.12095 0.11077 0.001)
(0.1298 0.11888 0.001)
(0.13865 0.12699 0.001)
(0.1475 0.1351 0.001)
(0.2121241226 0 0)
(0.2255476259 0 0)
(0.2404097688 0 0)
(0.2568647348 0 0)
(0.2750832318 0 0)
(0.295254263 0 0)
(0.3175870877 0 0)
(0.3423133923 0 0)
(0.3696896935 0 0)
(0.4 0 0)
(0.2115398588 0.01571621598 0)
(0.2249267158 0.016711136 0)
(0.2397482847 0.01781268476 0)
(0.2561583283 0.01903229001 0)
(0.2743270884 0.02038260422 0)
(0.2944430523 0.02187763591 0)
(0.316714908 0.02353289489 0)
(0.3413737093 0.02536555324 0)
(0.3686752727 0.02739462341 0)
(0.3989028315 0.02964115548 0)
(0.2097934518 0.03134602313 0)
(0.223069883 0.03333039499 0)
(0.2377691917 0.03552743828 0)
(0.2540438719 0.03795994569 0)
(0.2720627614 0.04065315265 0)
(0.2920127925 0.04363499916 0)
(0.3141009319 0.04693641964 0)
(0.3385563274 0.05059166385 0)
(0.3656326854 0.0546386522 0)
(0.3956109027 0.05911936916 0)
(0.2068944901 0.04680360479 0)
(0.2199873263 0.04976649674 0)
(0.2344833633 0.05304693124 0)
(0.2505329867 0.05667894034 0)
(0.2683026992 0.06070020339 0)
(0.2879768484 0.06515243799 0)
(0.3097595386 0.07008183272 0)
(0.333876749 0.07553952636 0)
(0.3605786775 0.08158213837 0)
(0.3901423366 0.08827235633 0)
(0.2028588908 0.0620040899 0)
(0.2156959762 0.06592916703 0)
(0.2299088528 0.07027490715 0)
(0.2456449685 0.07508639405 0)
(0.2630675738 0.08041354329 0)
(0.2823574151 0.08631162006 0)
(0.30371461 0.09284181246 0)
(0.3273607233 0.1000718663 0)
(0.3535410658 0.1080767881 0)
(0.3825272388 0.1169396227 0)
(0.1977088118 0.07686401902 0)
(0.2102194028 0.08172963341 0)
(0.2240707936 0.08711671115 0)
(0.239406682 0.09308113915 0)
(0.2563861663 0.09968479385 0)
(0.2751853959 0.1069961832 0)
(0.2959993988 0.1150911574 0)
(0.3190441044 0.1240536958 0)
(0.3445585845 0.1339767778 0)
(0.3728075325 0.1449633481 0)
(0.1914725298 0.09130180255 0)
(0.2035876858 0.09708111283 0)
(0.2170012616 0.1034798102 0)
(0.231852413 0.1105642762 0)
(0.2482952094 0.1184080071 0)
(0.2665002326 0.1270923754 0)
(0.286656346 0.1367074752 0)
(0.3089726542 0.1473530557 0)
(0.3336806721 0.159139557 0)
(0.3610367268 0.1721892551 0)
(0.1841842857 0.1052381687 0)
(0.1958372496 0.1118992883 0)
(0.2087390986 0.1192743012 0)
(0.2230236798 0.1274397177 0)
(0.2388391849 0.1364802478 0)
(0.256349688 0.1464896803 0)
(0.2757368474 0.1575718555 0)
(0.2972017903 0.1698417427 0)
(0.3209671994 0.1834266326 0)
(0.3472796229 0.1984674584 0)
(0.1758840962 0.1185965988 0)
(0.1870106628 0.1261027719 0)
(0.1993296989 0.1344134054 0)
(0.2129690053 0.1436147159 0)
(0.2280700795 0.15380216 0)
(0.2447895838 0.165081425 0)
(0.2633009705 0.1775695247 0)
(0.2837962814 0.1913960136 0)
(0.30648814 0.2067043314 0)
(0.3316119571 0.2236532902 0)
(0.1666175342 0.1313037474 0)
(0.1771564051 0.1396135519 0)
(0.1888247603 0.1488139446 0)
(0.2017436503 0.1590003727 0)
(0.2160470988 0.1702785126 0)
(0.2318834933 0.1827653666 0)
(0.2494171245 0.1965904765 0)
(0.2688298907 0.2118972673 0)
(0.2903231849 0.2288445356 0)
(0.3141199836 0.2476080964 0)
(0.1564354783 0.1432898448 0)
(0.1663286003 0.1523574213 0)
(0.1772819996 0.1623967988 0)
(0.1894093095 0.1735121283 0)
(0.2028363418 0.185818723 0)
(0.2177023918 0.1994442546 0)
(0.2341616836 0.2145300778 0)
(0.2523849701 0.2312326965 0)
(0.2725613041 0.249725388 0)
(0.2949 0.2702 0)
(0.2121241226 0 0.001)
(0.2255476259 0 0.001)
(0.2404097688 0 0.001)
(0.2568647348 0 0.001)
(0.2750832318 0 0.001)
(0.295254263 0 0.001)
(0.3175870877 0 0.001)
(0.3423133923 0 0.001)
(0.3696896935 0 0.001)
(0.4 0 0.001)
(0.2115398588 0.01571621598 0.001)
(0.2249267158 0.016711136 0.001)
(0.2397482847 0.01781268476 0.001)
(0.2561583283 0.01903229001 0.001)
(0.2743270884 0.02038260422 0.001)
(0.2944430523 0.02187763591 0.001)
(0.316714908 0.02353289489 0.001)
(0.3413737093 0.02536555324 0.001)
(0.3686752727 0.02739462341 0.001)
(0.3989028315 0.02964115548 0.001)
(0.2097934518 0.03134602313 0.001)
(0.223069883 0.03333039499 0.001)
(0.2377691917 0.03552743828 0.001)
(0.2540438719 0.03795994569 0.001)
(0.2720627614 0.04065315265 0.001)
(0.2920127925 0.04363499916 0.001)
(0.3141009319 0.04693641964 0.001)
(0.3385563274 0.05059166385 0.001)
(0.3656326854 0.0546386522 0.001)
(0.3956109027 0.05911936916 0.001)
(0.2068944901 0.04680360479 0.001)
(0.2199873263 0.04976649674 0.001)
(0.2344833633 0.05304693124 0.001)
(0.2505329867 0.05667894034 0.001)
(0.2683026992 0.06070020339 0.001)
(0.2879768484 0.06515243799 0.001)
(0.3097595386 0.07008183272 0.001)
(0.333876749 0.07553952636 0.001)
(0.3605786775 0.08158213837 0.001)
(0.3901423366 0.08827235633 0.001)
(0.2028588908 0.0620040899 0.001)
(0.2156959762 0.06592916703 0.001)
(0.2299088528 0.07027490715 0.001)
(0.2456449685 0.07508639405 0.001)
(0.2630675738 0.08041354329 0.001)
(0.2823574151 0.08631162006 0.001)
(0.30371461 0.09284181246 0.001)
(0.3273607233 0.1000718663 0.001)
(0.3535410658 0.1080767881 0.001)
(0.3825272388 0.1169396227 0.001)
(0.1977088118 0.07686401902 0.001)
(0.2102194028 0.08172963341 0.001)
(0.2240707936 0.08711671115 0.001)
(0.239406682 0.09308113915 0.001)
(0.2563861663 0.09968479385 0.001)
(0.2751853959 0.1069961832 0.001)
(0.2959993988 0.1150911574 0.001)
(0.3190441044 0.1240536958 0.001)
(0.3445585845 0.1339767778 0.001)
(0.3728075325 0.1449633481 0.001)
(0.1914725298 0.09130180255 0.001)
(0.2035876858 0.09708111283 0.001)
(0.2170012616 0.1034798102 0.001)
(0.231852413 0.1105642762 0.001)
(0.2482952094 0.1184080071 0.001)
(0.2665002326 0.1270923754 0.001)
(0.286656346 0.1367074752 0.001)
(0.3089726542 0.1473530557 0.001)
(0.3336806721 0.159139557 0.001)
(0.3610367268 0.1721892551 0.001)
(0.1841842857 0.1052381687 0.001)
(0.1958372496 0.1118992883 0.001)
(0.2087390986 0.1192743012 0.001)
(0.2230236798 0.1274397177 0.001)
(0.2388391849 0.1364802478 0.001)
(0.256349688 0.1464896803 0.001)
(0.2757368474 0.1575718555 0.001)
(0.2972017903 0.1698417427 0.001)
(0.3209671994 0.1834266326 0.001)
(0.3472796229 0.1984674584 0.001)
(0.1758840962 0.1185965988 0.001)
(0.1870106628 0.1261027719 0.001)
(0.1993296989 0.1344134054 0.001)
(0.2129690053 0.1436147159 0.001)
(0.2280700795 0.15380216 0.001)
(0.2447895838 0.165081425 0.001)
(0.2633009705 0.1775695247 0.001)
(0.2837962814 0.1913960136 0.001)
(0.30648814 0.2067043314 0.001)
(0.3316119571 0.2236532902 0.001)
(0.1666175342 0.1313037474 0.001)
(0.1771564051 0.1396135519 0.001)
(0.1888247603 0.1488139446 0.001)
(0.2017436503 0.1590003727 0.001)
(0.2160470988 0.1702785126 0.001)
(0.2318834933 0.1827653666 0.001)
(0.2494171245 0.1965904765 0.001)
(0.2688298907 0.2118972673 0.001)
(0.2903231849 0.2288445356 0.001)
(0.3141199836 0.2476080964 0.001)
(0.1564354783 0.1432898448 0.001)
(0.1663286003 0.1523574213 0.001)
(0.1772819996 0.1623967988 0.001)
(0.1894093095 0.1735121283 0.001)
(0.2028363418 0.185818723 0.001)
(0.2177023918 0.1994442546 0.001)
(0.2341616836 0.2145300778 0.001)
(0.2523849701 0.2312326965 0.001)
(0.2725613041 0.249725388 0.001)
(0.2949 0.2702 0.001)
(0.1413 0.1413 0)
(0.1498804234 0.1498804234 0)
(0.1593804381 0.1593804381 0)
(0.1698985995 0.1698985995 0)
(0.1815440258 0.1815440258 0)
(0.1944375294 0.1944375294 0)
(0.2087128707 0.2087128707 0)
(0.2245181458 0.2245181458 0)
(0.2420173224 0.2420173224 0)
(0.2613919415 0.2613919415 0)
(0.282843 0.282843 0)
(0.1351 0.1475 0)
(0.1432898448 0.1564354783 0)
(0.1523574213 0.1663286003 0)
(0.1623967988 0.1772819996 0)
(0.1735121283 0.1894093095 0)
(0.185818723 0.2028363418 0)
(0.1994442546 0.2177023918 0)
(0.2145300778 0.2341616836 0)
(0.2312326965 0.2523849701 0)
(0.249725388 0.2725613041 0)
(0.2702 0.2949 0)
(0.1413 0.1413 0.001)
(0.1498804234 0.1498804234 0.001)
(0.1593804381 0.1593804381 0.001)
(0.1698985995 0.1698985995 0.001)
(0.1815440258 0.1815440258 0.001)
(0.1944375294 0.1944375294 0.001)
(0.2087128707 0.2087128707 0.001)
(0.2245181458 0.2245181458 0.001)
(0.2420173224 0.2420173224 0.001)
(0.2613919415 0.2613919415 0.001)
(0.282843 0.282843 0.001)
(0.1351 0.1475 0.001)
(0.1432898448 0.1564354783 0.001)
(0.1523574213 0.1663286003 0.001)
(0.1623967988 0.1772819996 0.001)
(0.1735121283 0.1894093095 0.001)
(0.185818723 0.2028363418 0.001)
(0.1994442546 0.2177023918 0.001)
(0.2145300778 0.2341616836 0.001)
(0.2312326965 0.2523849701 0.001)
(0.249725388 0.2725613041 0.001)
(0.2702 0.2949 0.001)
(0.123798323 0.1570988147 0)
(0.1313037474 0.1666175342 0)
(0.1396135519 0.1771564051 0)
(0.1488139446 0.1888247603 0)
(0.1590003727 0.2017436503 0)
(0.1702785126 0.2160470988 0)
(0.1827653666 0.2318834933 0)
(0.1965904765 0.2494171245 0)
(0.2118972673 0.2688298907 0)
(0.2288445356 0.2903231849 0)
(0.2476080964 0.3141199836 0)
(0.1118170153 0.1658345694 0)
(0.1185965988 0.1758840962 0)
(0.1261027719 0.1870106628 0)
(0.1344134054 0.1993296989 0)
(0.1436147159 0.2129690053 0)
(0.15380216 0.2280700795 0)
(0.165081425 0.2447895838 0)
(0.1775695247 0.2633009705 0)
(0.1913960136 0.2837962814 0)
(0.2067043314 0.30648814 0)
(0.2236532902 0.3316119571 0)
(0.0992218384 0.1736593163 0)
(0.1052381687 0.1841842857 0)
(0.1118992883 0.1958372496 0)
(0.1192743012 0.2087390986 0)
(0.1274397177 0.2230236798 0)
(0.1364802478 0.2388391849 0)
(0.1464896803 0.256349688 0)
(0.1575718555 0.2757368474 0)
(0.1698417427 0.2972017903 0)
(0.1834266326 0.3209671994 0)
(0.1984674584 0.3472796229 0)
(0.08608192332 0.1805301079 0)
(0.09130180255 0.1914725298 0)
(0.09708111283 0.2035876858 0)
(0.1034798102 0.2170012616 0)
(0.1105642762 0.231852413 0)
(0.1184080071 0.2482952094 0)
(0.1270923754 0.2665002326 0)
(0.1367074752 0.286656346 0)
(0.1473530557 0.3089726542 0)
(0.159139557 0.3336806721 0)
(0.1721892551 0.3610367268 0)
(0.0724693909 0.1864092326 0)
(0.07686401902 0.1977088118 0)
(0.08172963341 0.2102194028 0)
(0.08711671115 0.2240707936 0)
(0.09308113915 0.239406682 0)
(0.09968479385 0.2563861663 0)
(0.1069961832 0.2751853959 0)
(0.1150911574 0.2959993988 0)
(0.1240536958 0.3190441044 0)
(0.1339767778 0.3445585845 0)
(0.1449633481 0.3728075325 0)
(0.05845895605 0.1912644216 0)
(0.0620040899 0.2028588908 0)
(0.06592916703 0.2156959762 0)
(0.07027490715 0.2299088528 0)
(0.07508639405 0.2456449685 0)
(0.08041354329 0.2630675738 0)
(0.08631162006 0.2823574151 0)
(0.09284181246 0.30371461 0)
(0.1000718663 0.3273607233 0)
(0.1080767881 0.3535410658 0)
(0.1169396227 0.3825272388 0)
(0.04412751761 0.1950690265 0)
(0.04680360479 0.2068944901 0)
(0.04976649674 0.2199873263 0)
(0.05304693124 0.2344833633 0)
(0.05667894034 0.2505329867 0)
(0.06070020339 0.2683026992 0)
(0.06515243799 0.2879768484 0)
(0.07008183272 0.3097595386 0)
(0.07553952636 0.333876749 0)
(0.08158213837 0.3605786775 0)
(0.08827235633 0.3901423366 0)
(0.02955373635 0.1978021648 0)
(0.03134602313 0.2097934518 0)
(0.03333039499 0.223069883 0)
(0.03552743828 0.2377691917 0)
(0.03795994569 0.2540438719 0)
(0.04065315265 0.2720627614 0)
(0.04363499916 0.2920127925 0)
(0.04693641964 0.3141009319 0)
(0.05059166385 0.3385563274 0)
(0.0546386522 0.3656326854 0)
(0.05911936916 0.3956109027 0)
(0.01481760315 0.1994488353 0)
(0.01571621598 0.2115398588 0)
(0.016711136 0.2249267158 0)
(0.01781268476 0.2397482847 0)
(0.01903229001 0.2561583283 0)
(0.02038260422 0.2743270884 0)
(0.02187763591 0.2944430523 0)
(0.02353289489 0.316714908 0)
(0.02536555324 0.3413737093 0)
(0.02739462341 0.3686752727 0)
(0.02964115548 0.3989028315 0)
(0 0.2 0)
(-3.552713679e-17 0.2121241226 0)
(-3.552713679e-17 0.2255476259 0)
(-3.552713679e-17 0.2404097688 0)
(-3.552713679e-17 0.2568647348 0)
(-3.552713679e-17 0.2750832318 0)
(-3.552713679e-17 0.295254263 0)
(-3.552713679e-17 0.3175870877 0)
(-3.552713679e-17 0.3423133923 0)
(-3.552713679e-17 0.3696896935 0)
(0 0.4 0)
(0.123798323 0.1570988147 0.001)
(0.1313037474 0.1666175342 0.001)
(0.1396135519 0.1771564051 0.001)
(0.1488139446 0.1888247603 0.001)
(0.1590003727 0.2017436503 0.001)
(0.1702785126 0.2160470988 0.001)
(0.1827653666 0.2318834933 0.001)
(0.1965904765 0.2494171245 0.001)
(0.2118972673 0.2688298907 0.001)
(0.2288445356 0.2903231849 0.001)
(0.2476080964 0.3141199836 0.001)
(0.1118170153 0.1658345694 0.001)
(0.1185965988 0.1758840962 0.001)
(0.1261027719 0.1870106628 0.001)
(0.1344134054 0.1993296989 0.001)
(0.1436147159 0.2129690053 0.001)
(0.15380216 0.2280700795 0.001)
(0.165081425 0.2447895838 0.001)
(0.1775695247 0.2633009705 0.001)
(0.1913960136 0.2837962814 0.001)
(0.2067043314 0.30648814 0.001)
(0.2236532902 0.3316119571 0.001)
(0.0992218384 0.1736593163 0.001)
(0.1052381687 0.1841842857 0.001)
(0.1118992883 0.1958372496 0.001)
(0.1192743012 0.2087390986 0.001)
(0.1274397177 0.2230236798 0.001)
(0.1364802478 0.2388391849 0.001)
(0.1464896803 0.256349688 0.001)
(0.1575718555 0.2757368474 0.001)
(0.1698417427 0.2972017903 0.001)
(0.1834266326 0.3209671994 0.001)
(0.1984674584 0.3472796229 0.001)
(0.08608192332 0.1805301079 0.001)
(0.09130180255 0.1914725298 0.001)
(0.09708111283 0.2035876858 0.001)
(0.1034798102 0.2170012616 0.001)
(0.1105642762 0.231852413 0.001)
(0.1184080071 0.2482952094 0.001)
(0.1270923754 0.2665002326 0.001)
(0.1367074752 0.286656346 0.001)
(0.1473530557 0.3089726542 0.001)
(0.159139557 0.3336806721 0.001)
(0.1721892551 0.3610367268 0.001)
(0.0724693909 0.1864092326 0.001)
(0.07686401902 0.1977088118 0.001)
(0.08172963341 0.2102194028 0.001)
(0.08711671115 0.2240707936 0.001)
(0.09308113915 0.239406682 0.001)
(0.09968479385 0.2563861663 0.001)
(0.1069961832 0.2751853959 0.001)
(0.1150911574 0.2959993988 0.001)
(0.1240536958 0.3190441044 0.001)
(0.1339767778 0.3445585845 0.001)
(0.1449633481 0.3728075325 0.001)
(0.05845895605 0.1912644216 0.001)
(0.0620040899 0.2028588908 0.001)
(0.06592916703 0.2156959762 0.001)
(0.07027490715 0.2299088528 0.001)
(0.07508639405 0.2456449685 0.001)
(0.08041354329 0.2630675738 0.001)
(0.08631162006 0.2823574151 0.001)
(0.09284181246 0.30371461 0.001)
(0.1000718663 0.3273607233 0.001)
(0.1080767881 0.3535410658 0.001)
(0.1169396227 0.3825272388 0.001)
(0.04412751761 0.1950690265 0.001)
(0.04680360479 0.2068944901 0.001)
(0.04976649674 0.2199873263 0.001)
(0.05304693124 0.2344833633 0.001)
(0.05667894034 0.2505329867 0.001)
(0.06070020339 0.2683026992 0.001)
(0.06515243799 0.2879768484 0.001)
(0.07008183272 0.3097595386 0.001)
(0.07553952636 0.333876749 0.001)
(0.08158213837 0.3605786775 0.001)
(0.08827235633 0.3901423366 0.001)
(0.02955373635 0.1978021648 0.001)
(0.03134602313 0.2097934518 0.001)
(0.03333039499 0.223069883 0.001)
(0.03552743828 0.2377691917 0.001)
(0.03795994569 0.2540438719 0.001)
(0.04065315265 0.2720627614 0.001)
(0.04363499916 0.2920127925 0.001)
(0.04693641964 0.3141009319 0.001)
(0.05059166385 0.3385563274 0.001)
(0.0546386522 0.3656326854 0.001)
(0.05911936916 0.3956109027 0.001)
(0.01481760315 0.1994488353 0.001)
(0.01571621598 0.2115398588 0.001)
(0.016711136 0.2249267158 0.001)
(0.01781268476 0.2397482847 0.001)
(0.01903229001 0.2561583283 0.001)
(0.02038260422 0.2743270884 0.001)
(0.02187763591 0.2944430523 0.001)
(0.02353289489 0.316714908 0.001)
(0.02536555324 0.3413737093 0.001)
(0.02739462341 0.3686752727 0.001)
(0.02964115548 0.3989028315 0.001)
(0 0.2 0.001)
(-3.552713679e-17 0.2121241226 0.001)
(-3.552713679e-17 0.2255476259 0.001)
(-3.552713679e-17 0.2404097688 0.001)
(-3.552713679e-17 0.2568647348 0.001)
(-3.552713679e-17 0.2750832318 0.001)
(-3.552713679e-17 0.295254263 0.001)
(-3.552713679e-17 0.3175870877 0.001)
(-3.552713679e-17 0.3423133923 0.001)
(-3.552713679e-17 0.3696896935 0.001)
(0 0.4 0.001)
(0.12699 0.13865 0)
(0.1163670553 0.1476731355 0)
(0.1051051783 0.1558849598 0)
(0.093266194 0.163240392 0)
(0.08091509536 0.1696990526 0)
(0.06811968686 0.1752254852 0)
(0.05495021211 0.179789351 0)
(0.04147896824 0.1833655955 0)
(0.02777990902 0.1859345861 0)
(0.01392823887 0.1874822197 0)
(-3.197442311e-17 0.188 0)
(0.11888 0.1298 0)
(0.1089357876 0.1382474563 0)
(0.09839334138 0.1459353502 0)
(0.0873105496 0.1528214676 0)
(0.0757482674 0.1588679973 0)
(0.06376998283 0.1640417378 0)
(0.05144146818 0.1683142803 0)
(0.03883041887 0.1716621646 0)
(0.02600608169 0.1740670074 0)
(0.01303887459 0.175515604 0)
(-2.842170943e-17 0.176 0)
(0.11077 0.12095 0)
(0.1015045198 0.1288217772 0)
(0.09168150443 0.1359857406 0)
(0.0813549052 0.1424025433 0)
(0.07058143944 0.1480369419 0)
(0.05942027879 0.1528579904 0)
(0.04793272425 0.1568392097 0)
(0.0361818695 0.1599587336 0)
(0.02423225436 0.1621994287 0)
(0.0121495103 0.1635489883 0)
(-2.486899575e-17 0.164 0)
(0.10266 0.1121 0)
(0.09407325211 0.119396098 0)
(0.08496966748 0.126036131 0)
(0.0753992608 0.131983619 0)
(0.06541461148 0.1372058866 0)
(0.05507057475 0.1416742429 0)
(0.04442398032 0.145364139 0)
(0.03353332013 0.1482553027 0)
(0.02245842703 0.15033185 0)
(0.01126014602 0.1515823726 0)
(-2.131628207e-17 0.152 0)
(0.09455 0.10325 0)
(0.08664198438 0.1099704188 0)
(0.07825783053 0.1160865214 0)
(0.06944361641 0.1215646946 0)
(0.06024778352 0.1263748313 0)
(0.05072087071 0.1304904955 0)
(0.04091523639 0.1338890684 0)
(0.03088477076 0.1365518718 0)
(0.0206845997 0.1384642713 0)
(0.01037078174 0.1396157569 0)
(-1.776356839e-17 0.14 0)
(0.08644 0.0944 0)
(0.07921071666 0.1005447396 0)
(0.07154599358 0.1061369118 0)
(0.06348797201 0.1111457703 0)
(0.05508095556 0.1155437759 0)
(0.04637116667 0.1193067481 0)
(0.03740649246 0.1224139977 0)
(0.02823622139 0.1248484408 0)
(0.01891077238 0.1265966926 0)
(0.009481417461 0.1276491412 0)
(-1.421085472e-17 0.128 0)
(0.07833 0.08555 0)
(0.07177944893 0.09111906047 0)
(0.06483415663 0.09618730223 0)
(0.05753232761 0.100726846 0)
(0.0499141276 0.1047127206 0)
(0.04202146264 0.1081230007 0)
(0.03389774852 0.1109389271 0)
(0.02558767203 0.1131450099 0)
(0.01713694505 0.1147291139 0)
(0.00859205318 0.1156825255 0)
(-1.065814104e-17 0.116 0)
(0.07022 0.0767 0)
(0.0643481812 0.0816933813 0)
(0.05812231968 0.08623769264 0)
(0.05157668321 0.09030792163 0)
(0.04474729964 0.09388166528 0)
(0.0376717586 0.09693925331 0)
(0.03038900459 0.09946385642 0)
(0.02293912266 0.1014415789 0)
(0.01536311772 0.1028615352 0)
(0.007702688898 0.1037159098 0)
(-7.105427358e-18 0.104 0)
(0.06211 0.06785 0)
(0.05691691347 0.07226770213 0)
(0.05141048273 0.07628808305 0)
(0.04562103881 0.07988899729 0)
(0.03958047168 0.08305060995 0)
(0.03332205456 0.0857555059 0)
(0.02688026066 0.08798878577 0)
(0.02029057329 0.08973814798 0)
(0.01358929039 0.09099395654 0)
(0.006813324617 0.09174929409 0)
(-3.552713679e-18 0.092 0)
(0.054 0.059 0)
(0.04948564574 0.06284202296 0)
(0.04469864578 0.06633847346 0)
(0.03966539442 0.06947007296 0)
(0.03441364372 0.07221955462 0)
(0.02897235052 0.07457175849 0)
(0.02337151673 0.07651371512 0)
(0.01764202392 0.07803471704 0)
(0.01181546306 0.07912637785 0)
(0.005923960336 0.07978267839 0)
(0 0.08 0)
(0.12699 0.13865 0.001)
(0.1163670553 0.1476731355 0.001)
(0.1051051783 0.1558849598 0.001)
(0.093266194 0.163240392 0.001)
(0.08091509536 0.1696990526 0.001)
(0.06811968686 0.1752254852 0.001)
(0.05495021211 0.179789351 0.001)
(0.04147896824 0.1833655955 0.001)
(0.02777990902 0.1859345861 0.001)
(0.01392823887 0.1874822197 0.001)
(-3.197442311e-17 0.188 0.001)
(0.11888 0.1298 0.001)
(0.1089357876 0.1382474563 0.001)
(0.09839334138 0.1459353502 0.001)
(0.0873105496 0.1528214676 0.001)
(0.0757482674 0.1588679973 0.001)
(0.06376998283 0.1640417378 0.001)
(0.05144146818 0.1683142803 0.001)
(0.03883041887 0.1716621646 0.001)
(0.02600608169 0.1740670074 0.001)
(0.01303887459 0.175515604 0.001)
(-2.842170943e-17 0.176 0.001)
(0.11077 0.12095 0.001)
(0.1015045198 0.1288217772 0.001)
(0.09168150443 0.1359857406 0.001)
(0.0813549052 0.1424025433 0.001)
(0.07058143944 0.1480369419 0.001)
(0.05942027879 0.1528579904 0.001)
(0.04793272425 0.1568392097 0.001)
(0.0361818695 0.1599587336 0.001)
(0.02423225436 0.1621994287 0.001)
(0.0121495103 0.1635489883 0.001)
(-2.486899575e-17 0.164 0.001)
(0.10266 0.1121 0.001)
(0.09407325211 0.119396098 0.001)
(0.08496966748 0.126036131 0.001)
(0.0753992608 0.131983619 0.001)
(0.06541461148 0.1372058866 0.001)
(0.05507057475 0.1416742429 0.001)
(0.04442398032 0.145364139 0.001)
(0.03353332013 0.1482553027 0.001)
(0.02245842703 0.15033185 0.001)
(0.01126014602 0.1515823726 0.001)
(-2.131628207e-17 0.152 0.001)
(0.09455 0.10325 0.001)
(0.08664198438 0.1099704188 0.001)
(0.07825783053 0.1160865214 0.001)
(0.06944361641 0.1215646946 0.001)
(0.06024778352 0.1263748313 0.001)
(0.05072087071 0.1304904955 0.001)
(0.04091523639 0.1338890684 0.001)
(0.03088477076 0.1365518718 0.001)
(0.0206845997 0.1384642713 0.001)
(0.01037078174 0.1396157569 0.001)
(-1.776356839e-17 0.14 0.001)
(0.08644 0.0944 0.001)
(0.07921071666 0.1005447396 0.001)
(0.07154599358 0.1061369118 0.001)
(0.06348797201 0.1111457703 0.001)
(0.05508095556 0.1155437759 0.001)
(0.04637116667 0.1193067481 0.001)
(0.03740649246 0.1224139977 0.001)
(0.02823622139 0.1248484408 0.001)
(0.01891077238 0.1265966926 0.001)
(0.009481417461 0.1276491412 0.001)
(-1.421085472e-17 0.128 0.001)
(0.07833 0.08555 0.001)
(0.07177944893 0.09111906047 0.001)
(0.06483415663 0.09618730223 0.001)
(0.05753232761 0.100726846 0.001)
(0.0499141276 0.1047127206 0.001)
(0.04202146264 0.1081230007 0.001)
(0.03389774852 0.1109389271 0.001)
(0.02558767203 0.1131450099 0.001)
(0.01713694505 0.1147291139 0.001)
(0.00859205318 0.1156825255 0.001)
(-1.065814104e-17 0.116 0.001)
(0.07022 0.0767 0.001)
(0.0643481812 0.0816933813 0.001)
(0.05812231968 0.08623769264 0.001)
(0.05157668321 0.09030792163 0.001)
(0.04474729964 0.09388166528 0.001)
(0.0376717586 0.09693925331 0.001)
(0.03038900459 0.09946385642 0.001)
(0.02293912266 0.1014415789 0.001)
(0.01536311772 0.1028615352 0.001)
(0.007702688898 0.1037159098 0.001)
(-7.105427358e-18 0.104 0.001)
(0.06211 0.06785 0.001)
(0.05691691347 0.07226770213 0.001)
(0.05141048273 0.07628808305 0.001)
(0.04562103881 0.07988899729 0.001)
(0.03958047168 0.08305060995 0.001)
(0.03332205456 0.0857555059 0.001)
(0.02688026066 0.08798878577 0.001)
(0.02029057329 0.08973814798 0.001)
(0.01358929039 0.09099395654 0.001)
(0.006813324617 0.09174929409 0.001)
(-3.552713679e-18 0.092 0.001)
(0.054 0.059 0.001)
(0.04948564574 0.06284202296 0.001)
(0.04469864578 0.06633847346 0.001)
(0.03966539442 0.06947007296 0.001)
(0.03441364372 0.07221955462 0.001)
(0.02897235052 0.07457175849 0.001)
(0.02337151673 0.07651371512 0.001)
(0.01764202392 0.07803471704 0.001)
(0.01181546306 0.07912637785 0.001)
(0.005923960336 0.07978267839 0.001)
(0 0.08 0.001)
)


// ************************************************************************* //
