/*--------------------------------*- C++ -*----------------------------------*\
  =========                 |
  \\      /  F ield         | OpenFOAM: The Open Source CFD Toolbox
   \\    /   O peration     | Website:  https://openfoam.org
    \\  /    A nd           | Version:  10
     \\/     M anipulation  |
\*---------------------------------------------------------------------------*/
FoamFile
{
    format      ascii;
    class       volVectorField;
    location    "1000";
    object      Urel;
}
// * * * * * * * * * * * * * * * * * * * * * * * * * * * * * * * * * * * * * //

dimensions      [0 1 -1 0 0 0 0];

internalField   nonuniform List<vector> 
2000
(
(1.60011 -6.52149 8.0561e-18)
(-0.0749032 -2.83024 -4.8707e-18)
(3.43849 1.48295 2.77881e-19)
(6.40341 5.80996 0)
(8.40181 8.91876 0)
(9.73489 10.4751 1.49453e-16)
(10.5488 10.8162 -2.06184e-16)
(10.9863 10.2412 -2.71665e-16)
(11.1992 9.00803 3.47924e-16)
(11.2846 7.32434 4.37701e-16)
(11.3126 5.35334 5.45178e-16)
(11.3127 3.24213 0)
(11.2945 1.1276 8.20214e-16)
(11.271 -0.988098 9.87326e-16)
(11.0899 -3.37452 1.09359e-15)
(10.931 -5.80404 1.11176e-15)
(11.0757 -7.20984 -1.11369e-15)
(10.8486 -8.87317 4.38187e-16)
(11.0157 -12.6211 4.06155e-16)
(10.7432 -15.7519 1.61411e-15)
(1.8722 -6.49088 -1.99724e-17)
(-1.45092 -3.83689 -7.97671e-18)
(2.96693 -0.398107 -1.13679e-17)
(5.86828 4.25841 -1.7548e-16)
(8.23196 7.83433 3.70445e-17)
(9.89923 9.80087 -6.23296e-16)
(11.0084 10.454 3.79772e-16)
(11.684 10.1188 7.82671e-16)
(12.0539 9.04547 3.14978e-16)
(12.1774 7.46866 3.97788e-16)
(12.1374 5.57618 -9.88658e-16)
(11.992 3.47191 -5.99841e-16)
(11.7912 1.22884 -7.93575e-16)
(11.6313 -1.14555 -9.62097e-16)
(11.3458 -3.67812 -3.1519e-15)
(11.0749 -5.80607 -1.19457e-15)
(11.0704 -7.48726 2.91519e-15)
(11.3213 -9.79429 -2.4517e-15)
(11.328 -12.4673 0)
(10.7347 -14.8042 -2.26855e-15)
(2.625 -6.1698 1.2305e-17)
(-1.80625 -4.40017 -9.70067e-18)
(1.60722 -2.41638 -2.07112e-18)
(4.09534 1.80082 1.69428e-16)
(6.88172 5.68438 3.79156e-16)
(9.05539 8.17415 1.2632e-16)
(10.6206 9.30167 3.9673e-16)
(11.6633 9.37018 -7.471e-16)
(12.2941 8.62977 -6.55134e-16)
(12.6031 7.31519 -8.07293e-16)
(12.6787 5.6127 9.88315e-16)
(12.5973 3.62252 0)
(12.4133 1.44554 -2.83494e-15)
(12.2464 -0.804915 0)
(11.8434 -3.26099 0)
(11.5173 -5.4938 0)
(11.5036 -7.40412 1.89047e-15)
(11.3994 -9.36427 -2.97032e-15)
(10.8833 -11.516 0)
(9.92713 -13.4445 1.52211e-15)
(3.36786 -5.78466 -3.94164e-17)
(-1.40328 -4.58621 1.02683e-16)
(0.500537 -3.36109 0)
(2.63401 -0.273419 3.75479e-16)
(5.19785 3.45571 1.45008e-16)
(7.67132 6.30393 1.28898e-16)
(9.59071 7.89199 -5.31151e-17)
(10.9753 8.40447 1.34614e-15)
(11.9016 8.06856 0)
(12.4647 7.09741 6.24338e-16)
(12.7488 5.65151 8.4482e-16)
(12.8499 3.84629 2.1541e-15)
(12.74 1.79367 2.74122e-15)
(12.6323 -0.345121 6.5199e-15)
(12.2556 -2.69745 -3.0861e-15)
(11.7781 -4.87592 -1.94304e-16)
(11.3508 -6.85641 6.01704e-15)
(10.6867 -8.62329 2.90542e-15)
(9.6548 -10.3314 2.9041e-15)
(8.27857 -11.8741 3.01382e-15)
(4.0481 -5.45281 0)
(-0.768636 -4.56996 -2.30487e-16)
(0.139256 -3.95262 -1.14172e-16)
(1.90238 -1.83123 -5.46318e-16)
(3.56963 1.34509 -7.3656e-16)
(5.99466 4.22345 2.22782e-16)
(8.07265 6.1622 -7.83661e-16)
(9.67888 7.09689 -1.34027e-15)
(10.8282 7.17437 -5.18241e-16)
(11.5883 6.56986 8.01395e-17)
(12.0318 5.42607 -1.60682e-15)
(12.211 3.86451 -2.18288e-15)
(12.1935 2.00238 -2.46781e-15)
(12.0414 0.00549872 -3.07173e-15)
(11.6506 -2.11725 0)
(10.8813 -4.10738 6.4055e-17)
(9.98957 -5.95259 8.24503e-17)
(8.71606 -7.43116 -3.00543e-15)
(7.1429 -8.80242 -9.45662e-15)
(5.52427 -10.1118 2.95074e-15)
(4.55119 -5.19116 0)
(-0.225798 -4.51615 1.39446e-16)
(0.510511 -4.23905 0)
(1.39346 -2.64218 3.52257e-16)
(2.53625 -0.331402 1.01942e-15)
(4.31364 2.20871 0)
(6.28618 4.27861 1.41838e-15)
(7.91345 5.54496 2.75e-15)
(9.12977 6.00531 0)
(9.95878 5.76929 -1.14803e-15)
(10.4416 4.95652 3.61596e-15)
(10.6101 3.67579 3.1357e-16)
(10.5233 2.05623 2.90844e-15)
(10.1545 0.243626 -2.70637e-15)
(9.51466 -1.5552 0)
(8.38898 -3.20803 -5.80662e-15)
(6.83783 -4.73369 -3.04926e-15)
(5.06662 -5.97264 0)
(3.26205 -7.14053 7.12437e-15)
(1.80633 -8.46186 -1.46992e-14)
(4.9359 -4.99097 -1.60633e-16)
(0.152481 -4.47617 5.05811e-17)
(1.03597 -4.35682 -4.20915e-16)
(1.1332 -3.20513 -1.71342e-16)
(2.14403 -1.39139 8.69732e-17)
(3.02871 0.600092 -8.43443e-16)
(4.52058 2.50626 1.58047e-15)
(5.92706 3.93144 -2.86062e-15)
(7.00641 4.69829 -3.64395e-15)
(7.71373 4.81084 2.6916e-15)
(8.04404 4.33285 -2.05193e-15)
(8.00001 3.35379 -2.30572e-15)
(7.63277 2.00433 2.4172e-15)
(6.86592 0.452648 -5.85147e-15)
(5.73022 -0.955406 0)
(4.06041 -2.17367 1.31992e-14)
(1.92333 -3.29852 -1.36958e-14)
(-0.113935 -4.35624 7.12152e-15)
(-1.56246 -5.59501 8.8692e-15)
(-2.0572 -7.36504 3.40465e-16)
(5.22408 -4.81876 -7.92426e-18)
(0.413891 -4.48979 -1.25535e-16)
(1.49081 -4.48657 5.08976e-16)
(1.40364 -3.57966 -7.5999e-16)
(1.88666 -2.00397 -1.26666e-15)
(2.50176 -0.453491 0)
(3.11164 1.13751 -1.95283e-15)
(4.03572 2.50593 0)
(4.75657 3.45859 2.67446e-15)
(5.12411 3.86536 0)
(5.07568 3.71491 0)
(4.57529 3.07057 -4.24874e-16)
(3.62742 2.02978 1.15994e-14)
(2.18584 0.80245 7.29891e-15)
(0.252067 -0.0647956 3.92837e-16)
(-2.10746 -0.75623 -7.48061e-15)
(-4.47665 -1.49548 0)
(-5.73519 -2.88731 0)
(-5.64277 -5.38425 1.25174e-14)
(-4.48243 -8.653 2.89482e-14)
(5.42964 -4.65604 1.50152e-16)
(0.548492 -4.55046 -3.40849e-16)
(1.72242 -4.62948 2.6089e-16)
(1.6714 -3.85815 -5.50809e-16)
(1.83709 -2.45965 -8.36581e-16)
(2.20086 -0.977418 9.0222e-16)
(2.37559 0.239831 1.45924e-15)
(2.51302 1.48549 -1.23527e-15)
(2.70625 2.52695 0)
(2.55164 3.17811 -4.08175e-15)
(1.92808 3.36158 4.02157e-15)
(0.736467 3.12814 -5.50696e-15)
(-1.13133 2.5674 0)
(-3.567 1.63393 7.7539e-16)
(-6.33304 1.12039 5.8141e-16)
(-8.82041 -0.0734927 1.34177e-14)
(-10.219 -2.71661 -3.13438e-14)
(-8.97547 -5.4223 1.59072e-14)
(-6.62628 -7.41555 -1.4963e-14)
(-4.29282 -9.98668 -1.36112e-14)
(5.56222 -4.47498 0)
(0.573042 -4.60463 -5.53932e-18)
(1.73928 -4.79071 -7.35367e-16)
(1.74789 -4.17984 -1.06591e-16)
(1.87692 -2.87567 0)
(1.83299 -1.35149 0)
(1.82884 -0.145639 -5.09536e-15)
(1.53241 0.900966 1.65044e-15)
(1.08956 2.06936 -8.74304e-15)
(0.360858 2.97477 -9.03707e-16)
(-0.901318 3.53713 1.10527e-14)
(-2.7712 3.83165 -6.29903e-15)
(-5.33881 3.76311 5.36899e-16)
(-8.49141 2.19142 2.13852e-15)
(-11.286 1.01286 -1.46149e-14)
(-11.9716 0.341305 0)
(-10.949 -1.9211 -1.47092e-14)
(-8.71587 -4.81347 5.25006e-14)
(-6.2012 -8.11545 -2.30843e-14)
(-3.77996 -11.3516 1.18442e-14)
(5.62623 -4.24051 7.98363e-17)
(0.504862 -4.63358 3.94728e-16)
(1.59918 -4.96024 7.25949e-16)
(1.58418 -4.56166 4.23974e-16)
(1.72942 -3.36805 7.45647e-16)
(1.58465 -1.72986 0)
(1.14729 -0.265622 1.39726e-15)
(0.899105 0.656841 2.18941e-15)
(-0.00348986 2.03654 -6.44556e-15)
(-1.14183 3.27166 1.20137e-14)
(-2.7926 4.08107 8.59211e-15)
(-5.08498 4.56016 -8.40388e-15)
(-8.29091 6.19546 1.81148e-14)
(-11.5207 7.13647 9.871e-15)
(-13.5313 5.64989 9.87099e-15)
(-13.7349 2.2941 1.23043e-15)
(-12.0104 -2.70826 -9.21022e-15)
(-8.7388 -6.98148 6.01244e-16)
(-5.4156 -10.0706 -2.15847e-14)
(-2.5175 -12.9355 -1.18744e-14)
(5.61866 -3.92293 0)
(0.30951 -4.6067 -3.09669e-16)
(1.19806 -5.1295 2.96869e-16)
(1.13167 -5.00046 -7.20002e-16)
(1.32723 -4.00953 1.89843e-15)
(1.25354 -2.34087 -1.25878e-15)
(0.785025 -0.638856 0)
(0.463721 0.284589 0)
(-0.572072 1.84879 6.77691e-15)
(-2.0979 3.60082 0)
(-4.59646 5.2977 1.07575e-15)
(-8.04282 7.36929 -1.41474e-14)
(-11.2744 8.67873 7.5459e-15)
(-13.6956 7.76889 -6.69116e-15)
(-14.4558 5.77095 0)
(-12.8876 1.84942 8.27726e-15)
(-9.43536 -3.93367 0)
(-5.75818 -8.39718 -1.10239e-14)
(-2.96944 -11.2993 -2.2484e-14)
(-0.460555 -13.9733 2.05964e-14)
(5.53542 -3.49461 -6.80225e-17)
(-0.02652 -4.47968 -4.62391e-16)
(0.619152 -5.24165 0)
(0.450869 -5.43084 -1.2396e-15)
(0.520536 -4.64595 -8.20727e-16)
(0.364333 -3.04968 -1.28922e-15)
(-0.174132 -1.27763 0)
(-0.804051 -0.261771 0)
(-1.88687 1.26097 8.31884e-15)
(-3.9237 4.21941 0)
(-6.62039 6.41874 7.82824e-15)
(-9.35387 8.61838 -6.10761e-15)
(-11.7264 10.1675 -5.81016e-15)
(-13.3224 9.79234 1.02594e-15)
(-13.0713 6.52978 -2.17599e-14)
(-11.0004 1.98592 7.54448e-15)
(-7.02076 -4.53931 -1.10341e-14)
(-3.65863 -8.90098 0)
(-0.713722 -11.7378 -1.08534e-14)
(1.86818 -14.3201 3.21245e-14)
(5.37791 -2.93398 -1.10988e-16)
(-0.478969 -4.21822 8.92209e-16)
(-0.0732193 -5.29934 -3.10761e-16)
(-0.344682 -5.83911 1.18942e-15)
(-0.385343 -5.27503 1.78609e-15)
(-0.675154 -3.53969 -3.35866e-15)
(-1.39776 -1.31969 9.01038e-15)
(-2.18954 0.157737 -1.28409e-14)
(-3.36348 1.44917 -3.39898e-16)
(-5.22424 4.85829 -7.56113e-15)
(-7.57255 7.54889 1.9344e-14)
(-10.0122 9.94281 -1.27484e-14)
(-11.8895 11.4085 5.75322e-15)
(-12.522 10.6846 0)
(-11.4028 7.80478 0)
(-8.64602 2.4121 0)
(-3.83624 -4.50142 1.39033e-14)
(-0.506741 -9.01569 9.64466e-16)
(2.59375 -11.7482 -1.19595e-14)
(4.95984 -14.0894 -1.11372e-14)
(5.15076 -2.21838 -4.27284e-17)
(-1.00765 -3.79824 -1.01552e-15)
(-0.831449 -5.23254 -5.32188e-16)
(-1.20303 -6.21889 5.10176e-16)
(-1.29932 -6.10244 1.09467e-15)
(-1.43334 -4.61972 -1.20774e-15)
(-1.79314 -2.29243 0)
(-2.35334 -0.391591 0)
(-3.7651 1.26834 0)
(-5.83948 4.97872 0)
(-7.90628 8.07991 -1.19095e-14)
(-9.72861 10.7334 1.85165e-14)
(-10.4557 12.3596 -5.99625e-15)
(-10.0347 12.0204 0)
(-8.00351 9.11455 0)
(-4.41971 3.74219 0)
(0.689402 -2.69043 3.69155e-14)
(3.49246 -7.78039 1.0423e-15)
(6.49338 -10.8 6.83617e-16)
(8.3328 -12.9282 0)
(4.83878 -1.40463 0)
(-1.56112 -3.21223 2.14996e-15)
(-1.57435 -4.95168 -5.61608e-16)
(-2.09127 -6.37904 3.08925e-15)
(-2.34992 -6.99157 -3.60648e-15)
(-2.46064 -6.28696 0)
(-2.52888 -4.57149 0)
(-2.94272 -2.58889 1.31188e-14)
(-4.25236 -0.0687173 0)
(-5.96518 4.23958 0)
(-7.52741 7.94624 -1.34033e-14)
(-8.26116 11.0168 2.11683e-14)
(-8.21518 12.9623 -7.0475e-15)
(-6.40203 13.0802 -3.65399e-14)
(-3.15467 11.1385 -1.72533e-15)
(1.0755 6.58506 -2.19508e-15)
(6.83441 2.14123 1.20308e-13)
(8.99974 -4.24625 3.73584e-14)
(11.1613 -7.87547 0)
(11.8636 -10.11 -2.87382e-14)
(4.42956 -0.516583 0)
(-2.02513 -2.46835 -1.15893e-15)
(-2.12232 -4.23712 2.03196e-15)
(-2.83949 -6.01767 -1.81354e-15)
(-3.41754 -7.17495 2.7667e-15)
(-3.87218 -7.39303 0)
(-4.18067 -6.60544 0)
(-4.72307 -4.9237 -2.23749e-17)
(-5.54367 -1.98942 -8.01748e-15)
(-5.97298 2.61356 6.29668e-15)
(-6.47033 6.8023 1.44455e-14)
(-6.44764 10.3887 -1.65786e-14)
(-4.95204 12.7871 -3.87915e-14)
(-1.79612 13.4709 3.60465e-14)
(2.07092 12.2914 1.84374e-14)
(5.98247 9.19535 -2.21455e-14)
(10.0575 5.20142 -8.79747e-16)
(13.0631 -0.317349 -2.22917e-14)
(14.0649 -4.19444 -2.31059e-14)
(13.2459 -6.51261 4.77848e-14)
(3.97073 0.379682 0)
(-2.20502 -1.66575 1.29335e-15)
(-2.12032 -3.02506 -2.21065e-15)
(-2.97744 -4.69159 2.22096e-15)
(-3.92008 -6.14406 8.14661e-16)
(-4.81649 -6.94241 0)
(-5.52676 -7.01395 0)
(-6.06845 -6.10918 -5.34354e-15)
(-6.28813 -3.93353 -1.49101e-15)
(-5.65713 -0.151186 6.33734e-15)
(-5.05252 4.11806 0)
(-3.70692 8.03251 0)
(-0.789169 10.5005 1.81426e-14)
(3.22117 11.7188 -9.72131e-16)
(7.13557 11.5808 1.83331e-14)
(10.6895 9.96073 -1.86664e-14)
(13.5057 7.0253 0)
(14.9183 2.48965 0)
(14.1709 -1.2194 0)
(11.9607 -3.65033 0)
(3.32409 1.07698 2.93317e-16)
(-1.8674 -0.985523 -2.87481e-15)
(-1.18197 -1.54452 3.71751e-15)
(-1.8482 -2.63804 -4.40416e-15)
(-3.01006 -3.8649 -2.66191e-15)
(-4.34598 -4.85799 8.19588e-15)
(-5.59978 -5.42026 0)
(-6.42131 -5.48945 -8.92176e-15)
(-6.84262 -4.4814 -6.65607e-15)
(-5.8753 -2.29365 6.61055e-15)
(-4.50978 0.965329 3.05476e-14)
(-1.81651 4.74318 -3.69351e-14)
(2.38426 7.51916 4.4082e-14)
(6.48711 9.24026 -1.89443e-14)
(9.85378 9.53612 1.89813e-14)
(12.3729 8.35317 -3.651e-14)
(13.8024 6.03112 1.98116e-14)
(12.6008 2.79942 -1.92923e-14)
(9.73638 -0.333983 0)
(5.66513 -2.70255 0)
(1.89504 1.1167 0)
(-1.481 -0.639123 2.39193e-15)
(-0.965227 -0.665112 -4.0558e-15)
(-1.49347 -0.926934 0)
(-2.19454 -1.35856 0)
(-2.89658 -1.87433 -8.80879e-15)
(-3.49444 -2.40987 -5.8576e-15)
(-3.88016 -2.85405 5.73951e-15)
(-3.79303 -2.98676 0)
(-2.91079 -2.6909 0)
(-1.44174 -1.84623 -2.18666e-14)
(0.368488 -0.552583 0)
(2.29735 0.798263 -3.42134e-14)
(4.2123 1.90535 -3.84893e-14)
(5.40443 2.54076 7.25051e-14)
(5.4545 2.87513 4.03752e-14)
(4.47444 3.13653 0)
(2.68308 3.54093 4.92441e-14)
(1.36514 3.37297 5.42265e-14)
(1.66941 0.0603081 -5.68963e-14)
(10.0499 -18.0434 -7.71536e-16)
(8.99758 -19.6423 -3.9408e-17)
(7.64239 -20.8424 7.9393e-16)
(6.16161 -21.9843 -8.81498e-16)
(4.89245 -23.5125 8.52606e-16)
(3.97249 -25.8301 -9.19726e-16)
(3.31609 -28.946 8.41595e-16)
(2.8583 -32.3254 8.54992e-16)
(2.50306 -35.5251 -7.69077e-16)
(2.19318 -38.4978 -1.50235e-15)
(1.93419 -41.3311 -2.90843e-15)
(1.71758 -44.0781 1.34008e-15)
(1.56359 -46.8117 0)
(1.43933 -49.5432 0)
(1.32568 -52.3412 -2.47011e-15)
(1.43531 -55.3722 0)
(0.748881 -57.7516 0)
(2.89228 -62.7956 1.08445e-15)
(-4.2764 -59.7309 -1.04803e-15)
(15.9705 -78.3033 3.51727e-15)
(9.75652 -16.6194 -1.59997e-15)
(8.49504 -17.9565 -9.20773e-16)
(7.04774 -19.0842 -4.57048e-17)
(5.66745 -20.3958 -1.7307e-15)
(4.70483 -22.3169 -3.74787e-15)
(4.18389 -25.0629 3.50678e-15)
(3.90519 -28.4253 1.19829e-16)
(3.7495 -31.8681 -3.24074e-15)
(3.61942 -35.0865 -3.16239e-15)
(3.48993 -38.0971 -1.58417e-15)
(3.38529 -40.9803 4.23289e-15)
(3.30087 -43.7769 2.66986e-15)
(3.27476 -46.5519 7.86794e-15)
(3.25811 -49.3185 0)
(3.27054 -52.1385 7.41145e-15)
(3.47391 -55.184 -4.876e-15)
(2.91316 -57.6051 9.02366e-15)
(5.20212 -62.6117 4.33554e-15)
(-2.01152 -59.8706 -4.1835e-15)
(18.6873 -77.5308 -1.28497e-18)
(8.69514 -14.9657 -3.2191e-15)
(7.29602 -16.1699 3.12075e-15)
(5.89406 -17.3901 8.75332e-15)
(4.80139 -19.06 -1.66896e-15)
(4.30879 -21.482 0)
(4.2754 -24.6213 -1.34479e-16)
(4.40177 -28.1207 3.47335e-15)
(4.54661 -31.5394 0)
(4.64202 -34.7253 3.19333e-15)
(4.70301 -37.7362 -6.20499e-15)
(4.76825 -40.6373 5.59273e-15)
(4.83218 -43.4589 -5.51443e-15)
(4.94553 -46.2545 1.36978e-16)
(5.0436 -49.0466 -4.97762e-15)
(5.19167 -51.8759 -4.9458e-15)
(5.49111 -54.9327 0)
(5.06053 -57.3765 -4.57821e-15)
(7.50479 -62.3389 0)
(0.222247 -59.9055 -8.56008e-15)
(21.4975 -76.6844 0)
(6.82889 -13.1943 1.47422e-16)
(5.44689 -14.4539 -3.30154e-15)
(4.34243 -16.0069 -7.42563e-15)
(3.81287 -18.2209 0)
(3.9619 -21.1474 -8.26228e-15)
(4.44055 -24.5218 3.57866e-15)
(4.92406 -27.9964 3.64409e-15)
(5.32357 -31.3052 6.79806e-15)
(5.6246 -34.4185 -6.39837e-15)
(5.87146 -37.4014 6.23113e-15)
(6.10604 -40.2961 3.18223e-16)
(6.31994 -43.1244 -5.36225e-15)
(6.57621 -45.9242 0)
(6.79474 -48.733 1.02266e-14)
(7.08487 -51.555 -1.01614e-14)
(7.48094 -54.6258 -2.59688e-16)
(7.18842 -57.0723 -9.42778e-15)
(9.78708 -61.9858 8.41355e-15)
(2.44157 -59.8648 9.15087e-15)
(24.3054 -75.7325 3.07679e-16)
(4.12957 -11.4651 1.44999e-14)
(3.13732 -13.0828 -1.15089e-14)
(2.7079 -15.2286 3.73065e-15)
(2.99542 -18.0585 0)
(3.82776 -21.3273 0)
(4.74083 -24.7064 -8.26088e-15)
(5.4999 -28.0135 1.4566e-14)
(6.10625 -31.1554 -1.39985e-14)
(6.59304 -34.1688 5.90348e-15)
(7.01715 -37.0991 1.18394e-14)
(7.41652 -39.9639 1.1887e-14)
(7.77989 -42.779 -1.10611e-14)
(8.17922 -45.5634 1.03266e-14)
(8.52067 -48.3783 -2.0118e-17)
(8.95333 -51.1743 1.01683e-14)
(9.44804 -54.2611 2.74542e-16)
(9.30156 -56.6858 -9.4322e-15)
(12.0505 -61.5485 1.66611e-14)
(4.66381 -59.7477 -1.70702e-14)
(27.0874 -74.6737 -1.41287e-14)
(1.02552 -10.1863 4.58e-15)
(0.927249 -12.4833 -3.71545e-15)
(1.48983 -15.3328 3.51023e-16)
(2.64449 -18.5942 0)
(4.0076 -21.8864 0)
(5.2004 -25.0531 -1.70265e-14)
(6.14305 -28.1142 1.45926e-14)
(6.91558 -31.0712 2.83e-14)
(7.5711 -33.9719 -1.91726e-14)
(8.16137 -36.8307 -1.2602e-14)
(8.71683 -39.6451 2.32206e-14)
(9.22514 -42.4293 -4.43114e-14)
(9.7634 -45.1801 1.00397e-14)
(10.2291 -47.9913 9.94933e-15)
(10.801 -50.7405 1.0178e-14)
(11.397 -53.8451 -9.21836e-15)
(11.3974 -56.2211 0)
(14.2903 -61.039 1.73204e-14)
(6.8825 -59.5578 1.82555e-14)
(29.8327 -73.5073 1.47782e-14)
(-1.54058 -9.94599 -1.08811e-14)
(-0.440269 -13.0998 0)
(1.05759 -16.3693 2.34532e-14)
(2.81411 -19.6037 -2.03583e-14)
(4.44937 -22.6143 0)
(5.7892 -25.4612 0)
(6.85567 -28.2637 -7.65722e-15)
(7.77026 -31.0378 -2.82275e-14)
(8.57921 -33.8168 1.31314e-14)
(9.32189 -36.5876 0)
(10.0222 -39.3338 0)
(10.6688 -42.0717 1.11178e-14)
(11.3384 -44.7726 -1.06677e-14)
(11.9286 -47.5722 -1.02705e-14)
(12.6314 -50.2547 -2.03783e-14)
(13.3329 -53.3821 1.84337e-14)
(13.4745 -55.6805 5.6878e-16)
(16.5066 -60.4617 5.06808e-16)
(9.10157 -59.296 -1.70335e-14)
(32.5335 -72.2343 -1.42008e-14)
(-2.58717 -11.9855 -1.43859e-14)
(-0.619246 -14.8642 -2.78101e-14)
(1.38359 -17.7374 -1.66032e-15)
(3.37691 -20.6786 3.20279e-14)
(5.08088 -23.35 0)
(6.4917 -25.874 1.71947e-14)
(7.65306 -28.4334 -1.596e-14)
(8.69397 -31.0274 1.34305e-14)
(9.63852 -33.6741 1.28465e-14)
(10.5157 -36.3424 -1.27404e-14)
(11.3457 -39.0069 1.13723e-14)
(12.1202 -41.6873 0)
(12.9093 -44.3268 -2.19439e-14)
(13.6231 -47.1094 4.10796e-14)
(14.4437 -49.7089 -3.91066e-14)
(15.258 -52.8676 0)
(15.5287 -55.0589 2.02286e-17)
(18.6982 -59.8174 -1.69049e-14)
(11.3222 -58.9599 3.48331e-14)
(35.1806 -70.8541 -4.20713e-14)
(-2.12444 -12.9676 -9.16051e-16)
(-0.0504237 -15.9961 3.53231e-14)
(2.12527 -18.903 -2.12442e-14)
(4.19776 -21.5877 -1.01087e-14)
(5.89574 -23.9786 1.88269e-14)
(7.33509 -26.2545 -3.48645e-14)
(8.56871 -28.5983 1.52118e-14)
(9.71349 -31.0146 0)
(10.7676 -33.5234 3.69553e-16)
(11.7558 -36.0821 -1.21035e-14)
(12.6967 -38.6571 -2.41266e-14)
(13.5864 -41.2721 2.16917e-14)
(14.4802 -43.8411 -2.19797e-14)
(15.3168 -46.6006 2.05651e-14)
(16.2362 -49.1034 2.09954e-14)
(17.1753 -52.3015 -1.84171e-14)
(17.5552 -54.3556 5.56632e-14)
(20.8656 -59.1071 -1.63688e-14)
(13.5471 -58.5495 -3.40162e-14)
(37.762 -69.3668 2.46521e-17)
(-1.46119 -14.4256 -1.09741e-14)
(0.847518 -17.3303 4.29758e-14)
(3.16965 -20.0269 1.14148e-15)
(5.24444 -22.4005 -3.81233e-14)
(6.90355 -24.5107 -1.88943e-14)
(8.34956 -26.5647 3.32118e-14)
(9.62798 -28.7294 0)
(10.8383 -30.9791 1.48756e-14)
(11.971 -33.3501 -2.6419e-14)
(13.0458 -35.7959 0)
(14.0787 -38.2758 -2.35344e-14)
(15.0708 -40.8186 2.23422e-14)
(16.0541 -43.3106 0)
(17.0134 -46.0411 4.11213e-14)
(18.008 -48.4393 -1.98716e-14)
(19.0895 -51.6833 0)
(19.5499 -53.5719 -5.57279e-14)
(23.0122 -58.3347 5.0908e-14)
(15.7819 -58.0644 3.48371e-14)
(40.264 -67.775 5.73496e-14)
(-0.00498703 -15.6727 2.049e-14)
(2.34458 -18.3632 1.0755e-14)
(4.6134 -20.8739 -1.87435e-14)
(6.56218 -22.9829 -1.87745e-14)
(8.12061 -24.8927 3.4729e-14)
(9.53281 -26.763 -3.23543e-14)
(10.8242 -28.7643 1.54404e-14)
(12.0617 -30.8647 -2.96359e-14)
(13.243 -33.1084 3.95431e-14)
(14.3814 -35.4458 2.57346e-14)
(15.4871 -37.8322 -2.29202e-14)
(16.5684 -40.3035 6.08296e-16)
(17.6259 -42.7195 -2.08445e-14)
(18.7091 -45.4188 -6.22687e-14)
(19.7528 -47.7136 3.98246e-14)
(21.0018 -51.0054 1.07603e-15)
(21.5045 -52.7072 3.73426e-14)
(25.1394 -57.5004 0)
(18.0243 -57.497 -3.39784e-14)
(42.6643 -66.0869 2.87681e-14)
(1.82205 -16.5068 0)
(4.02309 -19.1015 0)
(6.21914 -21.4495 -1.90863e-14)
(8.04505 -23.314 -8.81073e-16)
(9.51206 -25.0749 5.10198e-14)
(10.8644 -26.7952 -1.57249e-14)
(12.1363 -28.6585 1.60509e-14)
(13.3667 -30.6321 -2.78516e-14)
(14.5727 -32.7688 0)
(15.7544 -35.014 2.50685e-14)
(16.9155 -37.317 2.3594e-14)
(18.0734 -39.7218 0)
(19.1905 -42.0667 -2.20457e-14)
(20.3991 -44.7304 4.05591e-14)
(21.4656 -46.9286 4.04132e-14)
(22.9141 -50.2578 -1.72794e-14)
(23.4083 -51.777 -7.27143e-14)
(27.2474 -56.6047 0)
(20.273 -56.8349 0)
(44.9489 -64.3183 -8.97269e-18)
(4.00575 -16.7614 -1.99438e-14)
(5.97008 -19.324 0)
(8.05153 -21.6311 3.26541e-16)
(9.69263 -23.3628 1.85344e-14)
(11.0494 -25.0327 -3.31568e-14)
(12.3028 -26.6333 0)
(13.5273 -28.3889 1.51415e-14)
(14.7237 -30.2677 0)
(15.9377 -32.3197 0)
(17.1484 -34.4901 -2.50435e-14)
(18.3532 -36.7223 0)
(19.5803 -39.0673 2.29953e-14)
(20.7453 -41.3483 -6.43797e-14)
(22.0811 -43.9705 4.11224e-14)
(23.145 -46.0854 -1.93777e-14)
(24.8285 -49.4278 7.55263e-14)
(25.252 -50.7939 0)
(29.3371 -55.6547 -3.35641e-14)
(22.5195 -56.0673 0)
(47.0813 -62.5036 5.79054e-14)
(6.49842 -16.3098 0)
(8.00154 -18.9243 3.2423e-16)
(9.99635 -21.3737 6.31734e-16)
(11.4139 -23.0848 -5.2931e-14)
(12.6579 -24.7127 1.64117e-14)
(13.7783 -26.247 -1.60145e-14)
(14.9419 -27.9328 -1.50592e-14)
(16.0939 -29.752 2.91415e-14)
(17.3078 -31.7446 -2.59657e-14)
(18.5401 -33.8608 -5.06824e-14)
(19.7806 -36.037 2.29348e-14)
(21.0731 -38.3306 2.23756e-14)
(22.2792 -40.5583 2.14651e-14)
(23.7451 -43.132 2.05582e-14)
(24.787 -45.185 0)
(26.7392 -48.5049 1.06782e-15)
(27.0244 -49.7459 -7.29512e-14)
(31.4091 -54.6534 -8.10106e-16)
(24.7403 -55.155 3.30413e-14)
(49.0327 -60.7004 -5.81017e-14)
(8.95113 -14.887 2.27081e-14)
(9.93946 -17.8244 2.02629e-14)
(11.9514 -20.6239 1.87136e-14)
(13.0999 -22.4391 -1.86316e-14)
(14.2421 -24.0851 1.61369e-14)
(15.2169 -25.6224 3.28271e-14)
(16.3261 -27.2844 -1.43845e-14)
(17.4385 -29.0836 -5.76546e-14)
(18.6535 -31.0443 -1.37793e-15)
(19.9081 -33.1273 -1.33515e-15)
(21.1836 -35.2617 2.2911e-14)
(22.5411 -37.5107 -4.47249e-14)
(23.7839 -39.6964 0)
(25.3818 -42.2128 2.1704e-14)
(26.3883 -44.2324 -7.99036e-14)
(28.6378 -47.4833 3.66216e-14)
(28.7117 -48.6483 3.70889e-14)
(33.475 -53.5843 0)
(26.8773 -54.0854 -3.39894e-14)
(50.9603 -58.8606 0)
(11.1629 -12.1708 6.3846e-16)
(11.5353 -16.0081 5.11107e-16)
(13.735 -19.3366 1.9477e-14)
(14.6164 -21.4194 -5.57097e-14)
(15.7082 -23.1596 5.08114e-14)
(16.5588 -24.7761 1.62066e-14)
(17.6271 -26.4585 -1.51714e-14)
(18.7152 -28.2747 2.76554e-14)
(19.9439 -30.2268 2.5847e-14)
(21.2301 -32.2928 -1.7622e-17)
(22.5445 -34.3976 0)
(23.9699 -36.6078 -6.12891e-16)
(25.2494 -38.7637 2.08856e-14)
(26.9794 -41.213 4.22738e-14)
(27.9459 -43.2342 2.25354e-15)
(30.5128 -46.3611 -7.43113e-14)
(30.3084 -47.5226 3.83029e-14)
(35.5584 -52.415 -6.5624e-14)
(28.9509 -52.9368 3.3851e-14)
(52.6809 -57.0834 0)
(11.7927 -8.98165 0)
(12.0933 -14.0412 -2.18622e-14)
(14.9659 -17.7629 -1.95488e-14)
(15.7393 -20.2037 0)
(16.9021 -22.0505 5.20239e-14)
(17.7216 -23.7832 -4.74466e-14)
(18.7967 -25.5053 -6.08915e-14)
(19.8989 -27.3562 -6.73068e-16)
(21.1604 -29.3101 0)
(22.4907 -31.3675 -1.75145e-17)
(23.8497 -33.4508 2.35023e-14)
(25.3469 -35.6246 0)
(26.6651 -37.762 4.41613e-14)
(28.5238 -40.1328 -8.23309e-14)
(29.4534 -42.1954 3.89026e-14)
(32.3426 -45.1384 -1.88568e-17)
(31.8068 -46.3946 -3.72871e-14)
(37.6732 -51.1119 3.32207e-14)
(30.8832 -51.6444 -3.51896e-14)
(54.0543 -55.5997 5.56124e-14)
(10.0237 -6.72114 0)
(11.7116 -13.1089 0)
(15.6975 -16.4724 -3.88902e-14)
(16.5603 -19.1063 7.15655e-14)
(17.8693 -20.9212 -6.64053e-14)
(18.7358 -22.7307 1.58395e-14)
(19.8491 -24.4712 5.96336e-14)
(20.9896 -26.3535 2.87443e-14)
(22.2978 -28.3082 -2.56672e-14)
(23.6839 -30.3588 2.47783e-14)
(25.094 -32.4267 -4.75874e-14)
(26.6659 -34.5641 2.17561e-14)
(28.0255 -36.6935 4.42035e-14)
(30.0032 -38.9726 4.35345e-14)
(30.9024 -41.1142 -3.89557e-14)
(34.0904 -43.8026 3.6727e-14)
(33.1695 -45.2824 7.48052e-14)
(39.826 -49.6897 -3.22039e-14)
(32.5172 -50.1748 0)
(55.5797 -54.2488 0)
(7.18772 -6.58296 0)
(11.6932 -13.8773 2.21708e-14)
(16.4539 -15.5598 -1.84081e-14)
(17.3141 -18.1806 -3.59727e-14)
(18.7182 -19.7831 1.50421e-14)
(19.6168 -21.6365 3.0589e-14)
(20.787 -23.3771 5.17421e-18)
(21.9869 -25.2895 0)
(23.3623 -27.2429 0)
(24.8207 -29.286 5.01483e-14)
(26.2907 -31.3431 1.25793e-15)
(27.9422 -33.4415 -4.41511e-14)
(29.3509 -35.5759 0)
(31.437 -37.747 -8.26561e-14)
(32.3226 -39.9985 4.12596e-14)
(35.7465 -42.3399 -1.12592e-13)
(34.4106 -44.3032 3.73684e-14)
(41.9976 -47.9433 3.4139e-14)
(33.7978 -48.7136 -6.85591e-14)
(57.3879 -53.0922 5.48866e-14)
(10.4041 -7.3176 -1.10377e-15)
(13.1897 -14.682 -2.05091e-14)
(17.4717 -14.6324 -1.78193e-14)
(17.9467 -17.3439 1.67746e-14)
(19.4011 -18.7828 3.23994e-14)
(20.3091 -20.7603 -2.94665e-14)
(21.6357 -22.5286 -2.86226e-14)
(22.9546 -24.4542 2.77501e-14)
(24.4765 -26.3958 -2.48544e-14)
(26.0248 -28.3718 -2.46322e-14)
(27.5758 -30.388 4.56129e-14)
(29.2972 -32.4004 5.823e-16)
(30.7508 -34.5272 -4.31091e-14)
(32.9243 -36.5492 3.91702e-14)
(33.8423 -38.9422 0)
(37.3846 -40.7926 3.72273e-14)
(35.9276 -43.4849 1.108e-15)
(44.1166 -45.7161 -3.16356e-14)
(34.7154 -47.5665 0)
(59.1848 -52.4357 -5.36608e-14)
(14.6279 -4.67487 2.09936e-14)
(13.3629 -14.1377 -2.07031e-17)
(17.4789 -14.4445 1.59648e-14)
(17.3273 -17.3318 -3.02893e-14)
(18.9608 -18.7155 -4.55845e-16)
(19.831 -20.6232 1.39305e-14)
(21.3341 -22.2603 4.08174e-16)
(22.8158 -24.0417 1.88037e-17)
(24.5101 -25.8355 -2.28119e-14)
(26.2154 -27.6969 -2.13428e-14)
(27.8949 -29.6379 6.14717e-16)
(29.7034 -31.5671 -1.8872e-14)
(31.252 -33.7108 0)
(33.4426 -35.5983 6.95168e-14)
(34.4908 -38.1516 0)
(37.9825 -39.6172 -3.23844e-14)
(36.7793 -42.9332 3.11964e-14)
(44.9424 -43.9016 2.81103e-14)
(35.5533 -47.5093 -4.39351e-16)
(59.8688 -50.9393 3.16682e-16)
(14.9184 -4.92796 0)
(13.2095 -13.9192 1.38767e-14)
(17.4803 -14.4033 0)
(17.2325 -17.2373 1.24412e-14)
(18.9151 -18.6804 0)
(19.792 -20.5831 -2.25857e-14)
(21.3351 -22.2386 3.43433e-16)
(22.84 -24.0104 -3.08853e-16)
(24.557 -25.7976 1.90481e-14)
(26.2768 -27.6381 1.78735e-14)
(27.9763 -29.5631 -1.69833e-14)
(29.796 -31.4665 3.16034e-14)
(31.3716 -33.6045 0)
(33.5581 -35.4585 -2.95979e-14)
(34.663 -38.0409 4.66351e-16)
(38.1052 -39.415 -3.396e-18)
(36.9776 -42.8746 -4.06285e-16)
(45.0601 -43.566 -2.43349e-14)
(35.8223 -47.6029 -2.16716e-14)
(60.011 -50.6165 -1.74322e-14)
(15.0187 -5.43652 2.48832e-16)
(13.0309 -13.7264 -2.10341e-16)
(17.4447 -14.4439 0)
(17.1102 -17.1888 1.28724e-14)
(18.8446 -18.6945 1.14435e-14)
(19.7314 -20.5827 2.23379e-14)
(21.3157 -22.2472 6.74998e-16)
(22.8463 -24.0011 1.61016e-17)
(24.5875 -25.7764 -2.9317e-16)
(26.3242 -27.5926 -3.61637e-14)
(28.0455 -29.4983 -2.04396e-17)
(29.8784 -31.373 -3.19104e-14)
(31.4845 -33.5001 2.29754e-16)
(33.6642 -35.3182 -4.75678e-16)
(34.8315 -37.925 -2.85689e-14)
(38.2133 -39.2106 2.79493e-14)
(37.2149 -42.8021 4.31439e-16)
(45.1545 -43.2277 -3.62967e-16)
(36.1374 -47.6893 2.19614e-14)
(60.1373 -50.2352 3.50025e-14)
(15.0081 -5.97147 0)
(12.8471 -13.57 0)
(17.3574 -14.5211 1.28787e-14)
(16.9575 -17.1702 -1.24963e-14)
(18.7429 -18.7341 -1.14547e-14)
(19.6495 -20.601 -3.35265e-16)
(21.2791 -22.2689 -2.13645e-14)
(22.8382 -24.0013 -6.42079e-16)
(24.6053 -25.7622 2.9504e-16)
(26.3606 -27.5534 1.82064e-14)
(28.1052 -29.4384 3.41603e-14)
(29.9521 -31.2848 -1.80886e-17)
(31.5915 -33.3981 1.51293e-14)
(33.7649 -35.1814 0)
(34.9955 -37.8081 2.85333e-14)
(38.3149 -39.0103 4.24625e-16)
(37.457 -42.7177 2.66721e-14)
(45.2448 -42.8882 2.41645e-14)
(36.4599 -47.7541 3.58759e-16)
(60.2834 -49.8463 -1.75527e-14)
(14.9612 -6.48965 1.47859e-14)
(12.667 -13.4371 -1.16517e-17)
(17.2336 -14.6213 2.04877e-16)
(16.7879 -17.1694 -4.00147e-16)
(18.6258 -18.7888 -1.15235e-14)
(19.5622 -20.6302 -1.1439e-14)
(21.2393 -22.2988 2.14187e-14)
(22.8277 -24.0085 3.14264e-16)
(24.6201 -25.7548 1.94939e-14)
(26.3939 -27.5213 0)
(28.162 -29.3849 -1.72013e-14)
(30.0226 -31.2032 3.22072e-14)
(31.6966 -33.2996 -1.5124e-14)
(33.8635 -35.0496 0)
(35.1599 -37.6908 -4.67079e-16)
(38.4116 -38.8186 -2.76536e-14)
(37.7061 -42.6258 -2.66442e-14)
(45.3312 -42.5492 -2.38313e-14)
(36.7884 -47.8057 -3.34786e-16)
(60.4448 -49.453 2.75919e-16)
(14.9011 -6.97932 -2.9751e-14)
(12.4899 -13.3241 1.39761e-14)
(17.0806 -14.7383 8.25208e-19)
(16.6063 -17.1853 1.91017e-16)
(18.4992 -18.8558 2.38412e-14)
(19.4742 -20.6681 1.11207e-14)
(21.199 -22.335 -2.11733e-14)
(22.8171 -24.0213 -3.15267e-16)
(24.6339 -25.7526 -1.95472e-14)
(26.4256 -27.4946 -2.95653e-16)
(28.217 -29.3365 2.63503e-16)
(30.0908 -31.1274 -1.6215e-14)
(31.8003 -33.2045 -1.49039e-14)
(33.9602 -34.9226 -2.25923e-16)
(35.3247 -37.5724 2.90387e-14)
(38.5049 -38.632 2.80983e-14)
(37.9625 -42.5256 2.70684e-14)
(45.41 -42.219 -3.66312e-16)
(37.1237 -47.8442 -2.21163e-14)
(60.618 -49.053 2.63323e-16)
(14.8321 -7.43815 1.4496e-14)
(12.3124 -13.2283 -1.40422e-14)
(16.9026 -14.869 -2.57752e-14)
(16.4164 -17.2163 0)
(18.3669 -18.9329 1.20804e-17)
(19.3881 -20.7131 -3.55551e-16)
(21.1599 -22.3764 2.22117e-14)
(22.8077 -24.0387 3.32433e-16)
(24.6479 -25.7545 -2.987e-16)
(26.4569 -27.4722 0)
(28.2712 -29.2925 0)
(30.158 -31.0566 1.63363e-14)
(31.903 -33.1125 1.51399e-14)
(34.0557 -34.8002 2.98028e-14)
(35.4898 -37.4529 -5.85362e-14)
(38.5956 -38.4513 4.26597e-16)
(38.2247 -42.4204 -2.66067e-14)
(45.4795 -41.8969 0)
(37.4656 -47.875 1.02733e-17)
(60.8014 -48.6453 -1.78116e-14)
(14.7516 -7.86777 1.4402e-14)
(12.1315 -13.1479 1.45585e-14)
(16.7025 -15.0106 1.28952e-14)
(16.2227 -17.26 1.26402e-14)
(18.2326 -19.0178 -2.43605e-14)
(19.3062 -20.7637 -1.08085e-14)
(21.1233 -22.4217 1.68868e-17)
(22.8004 -24.06 -2.11096e-14)
(24.6629 -25.7597 0)
(26.4886 -27.4534 1.85887e-14)
(28.3254 -29.252 -2.80574e-16)
(30.2249 -30.9904 -1.58935e-14)
(32.0051 -33.0233 -2.30479e-16)
(34.1503 -34.6821 2.97805e-17)
(35.6554 -37.3321 2.90279e-14)
(38.6842 -38.2768 0)
(38.492 -42.31 0)
(45.5396 -41.5831 -2.4502e-14)
(37.814 -47.8988 9.79579e-18)
(60.9936 -48.2289 -3.21366e-17)
(14.6575 -8.27265 -2.90553e-14)
(11.9455 -13.0829 -1.43956e-14)
(16.4838 -15.1603 -1.29292e-14)
(16.0298 -17.3137 -1.2668e-14)
(18.0998 -19.1083 2.40324e-14)
(19.2308 -20.8184 0)
(21.0903 -22.4698 0)
(22.7962 -24.0841 -1.77483e-17)
(24.6798 -25.7673 0)
(26.5215 -27.4374 -1.86169e-14)
(28.3805 -29.2142 -1.72746e-14)
(30.2923 -30.9278 -1.67475e-14)
(32.1071 -32.9365 -1.54122e-14)
(34.2444 -34.5681 -5.94548e-14)
(35.8214 -37.2097 0)
(38.7704 -38.1078 0)
(38.7644 -42.1942 0)
(45.5904 -41.2776 2.45533e-14)
(38.1693 -47.917 4.31324e-14)
(61.1944 -47.8029 1.79022e-14)
(14.5513 -8.64187 1.44288e-14)
(11.7538 -13.0294 0)
(16.2502 -15.3161 1.29357e-14)
(15.8426 -17.3746 4.06019e-16)
(17.9715 -19.2022 -1.24013e-14)
(19.1634 -20.8757 0)
(21.0619 -22.5198 0)
(22.7958 -24.1104 2.07983e-14)
(24.6994 -25.7765 3.16033e-16)
(26.5566 -27.4232 -5.83174e-16)
(28.4371 -29.1783 1.78525e-14)
(30.3608 -30.8682 1.65389e-14)
(32.2093 -32.8518 1.51594e-14)
(34.3385 -34.4578 2.93698e-14)
(35.9879 -37.0855 -2.57272e-17)
(38.8559 -37.9427 4.28261e-16)
(39.0408 -42.0721 0)
(45.6317 -40.9806 0)
(38.5325 -47.9318 -2.1503e-14)
(61.4044 -47.3652 0)
(14.4329 -8.98029 1.44018e-14)
(11.5565 -12.9866 0)
(16.0055 -15.4763 1.29737e-14)
(15.6663 -17.4398 -4.0723e-16)
(17.8507 -19.2972 -1.16838e-14)
(19.1053 -20.9343 0)
(21.0388 -22.5705 0)
(22.7998 -24.1379 2.04676e-14)
(24.7222 -25.7865 -1.59768e-17)
(26.5945 -27.4103 5.83867e-16)
(28.4957 -29.1436 1.73693e-14)
(30.431 -30.8109 1.66046e-14)
(32.3122 -32.7686 1.5183e-14)
(34.4331 -34.351 3.0383e-14)
(36.1552 -36.9601 -4.42128e-16)
(38.9444 -37.7812 0)
(39.3225 -41.9403 0)
(45.6629 -40.6927 0)
(38.9054 -47.9427 -2.14255e-14)
(61.6242 -46.9109 0)
(14.2998 -9.29145 -2.8676e-14)
(11.3545 -12.9523 -1.46615e-14)
(15.7546 -15.6382 -1.2981e-14)
(15.5059 -17.5064 -1.27894e-14)
(17.7393 -19.3913 2.40888e-14)
(19.0574 -20.9928 0)
(21.0217 -22.6209 0)
(22.8084 -24.1659 8.96231e-18)
(24.7487 -25.7966 0)
(26.6358 -27.3978 -1.87038e-14)
(28.557 -29.1093 -1.79278e-14)
(30.5033 -30.7551 -1.63723e-14)
(32.4161 -32.6865 -1.49295e-14)
(34.5285 -34.2473 -6.00465e-14)
(36.3237 -36.8328 0)
(39.0322 -37.625 0)
(39.6164 -41.7972 0)
(45.6828 -40.4141 2.48423e-14)
(39.2897 -47.9508 4.27238e-14)
(61.8531 -46.44 1.81187e-14)
(14.1501 -9.57787 1.45181e-14)
(11.15 -12.9236 1.44979e-14)
(15.5028 -15.7988 1.30115e-14)
(15.3644 -17.5721 1.27953e-14)
(17.6396 -19.4821 -2.36819e-14)
(19.0202 -21.0497 -1.22318e-14)
(21.011 -22.67 -1.68922e-17)
(22.8222 -24.1933 -2.04317e-14)
(24.7794 -25.8058 0)
(26.681 -27.385 1.83914e-14)
(28.6212 -29.0747 5.52255e-16)
(30.5782 -30.7002 -1.71945e-14)
(32.5212 -32.605 2.31026e-16)
(34.6253 -34.1463 -3.75452e-17)
(36.4937 -36.7031 2.90824e-14)
(39.1205 -37.476 0)
(39.915 -41.6441 0)
(45.6916 -40.1449 -2.48941e-14)
(39.6871 -47.9571 -8.50479e-18)
(62.091 -45.9495 3.04227e-17)
(13.9822 -9.84215 1.45572e-14)
(10.9468 -12.8974 -1.5058e-14)
(15.2555 -15.9546 -2.60373e-14)
(15.2441 -17.6349 0)
(17.5528 -19.5674 -3.15152e-19)
(18.994 -21.1036 -1.16003e-19)
(21.0069 -22.7163 2.21584e-14)
(22.8414 -24.219 -6.47667e-16)
(24.8145 -25.8133 2.99543e-16)
(26.7304 -27.3713 0)
(28.6888 -29.0392 2.83671e-16)
(30.6561 -30.6455 1.64214e-14)
(32.628 -32.5234 1.52116e-14)
(34.7238 -34.0477 2.99356e-14)
(36.6651 -36.5707 -5.76762e-14)
(39.2068 -37.3354 -4.30224e-16)
(40.2182 -41.4818 -2.65e-14)
(45.6886 -39.886 0)
(40.0994 -47.9625 -8.16418e-18)
(62.3386 -45.4359 -1.82408e-14)
(13.7938 -10.0868 -2.85993e-14)
(10.7492 -12.8708 1.51272e-14)
(15.0168 -16.102 9.01449e-18)
(15.1473 -17.6943 -1.94195e-16)
(17.4795 -19.6452 2.39918e-14)
(18.9791 -21.1529 1.18257e-14)
(21.0099 -22.7587 -2.24424e-14)
(22.8662 -24.2421 3.15026e-16)
(24.8543 -25.8182 -1.96785e-14)
(26.7845 -27.3558 2.99862e-16)
(28.7601 -29.002 -2.6889e-16)
(30.7371 -30.5903 -1.67126e-14)
(32.7366 -32.4413 -1.54466e-14)
(34.8245 -33.9512 2.27597e-16)
(36.8373 -36.4354 2.9061e-14)
(39.2925 -37.2029 2.84547e-14)
(40.5251 -41.3087 2.60305e-14)
(45.6724 -39.6396 3.76831e-16)
(40.5277 -47.9671 -2.08216e-14)
(62.5979 -44.8958 -2.69996e-16)
(13.5829 -10.3164 1.45174e-14)
(10.5645 -12.8394 1.00982e-17)
(14.7924 -16.2387 -1.96122e-16)
(15.0684 -17.7511 4.06539e-16)
(17.4212 -19.7143 -1.23381e-14)
(18.9761 -21.1967 -1.14343e-14)
(21.0209 -22.7962 2.20844e-14)
(22.8976 -24.2618 -3.14623e-16)
(24.8996 -25.82 1.96455e-14)
(26.8438 -27.3381 0)
(28.8355 -28.9627 -1.76979e-14)
(30.8218 -30.5342 3.34255e-14)
(32.8475 -32.3583 -1.52372e-14)
(34.9279 -33.8567 0)
(37.01 -36.297 -4.68482e-16)
(39.3815 -37.0773 -2.80133e-14)
(40.8363 -41.1257 -2.64747e-14)
(45.6453 -39.4073 -2.56109e-14)
(40.9732 -47.9706 3.27151e-16)
(62.8707 -44.3253 -2.88527e-16)
(13.3553 -10.5428 0)
(10.4011 -12.7967 0)
(14.585 -16.3665 1.30176e-14)
(15.0118 -17.8033 -1.27107e-14)
(17.3816 -19.775 -1.19526e-14)
(18.9866 -21.2346 -1.02154e-17)
(21.0422 -22.8291 -2.1685e-14)
(22.9375 -24.278 3.31203e-16)
(24.9521 -25.819 -2.98899e-16)
(26.9096 -27.3182 1.87051e-14)
(28.9162 -28.9216 3.53703e-14)
(30.9111 -30.4771 2.94339e-16)
(32.9616 -32.2744 1.49972e-14)
(35.0343 -33.7635 0)
(37.184 -36.1575 2.95862e-14)
(39.4712 -36.9566 -4.31474e-16)
(41.1472 -40.939 2.64356e-14)
(45.6015 -39.1863 2.5275e-14)
(41.4438 -47.9782 -3.50178e-16)
(63.1542 -43.7151 -1.86379e-14)
(13.1257 -10.7821 -2.29911e-16)
(10.2562 -12.7266 2.28033e-16)
(14.3973 -16.4804 0)
(14.9795 -17.8391 1.2271e-14)
(17.3568 -19.8214 1.22895e-14)
(19.0066 -21.2607 2.31451e-14)
(21.0707 -22.8524 -3.30328e-16)
(22.9831 -24.2869 -3.31164e-16)
(25.0096 -25.8121 2.98957e-16)
(26.9802 -27.2938 -3.7392e-14)
(29.0011 -28.8769 3.32949e-17)
(31.0041 -30.4175 -3.31891e-14)
(33.0789 -32.1888 -2.32002e-16)
(35.1428 -33.6703 4.81487e-16)
(37.3605 -36.0174 -2.95302e-14)
(39.5588 -36.8378 2.85241e-14)
(41.4604 -40.7557 -4.29866e-16)
(45.5256 -38.9659 3.81042e-16)
(41.961 -48.0072 2.09865e-14)
(63.4366 -43.0458 3.75277e-14)
(12.8969 -11.0329 0)
(10.1639 -12.6213 1.50331e-14)
(14.2065 -16.5442 0)
(14.9517 -17.8324 1.26505e-14)
(17.3202 -19.8244 0)
(19.0117 -21.249 -2.2787e-14)
(21.0817 -22.8408 -3.48119e-16)
(23.0127 -24.2674 3.15162e-16)
(25.0525 -25.7815 1.9429e-14)
(27.0392 -27.2508 1.90278e-14)
(29.0765 -28.8168 -1.74474e-14)
(31.0903 -30.3464 3.32916e-14)
(33.1904 -32.0933 0)
(35.2491 -33.5726 -3.00783e-14)
(37.5313 -35.8689 -4.68781e-16)
(39.6476 -36.7228 -1.60448e-18)
(41.7737 -40.5648 4.03534e-16)
(45.4294 -38.7509 -2.51097e-14)
(42.5268 -48.0563 -2.12833e-14)
(63.7189 -42.3192 -1.88713e-14)
(12.6237 -11.2254 1.81931e-14)
(10.1572 -12.4974 -3.01504e-17)
(14.0032 -16.504 1.62226e-14)
(14.9612 -17.7852 -3.11786e-14)
(17.2895 -19.7766 4.63984e-16)
(19.0232 -21.2041 1.33059e-14)
(21.0905 -22.7978 -4.16268e-16)
(23.0404 -24.2275 -2.00807e-17)
(25.0914 -25.7353 -2.29619e-14)
(27.0962 -27.1976 -2.18042e-14)
(29.1496 -28.7479 -6.53742e-16)
(31.1781 -30.2698 -1.94467e-14)
(33.2995 -31.99 0)
(35.364 -33.4759 7.08899e-14)
(37.6866 -35.7049 0)
(39.7662 -36.6287 -3.32692e-14)
(42.0335 -40.3182 3.0817e-14)
(45.4377 -38.619 3.01621e-14)
(43.0255 -48.0255 4.20881e-16)
(64.0784 -41.6751 -3.36912e-16)
(7.52919 -9.79961 -5.27305e-16)
(10.1369 -12.1536 -2.15808e-14)
(13.9257 -16.0833 -1.82738e-14)
(15.7624 -17.8158 1.70401e-14)
(18.096 -19.9189 -3.26415e-14)
(20.0513 -21.5293 2.93475e-14)
(22.1259 -23.1513 -2.85701e-14)
(24.0918 -24.575 -2.78074e-14)
(26.0861 -25.9838 2.51186e-14)
(28.0505 -27.3288 2.50544e-14)
(30.0587 -28.7208 -4.67164e-14)
(32.0704 -30.1229 4.39801e-14)
(34.1706 -31.659 4.35758e-14)
(36.2694 -33.1144 -3.99647e-14)
(38.5749 -35.0296 4.05767e-14)
(40.79 -36.278 1.06204e-15)
(42.889 -39.0018 -7.31938e-14)
(46.6997 -38.6382 3.31833e-14)
(43.5317 -45.9588 0)
(64.9212 -40.9126 6.92306e-17)
(7.46866 -11.8873 0)
(10.7488 -13.4443 -2.15886e-14)
(13.5965 -15.2346 1.87295e-14)
(16.0468 -16.8972 3.64158e-14)
(18.3012 -18.4475 1.8296e-14)
(20.4516 -19.9387 -3.03765e-14)
(22.585 -21.4076 -1.36474e-16)
(24.7146 -22.8636 0)
(26.8297 -24.2936 0)
(28.9333 -25.7168 -6.7105e-16)
(31.0366 -27.1504 -1.22337e-15)
(33.1569 -28.614 -5.72045e-16)
(35.3153 -30.1303 0)
(37.5428 -31.6974 -8.40355e-14)
(39.7717 -33.3672 -4.15566e-14)
(42.2952 -35.0444 -3.98751e-14)
(43.936 -36.8485 3.73851e-14)
(48.7763 -38.2535 -3.55989e-14)
(43.1536 -42.4566 6.90269e-14)
(68.2792 -39.3653 1.35777e-15)
(7.94244 -13.1526 0)
(11.2028 -14.4397 0)
(14.1199 -15.7758 3.76639e-14)
(16.7192 -17.0888 -6.91509e-14)
(19.1041 -18.3916 -8.20056e-16)
(21.3717 -19.6924 1.5473e-14)
(23.5936 -21.0065 5.84522e-14)
(25.7898 -22.3142 -2.83698e-14)
(27.958 -23.6063 2.55609e-14)
(30.099 -24.8946 2.48943e-14)
(32.2313 -26.1995 -2.36563e-14)
(34.3818 -27.5396 0)
(36.5664 -28.9354 -4.46515e-14)
(38.8313 -30.3928 3.96897e-14)
(41.0846 -31.9606 3.93133e-14)
(43.6765 -33.527 1.17103e-13)
(45.2853 -35.2534 -7.48139e-14)
(50.2226 -36.553 3.3671e-14)
(44.3209 -40.4165 0)
(70.3867 -36.9499 0)
(9.21311 -13.9059 0)
(12.2289 -14.8079 -1.87579e-14)
(15.0187 -15.7808 -1.78879e-14)
(17.5772 -16.8069 0)
(19.9618 -17.876 -1.69836e-14)
(22.2544 -19.0062 1.4578e-14)
(24.5171 -20.1965 7.77952e-16)
(26.7634 -21.4061 -5.44585e-14)
(28.9808 -22.6133 0)
(31.1673 -23.8245 6.64744e-17)
(33.3425 -25.0519 2.35518e-14)
(35.534 -26.3134 0)
(37.7568 -27.6298 -4.45525e-14)
(40.0618 -29.0054 8.36826e-14)
(42.3523 -30.4887 -3.92372e-14)
(44.9971 -31.9612 1.56825e-17)
(46.6206 -33.6196 -3.73079e-14)
(51.6366 -34.7472 -8.22019e-16)
(45.7664 -38.5267 7.04856e-14)
(72.0245 -34.3879 -5.60808e-14)
(10.6243 -14.2573 -3.80875e-14)
(13.4595 -14.9553 3.57092e-14)
(16.1274 -15.7083 1.73849e-14)
(18.6146 -16.5158 1.75026e-14)
(20.9629 -17.3854 -1.51037e-14)
(23.2452 -18.3554 1.52324e-14)
(25.5211 -19.4147 -1.44809e-14)
(27.7947 -20.5113 8.29828e-14)
(30.0407 -21.6173 -2.53757e-14)
(32.2531 -22.7314 6.48141e-17)
(34.453 -23.8662 0)
(36.6688 -25.0365 4.56851e-14)
(38.9165 -26.2641 -2.11253e-14)
(41.2504 -27.5484 -4.28701e-14)
(43.5736 -28.9437 -2.14171e-15)
(46.2621 -30.3081 -1.03309e-15)
(47.9183 -31.9171 0)
(52.9797 -32.8322 -3.46326e-14)
(47.2292 -36.7175 3.50137e-14)
(73.3853 -31.736 0)
(12.1075 -14.1998 1.8276e-14)
(14.813 -14.7806 1.77599e-14)
(17.3702 -15.3811 1.71367e-14)
(19.7592 -16.0176 5.02142e-14)
(22.0318 -16.7278 -4.65862e-14)
(24.2674 -17.5634 -3.09335e-14)
(26.5281 -18.5095 4.24545e-14)
(28.8089 -19.5098 7.12958e-16)
(31.07 -20.5258 1.27314e-15)
(33.3003 -21.5525 1.27508e-15)
(35.519 -22.6026 -2.29388e-14)
(37.7544 -23.6889 -4.50421e-14)
(40.0234 -24.8329 0)
(42.3832 -26.0291 -6.36793e-14)
(44.7363 -27.3374 8.042e-14)
(47.4683 -28.5974 -3.74804e-14)
(49.1554 -30.1563 7.54945e-14)
(54.2635 -30.8793 -3.35983e-14)
(48.65 -34.8838 -3.50518e-14)
(74.5366 -29.0847 0)
(13.617 -13.8231 0)
(16.2201 -14.3338 -3.53821e-14)
(18.6767 -14.8237 -8.1429e-16)
(20.9612 -15.3282 1.62961e-14)
(23.1382 -15.9124 -1.53222e-14)
(25.3045 -16.6345 -1.50488e-14)
(27.5326 -17.4881 -1.44052e-14)
(29.8076 -18.4075 -2.8003e-14)
(32.0738 -19.3433 2.53193e-14)
(34.3123 -20.2905 6.29565e-16)
(36.5414 -21.2621 -2.29335e-14)
(38.7902 -22.269 2.24874e-14)
(41.0758 -23.3324 2.16435e-14)
(43.4568 -24.4429 2.08313e-14)
(45.8357 -25.6668 0)
(48.6078 -26.8248 -7.79846e-14)
(50.3229 -28.3392 -9.93242e-16)
(55.474 -28.8697 6.99143e-14)
(49.9714 -33.0147 -3.42534e-14)
(75.6004 -26.3262 -2.44195e-18)
(15.1109 -13.1318 -1.74672e-14)
(17.634 -13.606 0)
(19.9925 -14.0212 -3.40147e-14)
(22.1704 -14.4323 1.54016e-14)
(24.2389 -14.9168 -4.26521e-16)
(26.3197 -15.5514 0)
(28.5036 -16.3386 1.43636e-14)
(30.7663 -17.1951 0)
(33.0325 -18.064 0)
(35.2745 -18.943 -2.4697e-14)
(37.5095 -19.8453 0)
(39.7676 -20.7798 -2.30546e-14)
(42.0669 -21.7676 2.16347e-14)
(44.4668 -22.7959 -4.16541e-14)
(46.8684 -23.9398 1.95435e-14)
(49.6775 -25.0005 7.6884e-14)
(51.4198 -26.4698 0)
(56.614 -26.8036 -3.44636e-14)
(51.2304 -31.1002 0)
(76.5121 -23.5522 -2.42764e-18)
(16.5402 -12.1364 0)
(19.0036 -12.5999 0)
(21.2745 -12.9761 1.72126e-14)
(23.3446 -13.3294 8.30268e-16)
(25.2983 -13.7411 -1.57216e-14)
(27.2845 -14.3169 1.47105e-14)
(29.4187 -15.0609 -4.39594e-14)
(31.6673 -15.8718 2.67441e-14)
(33.9318 -16.6895 0)
(36.1756 -17.5129 2.4677e-14)
(38.4153 -18.3548 2.35365e-14)
(40.6806 -19.2236 0)
(42.991 -20.142 2.21549e-14)
(45.4074 -21.093 5.33026e-16)
(47.8298 -22.1614 -5.27752e-16)
(50.6726 -23.1294 -5.91429e-14)
(52.4444 -24.5539 -9.87176e-16)
(57.676 -24.6908 0)
(52.3746 -29.1557 0)
(77.2542 -20.949 -5.59347e-14)
(17.8562 -10.8347 1.75932e-14)
(20.2774 -11.3199 -8.70827e-15)
(22.4792 -11.6983 0)
(24.4458 -12.0265 1.67132e-14)
(26.2813 -12.3966 -3.15152e-14)
(28.1676 -12.9398 -3.97547e-16)
(30.2512 -13.6601 1.44506e-14)
(32.4885 -14.4427 2.81479e-14)
(34.7544 -15.2241 -1.24052e-14)
(37.001 -16.0035 -2.53289e-14)
(39.2455 -16.7942 2.30008e-14)
(41.5179 -17.6045 -4.5566e-14)
(43.839 -18.4596 2.1073e-14)
(46.2703 -19.3377 -2.02714e-14)
(48.7121 -20.3353 -4.00985e-14)
(51.5857 -21.2119 -1.01607e-15)
(53.3855 -22.591 7.3621e-14)
(58.6451 -22.534 0)
(53.3558 -27.2127 -3.47608e-14)
(78.0371 -18.1144 2.7864e-14)
(19.0042 -9.23976 -9.14709e-15)
(21.4098 -9.78753 -4.53577e-16)
(23.5613 -10.2041 -8.64097e-16)
(25.4355 -10.5388 3.27916e-14)
(27.1526 -10.8972 -1.50592e-14)
(28.9369 -11.4296 3.73105e-16)
(30.9733 -12.1448 -1.48913e-14)
(33.2064 -12.9164 -6.58124e-16)
(35.4799 -13.6751 -3.03126e-16)
(37.734 -14.4204 0)
(39.986 -15.1681 -2.35704e-14)
(42.2668 -15.9271 2.25141e-14)
(44.5998 -16.7246 0)
(47.0455 -17.5338 4.16039e-14)
(49.507 -18.464 -2.0039e-14)
(52.4086 -19.248 0)
(54.2357 -20.5806 -1.79851e-14)
(59.5176 -20.3395 -5.18463e-14)
(54.2856 -25.2557 1.03598e-13)
(78.7638 -14.9498 3.63423e-18)
(19.931 -7.38889 3.76998e-14)
(22.3537 -8.03104 -4.43828e-14)
(24.475 -8.51348 1.66584e-14)
(26.2711 -8.88723 -8.26777e-15)
(27.8754 -9.26017 1.59927e-14)
(29.561 -9.80252 3.81478e-16)
(31.5588 -10.5315 -1.42803e-14)
(33.7992 -11.3072 0)
(36.0901 -12.0535 -2.65698e-14)
(38.3589 -12.7729 1.21393e-14)
(40.6242 -13.4849 0)
(42.9173 -14.199 0)
(45.2654 -14.9437 0)
(47.7262 -15.6874 -4.21389e-14)
(50.2092 -16.552 3.95456e-14)
(53.1352 -17.2421 0)
(54.9922 -18.5331 1.79735e-14)
(60.2933 -18.1187 1.66611e-14)
(55.1621 -23.2429 -1.66746e-14)
(79.3128 -11.9816 -1.3361e-14)
(20.5841 -5.33927 -9.30825e-15)
(23.0603 -6.0883 1.85247e-14)
(25.1782 -6.65898 8.92803e-16)
(26.9134 -7.1004 -7.93452e-15)
(28.4168 -7.51225 0)
(30.0131 -8.08526 1.55266e-14)
(31.9854 -8.84462 1.51189e-14)
(34.2482 -9.6349 1.46262e-14)
(36.5693 -10.3755 -1.28704e-14)
(38.8639 -11.0755 1.27652e-14)
(41.1522 -11.7579 -1.15501e-14)
(43.4648 -12.432 0)
(45.8329 -13.1269 2.21625e-14)
(48.3104 -13.8074 -4.1611e-14)
(50.8177 -14.6061 -5.22801e-16)
(53.7645 -15.2018 0)
(55.6577 -16.4568 -1.2619e-17)
(60.9767 -15.8623 -1.71281e-14)
(55.9336 -21.1675 -7.58788e-16)
(79.7426 -8.95007 -1.45528e-14)
(20.926 -3.16966 -9.84298e-15)
(23.4951 -4.0197 0)
(25.6389 -4.68979 -1.80893e-14)
(27.3326 -5.21779 1.65514e-14)
(28.7507 -5.6911 0)
(30.2725 -6.31305 0)
(32.2371 -7.11393 -7.44318e-15)
(34.5406 -7.92401 -2.81434e-14)
(36.9083 -8.66345 1.32736e-14)
(39.2428 -9.34915 0)
(41.5657 -10.0049 0)
(43.9069 -10.6401 1.12796e-14)
(46.3019 -11.2848 -1.08051e-14)
(48.7988 -11.9029 -1.03933e-14)
(51.3341 -12.6344 2.05529e-14)
(54.2979 -13.1375 -1.86496e-14)
(56.2363 -14.3599 -3.74972e-14)
(61.5624 -13.5695 1.62115e-14)
(56.6173 -19.0514 -4.31143e-16)
(80.046 -5.97082 -1.39708e-14)
(20.9191 -0.968803 -1.55344e-14)
(23.625 -1.89599 -5.22902e-15)
(25.8193 -2.65852 1.77286e-14)
(27.4926 -3.28198 0)
(28.8467 -3.83662 0)
(30.3192 -4.52356 0)
(32.3024 -5.37338 3.2672e-17)
(34.6697 -6.20533 -3.12879e-16)
(37.1036 -6.94421 6.36254e-15)
(39.4934 -7.6152 1.28536e-14)
(41.8626 -8.24278 -2.37572e-14)
(44.2412 -8.8372 6.31644e-18)
(46.6703 -9.4289 1.1368e-14)
(49.1903 -9.98377 -1.01194e-14)
(51.7578 -10.6448 -1.02751e-14)
(54.7349 -11.0573 9.32086e-15)
(56.7277 -12.2411 0)
(62.0374 -11.2346 -1.75118e-14)
(57.1968 -16.9262 1.6295e-14)
(80.2742 -3.18624 4.13278e-14)
(20.7204 1.21826 -2.82912e-16)
(23.546 0.264114 2.29445e-14)
(25.7734 -0.569195 -2.18483e-14)
(27.4194 -1.29713 8.17708e-15)
(28.7138 -1.96439 0)
(30.155 -2.74692 8.06681e-15)
(32.1789 -3.6586 2.12783e-16)
(34.6325 -4.5119 1.9124e-16)
(37.1524 -5.24517 6.82571e-15)
(39.6135 -5.89518 0)
(42.0409 -6.48809 -1.21779e-14)
(44.4655 -7.03667 3.39461e-14)
(46.935 -7.56984 -1.05505e-14)
(49.4817 -8.05903 2.19162e-17)
(52.0851 -8.64393 0)
(55.0734 -8.96657 9.5653e-15)
(57.1314 -10.0944 9.49336e-15)
(62.4025 -8.86196 2.43576e-16)
(57.7026 -14.9149 -3.57991e-14)
(80.4146 0.284109 -5.96647e-16)
(20.3869 3.36523 -9.37985e-15)
(23.2692 2.44212 4.20993e-15)
(25.4702 1.55021 -8.30853e-15)
(27.0535 0.697416 0)
(28.2912 -0.115546 8.15928e-15)
(29.7411 -1.02296 -1.13393e-14)
(31.8551 -2.00824 3.67315e-15)
(34.4325 -2.87907 7.02031e-15)
(37.0632 -3.59551 -6.62249e-15)
(39.6119 -4.21203 -6.38455e-15)
(42.1078 -4.75926 -2.89543e-16)
(44.5845 -5.25333 5.4828e-15)
(47.0981 -5.7196 0)
(49.6751 -6.13868 1.03731e-14)
(52.3174 -6.64058 0)
(55.3135 -6.87463 -9.55745e-15)
(57.4457 -7.92853 0)
(62.6614 -6.49582 -1.72588e-14)
(58.2424 -12.8189 8.13297e-15)
(80.3087 3.55531 -3.00108e-16)
(19.8593 5.67845 0)
(22.6977 4.79482 0)
(24.8305 3.79435 5.93833e-15)
(26.3497 2.75009 1.92759e-15)
(27.5669 1.72973 0)
(29.0963 0.65074 7.68703e-15)
(31.3765 -0.428847 -3.57843e-15)
(34.1243 -1.31445 0)
(36.8833 -2.00144 3.25603e-15)
(39.524 -2.57074 6.33388e-15)
(42.0893 -3.06018 -5.71551e-15)
(44.6194 -3.49109 -5.57781e-15)
(47.1768 -3.88473 -5.34973e-15)
(49.7825 -4.23091 0)
(52.4628 -4.64134 -4.96675e-15)
(55.4648 -4.78706 0)
(57.6689 -5.7596 -4.58855e-15)
(62.7964 -4.13729 0)
(58.711 -10.7062 -1.78264e-14)
(80.0256 6.71938 6.7088e-15)
(19.2545 8.30589 1.99401e-15)
(21.8808 7.43465 -8.1087e-16)
(23.8712 6.24474 -3.65734e-15)
(25.344 4.89065 -1.8659e-15)
(26.5843 3.58621 0)
(28.2355 2.33077 0)
(30.7454 1.17322 -7.25752e-15)
(33.7209 0.281017 3.31339e-15)
(36.6356 -0.378584 -3.24312e-15)
(39.3789 -0.909675 4.66448e-15)
(42.0173 -1.35338 -1.38291e-15)
(44.6015 -1.73104 8.41643e-15)
(47.2027 -2.05484 2.74492e-15)
(49.8356 -2.33206 0)
(52.5467 -2.65105 7.44057e-15)
(55.5514 -2.71227 4.88255e-15)
(57.8226 -3.59943 1.28265e-16)
(62.9035 -1.79502 -4.35016e-15)
(59.1417 -8.53818 4.23199e-15)
(79.616 9.88356 -7.02102e-15)
(18.9978 9.81606 -8.18413e-16)
(21.0991 9.00187 8.44805e-16)
(22.5905 7.79353 -1.72562e-15)
(23.7717 6.3339 7.73473e-16)
(25.0398 4.96632 -5.51034e-17)
(26.9061 3.81271 -9.60951e-16)
(29.6588 2.79717 -1.01444e-16)
(32.866 1.98567 7.59093e-16)
(35.971 1.36118 -4.24165e-17)
(38.8617 0.849882 -7.78836e-16)
(41.6217 0.43103 -1.44363e-15)
(44.3066 0.0824763 0)
(46.991 -0.193685 -1.36253e-15)
(49.6845 -0.417937 -1.38445e-15)
(52.4492 -0.651929 -1.33998e-15)
(55.4675 -0.641484 -6.49778e-17)
(57.7981 -1.44144 -6.53076e-17)
(62.8707 0.557573 -1.14353e-15)
(59.4712 -6.5184 -1.50169e-16)
(78.9673 13.0953 5.20148e-15)
(3.04346 -4.76845 -4.14568e-14)
(2.57132 -10.0055 0)
(4.27415 -12.1657 0)
(5.9595 -13.2083 3.90475e-14)
(7.61293 -13.686 -1.89475e-14)
(9.24352 -13.6935 0)
(10.8473 -13.3488 -9.18196e-15)
(12.403 -12.6664 2.78749e-14)
(13.8744 -11.6509 1.7812e-14)
(15.2159 -10.2977 -1.03055e-14)
(16.3716 -8.61405 9.42033e-15)
(17.2755 -6.63509 -9.65572e-15)
(17.8575 -4.43714 2.0279e-14)
(18.071 -2.133 2.53814e-16)
(17.8572 0.153482 -2.17264e-14)
(17.4766 2.34895 4.97736e-15)
(16.9509 4.38569 4.93566e-15)
(16.3289 6.48577 2.23461e-15)
(15.8478 8.86555 -3.0398e-15)
(16.0397 10.2268 2.61585e-15)
(-2.86704 -4.4442 -3.33876e-14)
(-2.00595 -9.9215 0)
(0.480465 -11.827 0)
(2.58159 -12.7868 -2.03499e-14)
(4.46424 -13.2188 0)
(6.22254 -13.2106 6.77963e-16)
(7.89215 -12.8502 -9.17968e-15)
(9.48702 -12.1463 -9.26518e-15)
(10.9938 -11.0936 -1.93338e-14)
(12.3759 -9.67528 -1.96809e-14)
(13.5785 -7.88764 -1.90267e-14)
(14.5287 -5.76328 -1.01581e-14)
(15.1397 -3.38871 1.06909e-14)
(15.339 -0.900853 1.17048e-14)
(14.9906 1.524 1.2623e-14)
(14.4963 3.76405 -1.74834e-14)
(13.6798 5.69814 5.36711e-15)
(12.7226 7.46728 0)
(12.048 9.31909 0)
(12.3067 10.3059 -1.40993e-15)
(-7.11699 -5.0096 -2.79636e-14)
(-5.58032 -10.9541 -1.97894e-14)
(-3.02143 -12.0264 0)
(-0.716597 -12.6254 -1.92838e-14)
(1.28107 -12.8476 1.8763e-14)
(3.09278 -12.7277 5.72997e-16)
(4.78022 -12.2968 5.86241e-16)
(6.37945 -11.5496 0)
(7.89625 -10.4575 -9.76794e-15)
(9.31617 -8.98913 -3.45712e-17)
(10.6065 -7.13085 4.20179e-14)
(11.7044 -4.90516 1.05997e-14)
(12.5196 -2.39441 0)
(12.9294 0.262494 1.24445e-14)
(12.7489 2.86422 0)
(12.3475 5.2517 -6.27384e-15)
(11.4711 7.25853 5.94447e-15)
(10.3022 8.84129 -5.27056e-15)
(9.21081 10.0685 -3.60121e-15)
(8.75342 10.3947 1.62583e-15)
(-8.69478 -5.03539 0)
(-8.41302 -11.6177 1.95183e-14)
(-6.08414 -12.3538 0)
(-3.80566 -12.584 -9.83357e-16)
(-1.82056 -12.528 3.62693e-14)
(-0.0354943 -12.2321 1.89873e-14)
(1.59744 -11.6813 1.05161e-14)
(3.12291 -10.8577 -9.85764e-15)
(4.5756 -9.71795 0)
(5.96564 -8.21573 -1.03009e-14)
(7.28166 -6.328 -1.17443e-14)
(8.48262 -4.06514 -2.43638e-14)
(9.48895 -1.49612 0)
(10.0567 1.24967 -3.07315e-14)
(10.1555 4.01373 -7.84232e-15)
(10.0204 6.45126 3.55246e-16)
(9.4502 8.41309 1.22685e-14)
(8.78111 9.87996 3.01123e-15)
(8.13098 10.7806 3.97928e-15)
(7.53465 10.8812 -1.23481e-15)
(-8.87453 -4.92503 2.27473e-14)
(-10.5297 -11.8801 -3.13465e-14)
(-8.69946 -12.6256 -1.60294e-14)
(-6.59104 -12.5191 -1.84366e-14)
(-4.71197 -12.1896 -1.69036e-15)
(-3.04138 -11.6852 0)
(-1.54284 -10.9774 0)
(-0.167896 -10.0361 9.42086e-15)
(1.1266 -8.81304 1.08816e-14)
(2.35795 -7.25132 9.71948e-16)
(3.53413 -5.30924 0)
(4.65047 -2.97084 1.46637e-14)
(5.64986 -0.292103 -1.5501e-14)
(6.02421 2.55254 4.01182e-14)
(6.22938 5.37635 -1.89088e-14)
(6.28719 7.57553 4.45899e-16)
(6.11219 9.21188 -2.04262e-16)
(6.23299 10.2507 0)
(6.48576 10.6678 -3.97127e-15)
(6.4184 10.5736 1.72996e-15)
(-8.45112 -4.70479 1.93895e-14)
(-11.919 -11.7509 1.48202e-14)
(-10.9149 -12.6336 1.55574e-14)
(-9.06755 -12.4133 1.54713e-14)
(-7.34749 -11.8425 -1.8306e-15)
(-5.83499 -11.1058 0)
(-4.50524 -10.2116 0)
(-3.32935 -9.11756 -3.32114e-14)
(-2.27841 -7.77859 0)
(-1.34221 -6.13297 1.36047e-14)
(-0.519563 -4.1242 -1.39843e-14)
(0.156067 -1.73543 7.51135e-16)
(0.792212 1.0301 8.90804e-16)
(0.755296 3.89037 0)
(1.84123 6.57553 0)
(2.40464 8.42066 0)
(3.10349 9.59877 -6.02529e-15)
(3.54157 10.3144 0)
(3.86834 10.5479 -1.21456e-15)
(3.97309 10.6234 1.09983e-15)
(-7.44841 -4.33745 -2.04475e-14)
(-12.8028 -11.2032 -1.12653e-14)
(-12.6565 -12.4227 -1.05908e-15)
(-11.2918 -12.0761 2.50403e-14)
(-9.75126 -11.3089 -3.02372e-14)
(-8.38043 -10.3778 0)
(-7.20438 -9.3061 0)
(-6.19414 -8.05337 1.00215e-15)
(-5.31099 -6.57461 -1.03412e-14)
(-4.50821 -4.81458 1.10338e-14)
(-3.73012 -2.71698 1.24173e-15)
(-2.93131 -0.288822 7.32523e-16)
(-2.06798 2.33727 1.51891e-14)
(-1.60163 4.77387 -1.6604e-14)
(-0.454155 6.96269 -6.36251e-15)
(0.0789025 8.48782 -5.68619e-15)
(0.698934 9.51599 1.02124e-14)
(1.07387 10.2663 0)
(1.39823 10.6119 -1.01861e-15)
(1.61051 10.8123 9.54682e-16)
(-6.11589 -3.88261 -1.88455e-14)
(-12.607 -10.3073 2.10427e-14)
(-13.8156 -11.8954 9.56491e-15)
(-13.1122 -11.5911 -2.25493e-14)
(-11.8615 -10.6981 -5.66194e-15)
(-10.6346 -9.60439 -6.19962e-15)
(-9.56889 -8.38265 7.20867e-15)
(-8.65546 -7.00843 -7.2119e-15)
(-7.86355 -5.44318 8.15718e-15)
(-7.14525 -3.65629 1.69339e-14)
(-6.44396 -1.62865 5.38772e-16)
(-5.70586 0.596605 0)
(-4.91117 2.87298 2.18191e-14)
(-4.31295 4.94766 5.61885e-15)
(-3.25418 6.85201 5.67664e-15)
(-2.53013 8.30749 -4.56498e-15)
(-1.86528 9.41821 3.92105e-15)
(-1.3737 10.1883 -3.72527e-15)
(-0.96596 10.5306 -8.56379e-16)
(-0.662778 10.7775 8.02734e-16)
(-4.76288 -3.3469 0)
(-11.764 -9.03962 -1.53535e-14)
(-14.4777 -11.0075 0)
(-14.4124 -10.9171 -9.50492e-15)
(-13.6285 -9.99885 1.50958e-14)
(-12.6024 -8.81555 1.67186e-14)
(-11.6373 -7.49279 -1.14821e-14)
(-10.787 -6.04392 -5.81025e-15)
(-10.0411 -4.4471 -1.28059e-14)
(-9.3611 -2.68929 -7.01888e-15)
(-8.69575 -0.77901 -6.92915e-15)
(-7.99619 1.23305 -7.84495e-15)
(-7.25967 3.23742 -5.1962e-16)
(-6.60477 5.10714 -4.8074e-15)
(-5.6927 6.80761 5.33008e-16)
(-4.95284 8.20729 -3.50389e-15)
(-4.31428 9.2514 3.27752e-15)
(-3.76401 9.88566 0)
(-3.27375 10.2315 -6.84937e-16)
(-2.93796 10.6141 -4.54761e-17)
(-3.48549 -2.73698 -3.45868e-14)
(-10.2406 -7.43829 1.42378e-14)
(-14.1371 -9.76247 0)
(-15.1249 -10.0132 8.12723e-15)
(-14.9208 -9.19999 -8.1179e-15)
(-14.2255 -7.99937 -9.03931e-15)
(-13.4155 -6.62468 1.85889e-14)
(-12.6381 -5.14061 4.29122e-16)
(-11.927 -3.5487 3.84163e-16)
(-11.2644 -1.84873 6.47282e-15)
(-10.6142 -0.0598194 1.19227e-14)
(-9.944 1.77324 5.83607e-15)
(-9.25903 3.57488 0)
(-8.61445 5.27291 -3.67972e-15)
(-7.82635 6.76033 6.82693e-15)
(-7.12849 7.98601 -2.6766e-15)
(-6.47362 8.87899 1.25198e-15)
(-5.9007 9.47712 1.26629e-15)
(-5.44774 9.9279 -1.18905e-15)
(-5.16102 10.4602 7.1831e-18)
(-2.347 -2.09085 0)
(-8.27786 -5.66417 4.09817e-15)
(-13.0495 -8.17892 3.2527e-15)
(-15.1526 -8.82777 3.09145e-15)
(-15.5593 -8.26968 0)
(-15.3282 -7.14663 0)
(-14.7799 -5.79453 -4.25071e-15)
(-14.1369 -4.32026 0)
(-13.4925 -2.76311 0)
(-12.8631 -1.14276 9.19475e-15)
(-12.2339 0.515129 -8.00942e-16)
(-11.5912 2.17323 -5.50407e-15)
(-10.9399 3.78035 0)
(-10.3101 5.2914 5.06679e-15)
(-9.58833 6.58867 -2.39127e-15)
(-8.94171 7.67779 2.25228e-16)
(-8.35314 8.49542 1.05323e-15)
(-7.85172 9.12229 -1.04596e-15)
(-7.46548 9.68622 5.20889e-16)
(-7.20936 10.3375 5.16742e-16)
(-1.37249 -1.481 0)
(-6.08822 -3.87882 -4.79313e-15)
(-11.1467 -6.35275 -6.95235e-16)
(-14.2782 -7.38605 -3.27643e-15)
(-15.5813 -7.17801 0)
(-15.8084 -6.25769 0)
(-15.6138 -5.00584 -3.6575e-16)
(-15.1745 -3.60658 3.31805e-15)
(-14.6448 -2.12545 3.55132e-15)
(-14.0792 -0.605305 -4.05951e-15)
(-13.4885 0.922092 -8.15449e-15)
(-12.8785 2.42401 0)
(-12.2617 3.8685 4.25462e-15)
(-11.6678 5.229 -6.91773e-15)
(-11.0307 6.38761 0)
(-10.4637 7.3801 -8.76401e-16)
(-9.95263 8.17639 0)
(-9.52868 8.86498 -8.43702e-16)
(-9.21195 9.5281 4.18207e-16)
(-8.96993 10.2572 4.17e-16)
(-0.575435 -0.979952 6.40839e-15)
(-3.95047 -2.2434 -8.50087e-15)
(-8.64249 -4.44613 -3.71492e-15)
(-12.3944 -5.70873 -3.13471e-16)
(-14.6377 -5.90136 4.75857e-15)
(-15.5808 -5.28313 0)
(-15.7948 -4.22859 -5.12749e-15)
(-15.6752 -2.96578 0)
(-15.341 -1.60264 0)
(-14.8913 -0.198342 1.30109e-15)
(-14.3812 1.20535 1.36353e-15)
(-13.8388 2.57741 -1.42765e-15)
(-13.2866 3.89787 0)
(-12.7531 5.15134 -4.99996e-15)
(-12.2061 6.21933 4.86581e-15)
(-11.7201 7.15162 -2.19656e-15)
(-11.2813 7.94966 2.08507e-15)
(-10.9121 8.6807 -9.59785e-16)
(-10.6115 9.39135 9.45265e-16)
(-10.3348 10.1357 -2.65068e-16)
(0.0209413 -0.619908 -6.73714e-15)
(-2.1365 -0.892156 0)
(-5.87656 -2.65844 0)
(-9.71479 -3.91693 0)
(-12.5858 -4.41863 0)
(-14.3768 -4.16675 0)
(-15.2093 -3.40248 4.01288e-15)
(-15.4847 -2.33141 0)
(-15.4484 -1.12246 0)
(-15.2217 0.146593 9.68427e-16)
(-14.8661 1.42313 -3.65639e-15)
(-14.4376 2.67767 1.38472e-15)
(-13.9763 3.89299 -2.52769e-15)
(-13.5181 5.05497 2.65527e-15)
(-13.0548 6.05288 2.47451e-15)
(-12.627 6.94806 -1.14191e-15)
(-12.2335 7.74501 1.29829e-17)
(-11.8683 8.47275 5.0866e-16)
(-11.5073 9.15057 4.37711e-16)
(-11.1115 9.82389 -1.47907e-16)
(0.392071 -0.374092 -1.02843e-14)
(-0.818312 0.0901214 9.10519e-15)
(-3.29673 -1.18405 0)
(-6.61903 -2.21206 0)
(-9.66124 -2.82959 0)
(-11.9766 -2.8876 -5.97844e-16)
(-13.5032 -2.45329 -1.82936e-15)
(-14.3754 -1.66434 -6.08287e-16)
(-14.7502 -0.667696 -6.32858e-16)
(-14.8088 0.441095 0)
(-14.6705 1.5887 0)
(-14.4595 2.73354 7.25382e-16)
(-14.1446 3.85035 0)
(-13.7858 4.92056 -1.10047e-15)
(-13.3929 5.84433 0)
(-12.9875 6.68009 3.47838e-16)
(-12.5749 7.41989 1.36049e-16)
(-12.1383 8.08399 1.42398e-16)
(-11.6494 8.65434 -7.26979e-16)
(-11.0836 9.18676 2.15098e-16)
(0.547448 -0.170854 0)
(-0.00986336 0.696463 -2.88042e-15)
(-1.35323 -0.101628 6.13144e-16)
(-3.74228 -0.782208 2.3175e-15)
(-6.39045 -1.33225 -2.25351e-15)
(-8.77846 -1.56319 7.06791e-16)
(-10.6536 -1.40626 1.04562e-15)
(-11.9831 -0.912331 -3.03681e-16)
(-12.8428 -0.175828 1.0564e-15)
(-13.3332 0.718617 3.93876e-16)
(-13.5247 1.69933 0)
(-13.5213 2.70582 -7.46116e-16)
(-13.3695 3.7027 -1.23136e-15)
(-13.112 4.6514 3.9568e-18)
(-12.7976 5.47357 1.19393e-15)
(-12.4313 6.21227 -9.04516e-16)
(-11.9969 6.8541 2.54214e-16)
(-11.4673 7.388 5.10271e-16)
(-10.7689 7.76717 4.35672e-17)
(-9.91646 8.10495 0)
(0.586454 0.0978728 0)
(0.443317 1.13009 -1.95713e-15)
(-0.231758 0.767353 9.5709e-16)
(-1.70486 0.3579 -6.80695e-16)
(-3.58442 -0.0927178 1.08553e-15)
(-5.54056 -0.40245 5.30556e-17)
(-7.3002 -0.451325 4.91408e-16)
(-8.73211 -0.214249 -4.49612e-16)
(-9.80524 0.264393 -4.28594e-16)
(-10.5466 0.916762 1.43184e-16)
(-11.0093 1.68037 4.90066e-17)
(-11.2417 2.50184 -1.42777e-16)
(-11.2738 3.34418 -5.7334e-16)
(-11.1386 4.14406 -1.05604e-16)
(-10.8698 4.84654 3.34969e-16)
(-10.4628 5.45495 -5.42337e-16)
(-9.90411 5.93231 4.24139e-16)
(-9.1846 6.22996 1.82648e-16)
(-8.24799 6.34839 -2.10538e-16)
(-7.19298 6.48258 4.13305e-31)
(0.623978 0.401496 -3.45324e-15)
(0.702399 1.53181 -2.18862e-16)
(0.238999 1.46045 6.5647e-16)
(-0.654174 1.19334 -6.24133e-16)
(-1.71434 0.78498 -6.48293e-17)
(-2.89991 0.418634 -6.53413e-17)
(-4.08921 0.250316 2.87567e-16)
(-5.1908 0.321635 0)
(-6.12593 0.602567 -1.95208e-16)
(-6.85111 1.03928 5.80492e-18)
(-7.35335 1.57596 -5.64481e-18)
(-7.63151 2.16479 2.61179e-16)
(-7.68405 2.7672 7.61941e-18)
(-7.577 3.28429 -3.30443e-17)
(-7.27878 3.69302 0)
(-6.78135 3.97083 -1.22007e-16)
(-6.08962 4.09572 0)
(-5.21327 4.05459 -1.12908e-17)
(-4.18271 3.96202 -2.13367e-17)
(-3.04389 3.97606 3.09307e-19)
(0.954653 0.55492 1.69245e-15)
(1.44342 1.74608 5.72436e-15)
(1.14804 1.41448 -2.53247e-15)
(0.426868 0.725054 2.86674e-15)
(-0.322603 0.0515951 -5.67341e-15)
(-1.01259 -0.413733 2.65053e-15)
(-1.62311 -0.576156 -2.3273e-15)
(-2.20782 -0.521954 1.05832e-15)
(-2.75142 -0.32584 2.57173e-16)
(-3.20956 -0.0352336 -4.5356e-16)
(-3.53267 0.294855 7.54028e-17)
(-3.67045 0.617368 8.08693e-16)
(-3.56703 0.890751 4.33116e-17)
(-3.2138 1.107 -1.96134e-16)
(-2.6018 1.27201 -1.78224e-16)
(-1.77645 1.37454 3.43621e-16)
(-0.803647 1.3911 -2.47469e-16)
(0.250879 1.43808 3.8029e-17)
(1.35762 1.81484 -3.69421e-17)
(2.18132 1.39892 -5.02225e-19)
(3.12363 2.37872 0)
(4.79311 3.65187 -8.07676e-17)
(5.28349 2.93392 3.46856e-16)
(5.46863 2.03287 0)
(5.51078 1.52003 0)
(5.40495 1.34642 -3.69373e-16)
(5.18188 1.40332 -5.51508e-16)
(4.94797 1.63874 7.13697e-16)
(4.72171 1.95782 0)
(4.52031 2.28705 -4.6551e-17)
(4.36599 2.57572 0)
(4.25669 2.77969 -5.8927e-16)
(4.18681 2.8738 -1.04402e-16)
(4.18129 2.8809 5.3885e-16)
(4.25958 2.83608 0)
(4.42231 2.77296 0)
(4.68049 2.71997 -5.07532e-17)
(5.06388 2.72884 8.1422e-17)
(5.58161 2.85411 -9.44214e-17)
(6.12147 2.19593 3.14459e-17)
)
;

boundaryField
{
    right
    {
        type            cyclic;
    }
    left
    {
        type            cyclic;
    }
    outerWall
    {
        type            noSlip;
    }
    stirrerWall
    {
        type            noSlip;
    }
    top
    {
        type            empty;
    }
    bottom
    {
        type            empty;
    }
}


// ************************************************************************* //
