/*--------------------------------*- C++ -*----------------------------------*\
  =========                 |
  \\      /  F ield         | OpenFOAM: The Open Source CFD Toolbox
   \\    /   O peration     | Website:  https://openfoam.org
    \\  /    A nd           | Version:  10
     \\/     M anipulation  |
\*---------------------------------------------------------------------------*/
FoamFile
{
    format      ascii;
    class       volScalarField;
    location    "3000";
    object      yPlus;
}
// * * * * * * * * * * * * * * * * * * * * * * * * * * * * * * * * * * * * * //

dimensions      [0 0 0 0 0 0 0];

internalField   uniform 0;

boundaryField
{
    right
    {
        type            cyclic;
    }
    left
    {
        type            cyclic;
    }
    outerWall
    {
        type            calculated;
        value           nonuniform List<scalar> 0();
    }
    stirrerWall
    {
        type            calculated;
        value           nonuniform List<scalar> 
398
(
0.0241972
0.0243855
0.0241021
0.0239683
0.0237753
0.0235356
0.023255
0.0229423
0.0226011
0.0222357
0.0218618
0.021498
0.0211549
0.0208259
0.0204951
0.0201474
0.0197846
0.0193981
0.0189762
0.0185324
0.0180963
0.0176755
0.017286
0.0169169
0.0165582
0.0162115
0.0158761
0.0155449
0.0152035
0.0148278
0.0143818
0.0138316
0.0132011
0.0125447
0.0118797
0.0112268
0.0106326
0.0101119
0.00962339
0.00913127
0.00865495
0.00820766
0.00777482
0.00736765
0.0069961
0.00666818
0.00636335
0.00607399
0.00580106
0.00554254
0.00529893
0.0050713
0.00486036
0.00466461
0.00448072
0.00431146
0.00416466
0.0040442
0.0039567
0.00390925
0.00391895
0.00399968
0.00416078
0.0044082
0.00473948
0.00514078
0.00559142
0.00606833
0.00654352
0.0069855
0.00735977
0.00762947
0.00775646
0.00770338
0.00744537
0.0069673
0.00625593
0.00526184
0.00380421
0.00109557
0.00109557
0.00291851
0.00115005
0.00138486
0.00130375
0.00129957
0.00129412
0.00130472
0.00133027
0.00137109
0.00142616
0.00149426
0.00157403
0.00166413
0.00176328
0.00187034
0.00198431
0.00210434
0.00222962
0.00235919
0.00249177
0.00262552
0.00275795
0.00288614
0.00300933
0.00313154
0.00325638
0.00338187
0.00350465
0.00362403
0.00374036
0.00385409
0.00396585
0.00407612
0.00418515
0.00429297
0.00439953
0.0045048
0.00460889
0.00471176
0.00481341
0.00491392
0.00501341
0.00511231
0.00521088
0.00530895
0.00540771
0.00550771
0.0056087
0.00571363
0.0058215
0.00593292
0.00605232
0.00617501
0.00630586
0.00644827
0.00659556
0.00675695
0.00693181
0.00711513
0.00731747
0.00753542
0.00776798
0.00802679
0.00830527
0.00860463
0.00893118
0.00927875
0.00964724
0.0100363
0.0104504
0.0108838
0.0113421
0.011809
0.0121805
0.0124763
0.0128029
0.0131253
0.0133858
0.0137073
0.0138739
0.0141586
0.0143873
0.0144081
0.0149846
0.014471
0.015229
0.0157322
0.0151069
0.0177477
0.0146591
0.0183585
0.0172979
0.0164213
0.0229384
0.0147674
0.0198711
0.0188098
0.0161031
0.0214051
0.0144199
0.0153558
0.0181515
0.0118184
0.0142396
0.0189125
0.0171551
0.0169277
0.0151016
0.0122721
0.0112643
0.0105776
0.0102261
0.0100936
0.0106471
0.0119959
0.0133207
0.0140673
0.0144641
0.0144162
0.014512
0.0144151
0.0140822
0.0136769
0.0132845
0.0131423
0.0133724
0.0138385
0.000701957
0.00155116
0.00100696
0.000706787
0.000560572
0.000473019
0.00040812
0.000358741
0.000322454
0.000296949
0.00027882
0.000263344
0.000248615
0.000234401
0.000220564
0.00020711
0.000194226
0.000182091
0.000170925
0.0001611
0.000152997
0.000147009
0.000143581
0.00014323
0.000146811
0.000155532
0.000170324
0.000191833
0.000220428
0.000255677
0.000296453
0.000341439
0.000389325
0.00043907
0.000489994
0.000541722
0.000594006
0.000646668
0.000699608
0.00075284
0.000806522
0.00086096
0.000916586
0.000973906
0.00103343
0.00109559
0.0011608
0.00122955
0.00130244
0.00138023
0.00146386
0.00155437
0.00165242
0.00175815
0.00187141
0.00199208
0.00211997
0.00225499
0.00239729
0.00254695
0.00270371
0.00286715
0.00303714
0.00321292
0.00339276
0.00357518
0.00375917
0.00394363
0.00412682
0.00430608
0.00447749
0.00464275
0.00479599
0.00493775
0.00507971
0.00522041
0.00535587
0.00548248
0.00560065
0.00572191
0.00583985
0.00595198
0.00616348
0.00643018
0.00672991
0.00701321
0.00730473
0.00730624
0.00736792
0.00774098
0.00835959
0.00902759
0.00919946
0.0102701
0.0126549
0.0124067
0.011784
0.0106159
0.0104666
0.0112821
0.0126688
0.0141654
0.0153542
0.0160508
0.0160533
0.0157681
0.0152724
0.0146527
0.0139079
0.0131161
0.000701957
0.00209177
0.00298933
0.00389448
0.00469685
0.004741
0.00413826
0.00343265
0.00292654
0.00258442
0.00223602
0.00187455
0.00150561
0.00127393
0.00129347
0.00158533
0.00209219
0.00191276
0.00136548
0.000901049
0.000809816
0.00068349
0.000541289
0.000411946
0.000319044
0.000280967
0.000273869
0.00027991
0.00029956
0.000332611
0.000373707
0.000420761
0.000480144
0.000560119
0.000681872
0.000866154
0.00111257
0.00141332
0.00171915
0.00202801
0.0023508
0.0026832
0.00301848
0.00335709
0.00369969
0.00404623
0.00439754
0.00475476
0.00511892
0.00549115
0.00587234
0.00626326
0.00666452
0.00707683
0.00750053
0.00793678
0.00838701
0.00885232
0.00933335
0.00983059
0.0103449
0.0108774
0.0114293
0.012001
0.0125923
0.0132037
0.013835
0.0144853
0.0151526
0.0158353
0.0165342
0.0172483
0.0179842
0.0187407
0.0195219
0.020341
0.0212095
0.0221302
0.0230539
0.0238131
)
;
    }
    top
    {
        type            empty;
    }
    bottom
    {
        type            empty;
    }
    procBoundary1to0
    {
        type            processor;
        value           uniform 0;
    }
}


// ************************************************************************* //
