/*--------------------------------*- C++ -*----------------------------------*\
  =========                 |
  \\      /  F ield         | OpenFOAM: The Open Source CFD Toolbox
   \\    /   O peration     | Website:  https://openfoam.org
    \\  /    A nd           | Version:  10
     \\/     M anipulation  |
\*---------------------------------------------------------------------------*/
FoamFile
{
    format      ascii;
    class       volScalarField;
    location    "20000";
    object      yPlus;
}
// * * * * * * * * * * * * * * * * * * * * * * * * * * * * * * * * * * * * * //

dimensions      [0 0 0 0 0 0 0];

internalField   uniform 0;

boundaryField
{
    right
    {
        type            cyclic;
    }
    left
    {
        type            cyclic;
    }
    outerWall
    {
        type            calculated;
        value           nonuniform List<scalar> 0();
    }
    stirrerWall
    {
        type            calculated;
        value           nonuniform List<scalar> 
398
(
0.287307
0.247215
0.214114
0.187376
0.164139
0.142428
0.121296
0.100961
0.0822156
0.0656718
0.0519187
0.0414754
0.034429
0.0302717
0.0281702
0.0273985
0.0275001
0.0282304
0.0294679
0.0311427
0.0331887
0.0355256
0.0381032
0.0409006
0.043902
0.0470912
0.050551
0.0542613
0.058187
0.0622479
0.0664181
0.0706759
0.0749801
0.0792859
0.0835378
0.0877532
0.0919525
0.0960697
0.100043
0.103811
0.107282
0.110332
0.1129
0.115024
0.116647
0.117789
0.118304
0.117554
0.115728
0.113376
0.111229
0.109365
0.10717
0.104372
0.101106
0.0976004
0.0938155
0.0897785
0.0857387
0.0816139
0.0773157
0.0729326
0.0685695
0.0642884
0.0601307
0.0561248
0.0522978
0.0486823
0.0453168
0.0422353
0.0394642
0.0370241
0.034924
0.0331398
0.0315573
0.0298894
0.0276057
0.0239202
0.0177004
0.00520498
0.00520498
0.0139137
0.00567853
0.00818108
0.00925396
0.0106931
0.0114002
0.0115111
0.0112186
0.0106418
0.00987896
0.00901138
0.00809925
0.00721331
0.00645283
0.00578728
0.00520337
0.00470291
0.00429911
0.00401172
0.0038676
0.0038929
0.0041081
0.00449614
0.00497909
0.00548838
0.00597755
0.00645759
0.00694503
0.00747685
0.00809622
0.00885536
0.00974822
0.0108425
0.0121111
0.0136425
0.0153862
0.0174191
0.0197184
0.0223136
0.0252161
0.0284364
0.0319797
0.0358453
0.0400276
0.0445193
0.0493127
0.0544024
0.0597863
0.0654667
0.0714505
0.077749
0.0843766
0.0913509
0.0986924
0.106425
0.114568
0.123142
0.132176
0.141674
0.151651
0.162084
0.172977
0.184335
0.196128
0.208333
0.220868
0.233751
0.246923
0.260433
0.27429
0.288151
0.301643
0.314918
0.328025
0.34072
0.352352
0.362892
0.372401
0.380913
0.388484
0.395232
0.40133
0.406754
0.411633
0.4161
0.420299
0.424299
0.428064
0.431741
0.435459
0.439155
0.442932
0.446774
0.450753
0.454909
0.459265
0.463712
0.468054
0.471898
0.475775
0.481384
0.488437
0.494551
0.50025
0.505706
0.510833
0.515593
0.519952
0.523836
0.527177
0.529919
0.532013
0.533398
0.534041
0.533922
0.533005
0.531278
0.528735
0.525386
0.521245
0.516338
0.510704
0.504396
0.497481
0.490038
0.482162
0.473963
0.0106261
0.0219723
0.0136809
0.0100554
0.0085097
0.00793744
0.00791478
0.00837103
0.00928618
0.0105743
0.0121095
0.013776
0.0154219
0.0168701
0.0180709
0.0189961
0.0196365
0.0200066
0.0201456
0.0200878
0.0198621
0.0195055
0.0190808
0.0186743
0.0183985
0.0184203
0.0190111
0.0209378
0.0254519
0.0328353
0.0426509
0.0534902
0.0645388
0.0751492
0.0851843
0.094693
0.104357
0.113573
0.122437
0.130984
0.138806
0.146637
0.154989
0.165545
0.17856
0.194117
0.212562
0.235736
0.261131
0.290562
0.325564
0.367157
0.414239
0.466179
0.522807
0.583877
0.649293
0.71929
0.79463
0.876303
0.965056
1.06151
1.16638
1.28069
1.40641
1.54811
1.71521
1.92534
2.20797
2.6053
3.16464
3.91966
4.87101
5.98127
7.17901
8.34446
9.36096
10.1469
10.6122
10.6576
10.3047
9.92383
10.168
10.4094
10.5999
10.6605
10.5962
10.7603
10.9295
11.0803
11.1801
11.1605
10.9768
11.106
11.1503
10.8045
10.5201
11.4666
11.588
11.7301
11.8399
11.7774
10.9278
11.1925
12.053
11.9284
11.5736
11.6867
11.7853
11.7958
0.0106261
0.0311612
0.0445293
0.0582423
0.0691908
0.0665827
0.0643193
0.0671696
0.0752798
0.0866802
0.099285
0.11441
0.130706
0.148768
0.168359
0.189259
0.211254
0.234099
0.257667
0.282267
0.309403
0.338921
0.369983
0.402783
0.436307
0.470237
0.504534
0.538809
0.571832
0.602702
0.633216
0.662125
0.68926
0.715163
0.741298
0.764554
0.78383
0.801404
0.817962
0.833421
0.84773
0.860788
0.872673
0.883614
0.894033
0.904404
0.913945
0.922714
0.932108
0.942219
0.952164
0.964761
0.977842
0.972975
0.958791
0.949764
0.942221
0.937735
0.932979
0.925369
0.915047
0.905953
0.898114
0.889435
0.879281
0.865766
0.847383
0.823177
0.792922
0.756891
0.714258
0.665169
0.608654
0.553828
0.516044
0.496705
0.477111
0.441024
0.388431
0.333561
)
;
    }
    top
    {
        type            empty;
    }
    bottom
    {
        type            empty;
    }
    procBoundary1to0
    {
        type            processor;
        value           uniform 0;
    }
}


// ************************************************************************* //
