/*--------------------------------*- C++ -*----------------------------------*\
  =========                 |
  \\      /  F ield         | OpenFOAM: The Open Source CFD Toolbox
   \\    /   O peration     | Website:  https://openfoam.org
    \\  /    A nd           | Version:  10
     \\/     M anipulation  |
\*---------------------------------------------------------------------------*/
FoamFile
{
    format      ascii;
    class       volScalarField;
    location    "46000";
    object      yPlus;
}
// * * * * * * * * * * * * * * * * * * * * * * * * * * * * * * * * * * * * * //

dimensions      [0 0 0 0 0 0 0];

internalField   uniform 0;

boundaryField
{
    right
    {
        type            cyclic;
    }
    left
    {
        type            cyclic;
    }
    outerWall
    {
        type            calculated;
        value           nonuniform List<scalar> 0();
    }
    stirrerWall
    {
        type            calculated;
        value           nonuniform List<scalar> 
398
(
0.239487
0.169996
0.126961
0.101653
0.0890607
0.082928
0.0795611
0.0776487
0.0768336
0.0771605
0.0786571
0.0813377
0.0851352
0.0900315
0.0958445
0.102434
0.109789
0.117781
0.126396
0.135622
0.145539
0.155814
0.166447
0.17724
0.188078
0.198767
0.209137
0.218991
0.228119
0.236423
0.243775
0.249815
0.254508
0.258053
0.260555
0.262158
0.263047
0.263102
0.261921
0.259901
0.257432
0.253127
0.246783
0.239902
0.232011
0.223463
0.214558
0.205416
0.19647
0.187635
0.178883
0.170364
0.162123
0.154148
0.146417
0.138893
0.131452
0.124146
0.117117
0.110423
0.10408
0.098061
0.092318
0.0868625
0.081594
0.0764864
0.0715879
0.066759
0.0621595
0.0577221
0.053558
0.0498845
0.0468889
0.0445753
0.042736
0.0407936
0.0377672
0.0324543
0.0236563
0.00685088
0.00685088
0.018277
0.00778589
0.0110137
0.0137749
0.0178105
0.021896
0.0254879
0.0281068
0.0298588
0.0308535
0.0311947
0.0309984
0.0303765
0.0294248
0.028225
0.0268168
0.0253087
0.0237285
0.0221512
0.0207386
0.0194255
0.0181885
0.0170088
0.0158957
0.0148677
0.0139544
0.0131918
0.0126242
0.0123166
0.0123703
0.0130378
0.014512
0.0167827
0.0197326
0.0231535
0.0267375
0.0302964
0.0336951
0.037077
0.0404468
0.0438631
0.047267
0.0507478
0.0543436
0.0581814
0.0624496
0.0674493
0.0738079
0.0824067
0.092744
0.105821
0.121014
0.138359
0.158637
0.182083
0.208648
0.238434
0.271472
0.307789
0.347393
0.390387
0.437045
0.487861
0.543505
0.604715
0.672281
0.747143
0.830787
0.924982
1.03184
1.1544
1.29473
1.45498
1.63663
1.83247
2.03228
2.23032
2.42138
2.60773
2.78211
2.94178
3.08589
3.21493
3.33002
3.43319
3.52805
3.6179
3.70513
3.79084
3.87547
3.95871
4.04027
4.12012
4.19151
4.24898
4.2985
4.33978
4.36986
4.38595
4.39044
4.38704
4.37638
4.35853
4.33496
4.30428
4.26598
4.22037
4.16768
4.10795
4.04132
3.96759
3.88669
3.79816
3.7008
3.59702
3.49357
3.3855
3.27187
3.15261
3.02824
2.89964
2.76788
2.63415
2.49987
2.36676
2.23678
2.11222
0.0266573
0.0381495
0.0244766
0.0210654
0.0307239
0.0548454
0.0995726
0.155485
0.206775
0.246521
0.273024
0.28699
0.289033
0.280152
0.263602
0.23947
0.221468
0.204565
0.186905
0.168543
0.150132
0.132271
0.115493
0.100097
0.0862321
0.0738708
0.0630642
0.0539829
0.0469066
0.041962
0.040222
0.0517323
0.0982963
0.182853
0.268403
0.326866
0.358717
0.366516
0.364636
0.370086
0.392201
0.430135
0.479178
0.533803
0.584266
0.628369
0.662451
0.703683
0.764321
0.88705
1.0874
1.65989
3.14561
5.5705
8.256
10.2999
10.9846
10.9271
11.6084
11.9816
11.6565
11.1372
11.3899
11.8246
11.9799
12.4417
12.7444
12.6074
10.818
11.5609
11.6096
11.4904
11.3889
12.4359
13.8397
13.4724
11.5862
11.8216
12.0488
12.268
12.4801
12.686
12.8865
13.0822
13.274
13.4627
13.6493
13.8357
14.021
14.2053
14.3891
14.5725
14.756
14.9398
15.1243
15.3096
15.496
15.6836
15.8728
16.0638
16.2571
16.4532
16.6518
16.8532
17.0577
17.2658
17.4777
17.6937
17.9141
18.1389
0.0266573
0.0770991
0.115377
0.157484
0.160421
0.157267
0.157411
0.15319
0.169555
0.199144
0.237166
0.283501
0.338538
0.402427
0.475105
0.556434
0.645817
0.742512
0.845642
0.954283
1.06737
1.18374
1.30251
1.42364
1.54775
1.67704
1.8173
1.95889
2.09625
2.22931
2.35813
2.48221
2.60225
2.71975
2.83671
2.95705
3.07731
3.20364
3.32793
3.46907
3.57856
3.64684
3.73233
3.81994
3.91653
4.0248
4.15113
4.29869
4.47801
4.70243
4.99269
5.37436
5.88663
6.58742
7.33469
8.16474
9.12249
10.2401
11.1672
9.74737
9.56697
10.4083
10.2465
10.0885
10.0162
11.5977
10.7437
10.2461
9.83955
10.1171
9.5567
9.68853
6.98667
3.40939
1.14689
0.67755
0.636175
0.602288
0.490487
0.352243
)
;
    }
    top
    {
        type            empty;
    }
    bottom
    {
        type            empty;
    }
    procBoundary1to0
    {
        type            processor;
        value           uniform 0;
    }
}


// ************************************************************************* //
