/*--------------------------------*- C++ -*----------------------------------*\
  =========                 |
  \\      /  F ield         | OpenFOAM: The Open Source CFD Toolbox
   \\    /   O peration     | Website:  https://openfoam.org
    \\  /    A nd           | Version:  10
     \\/     M anipulation  |
\*---------------------------------------------------------------------------*/
FoamFile
{
    format      ascii;
    class       volScalarField;
    location    "6000";
    object      yPlus;
}
// * * * * * * * * * * * * * * * * * * * * * * * * * * * * * * * * * * * * * //

dimensions      [0 0 0 0 0 0 0];

internalField   uniform 0;

boundaryField
{
    right
    {
        type            cyclic;
    }
    left
    {
        type            cyclic;
    }
    outerWall
    {
        type            calculated;
        value           nonuniform List<scalar> 0();
    }
    stirrerWall
    {
        type            calculated;
        value           nonuniform List<scalar> 
398
(
0.0177026
0.0181856
0.0183276
0.0184722
0.0184989
0.0184406
0.0183212
0.0181656
0.017984
0.0177772
0.0175455
0.0173007
0.0170496
0.0167923
0.0165193
0.0162263
0.0159084
0.0155701
0.0152199
0.0148668
0.0145216
0.0141906
0.0138731
0.0135755
0.013294
0.0130264
0.012781
0.0125357
0.012287
0.0120524
0.0117783
0.0114524
0.0110785
0.0106122
0.010061
0.00949162
0.00894897
0.00842068
0.00791029
0.00739966
0.00693766
0.00653056
0.00614332
0.00577835
0.0054467
0.00516163
0.00490685
0.00467458
0.00446747
0.00428416
0.00412039
0.00397659
0.00385628
0.00376342
0.00369712
0.00365489
0.00364269
0.00366523
0.00372575
0.00382373
0.00396339
0.00414274
0.00435398
0.00458885
0.00484131
0.00509829
0.00534732
0.00557703
0.00577615
0.00593314
0.006035
0.00606788
0.00601611
0.00586412
0.00559716
0.00519963
0.00465293
0.00391016
0.00282861
0.000815526
0.000815526
0.00217346
0.000848694
0.00102229
0.000956647
0.000937193
0.000902977
0.000868347
0.000834484
0.000803574
0.000776617
0.000754199
0.000736511
0.000723246
0.000713661
0.000707068
0.000703435
0.000703375
0.000707447
0.00071581
0.000728632
0.000746035
0.000767316
0.000791555
0.000817716
0.000845003
0.000872447
0.000897104
0.000919363
0.000938383
0.000950321
0.000959544
0.000974581
0.00098495
0.00101573
0.00107325
0.00107145
0.00124762
0.00136459
0.00128789
0.00186077
0.00178726
0.00174177
0.00259197
0.00217033
0.00237726
0.00287908
0.00245485
0.00277095
0.00384989
0.00295387
0.00520497
0.00372903
0.00439793
0.00478167
0.00526078
0.00594864
0.00648343
0.00792077
0.00951513
0.0135314
0.0152764
0.0128776
0.0141847
0.0098494
0.00622308
0.00812854
0.00551152
0.0100399
0.00752714
0.0129968
0.0133677
0.0167418
0.0221543
0.0304139
0.0288117
0.0310127
0.022489
0.0222321
0.0137314
0.0176492
0.010325
0.0187824
0.0124463
0.0209401
0.0131951
0.0191329
0.0180785
0.0151356
0.020195
0.0154294
0.0263456
0.0297381
0.0230185
0.0271469
0.0256235
0.0173764
0.0264917
0.0175292
0.0162294
0.0183028
0.00887501
0.00904163
0.00672247
0.00658107
0.00788712
0.0074748
0.00917256
0.00941726
0.011223
0.0135007
0.0132087
0.0135201
0.0141305
0.0147447
0.0153159
0.0151927
0.0145285
0.0134544
0.012073
0.0105966
0.00926186
0.00833035
0.00767877
0.00721326
0.0069044
0.00669034
0.00653475
0.000359981
0.0007998
0.000522904
0.000377018
0.000306219
0.000261758
0.000227241
0.000200318
0.000180163
0.000165737
0.000155141
0.000145917
0.000137259
0.000129267
0.000122034
0.000115812
0.000110938
0.000107692
0.000106421
0.000107484
0.000111139
0.000117697
0.000127325
0.000139681
0.000154031
0.000169529
0.0001852
0.000200454
0.000215861
0.000230208
0.0002427
0.000252811
0.000260166
0.000264674
0.000266438
0.000265563
0.000262145
0.000256277
0.00024815
0.000237965
0.000225863
0.000212113
0.000197047
0.000180736
0.00016511
0.000140104
0.000153056
0.000138621
0.000271027
0.000409518
0.000904041
0.00124652
0.00167285
0.00240773
0.00453291
0.00852356
0.0177896
0.0134018
0.0207511
0.0103548
0.00530585
0.00509821
0.00567838
0.0139701
0.00903984
0.00444142
0.00334221
0.00593823
0.00349171
0.00600249
0.00878605
0.00844641
0.0131809
0.0162277
0.0154138
0.018006
0.0140872
0.0111547
0.0167955
0.0112015
0.0208585
0.0130461
0.0234765
0.0151963
0.0219982
0.0256538
0.0262322
0.0332102
0.0420233
0.025924
0.046158
0.0234556
0.0285479
0.0416097
0.0251859
0.032023
0.0356603
0.0368001
0.0359039
0.0360394
0.0371594
0.0393243
0.0425772
0.0470062
0.0502718
0.0526465
0.0559027
0.0598155
0.0635762
0.067557
0.000359981
0.00106221
0.00151142
0.00195864
0.00232687
0.00226393
0.00192223
0.00166371
0.00164035
0.00187635
0.0023299
0.00213701
0.00165006
0.00128326
0.000985392
0.000725064
0.00047012
0.000438221
0.000373335
0.000297844
0.000232213
0.000243433
0.000247539
0.000248605
0.000251141
0.000283379
0.000308784
0.00032864
0.000358948
0.000405212
0.000456851
0.000524377
0.000624561
0.000769375
0.000945983
0.00113194
0.00131096
0.0014845
0.00165909
0.00183
0.00199424
0.00215321
0.00230762
0.00245796
0.00260538
0.00275105
0.00289594
0.00304104
0.0031873
0.00333575
0.00348778
0.00364473
0.00380747
0.00397656
0.00415254
0.00433619
0.0045289
0.00473246
0.00494888
0.00518035
0.00542931
0.00569834
0.00599013
0.00630768
0.00665369
0.00703077
0.00744091
0.00788644
0.00836935
0.00889354
0.00946294
0.0100818
0.0107555
0.0114898
0.0122911
0.0131609
0.014095
0.0150816
0.0161
0.0170256
)
;
    }
    top
    {
        type            empty;
    }
    bottom
    {
        type            empty;
    }
    procBoundary1to0
    {
        type            processor;
        value           uniform 0;
    }
}


// ************************************************************************* //
