/*--------------------------------*- C++ -*----------------------------------*\
  =========                 |
  \\      /  F ield         | OpenFOAM: The Open Source CFD Toolbox
   \\    /   O peration     | Website:  https://openfoam.org
    \\  /    A nd           | Version:  10
     \\/     M anipulation  |
\*---------------------------------------------------------------------------*/
FoamFile
{
    format      ascii;
    class       volScalarField;
    location    "65000";
    object      yPlus;
}
// * * * * * * * * * * * * * * * * * * * * * * * * * * * * * * * * * * * * * //

dimensions      [0 0 0 0 0 0 0];

internalField   uniform 0;

boundaryField
{
    right
    {
        type            cyclic;
    }
    left
    {
        type            cyclic;
    }
    outerWall
    {
        type            calculated;
        value           nonuniform List<scalar> 0();
    }
    stirrerWall
    {
        type            calculated;
        value           nonuniform List<scalar> 
398
(
0.475709
0.307429
0.198292
0.147742
0.127275
0.117699
0.111472
0.106909
0.103838
0.102505
0.102953
0.105062
0.108653
0.113653
0.119868
0.127198
0.135586
0.144729
0.154654
0.165312
0.176602
0.188462
0.200721
0.213172
0.225667
0.238024
0.25005
0.261538
0.272238
0.281839
0.290046
0.296989
0.302521
0.306544
0.309133
0.310496
0.310835
0.310135
0.308564
0.306596
0.304101
0.299147
0.291165
0.281849
0.272159
0.261543
0.25053
0.239823
0.229091
0.218584
0.208229
0.198189
0.188542
0.179278
0.170352
0.161703
0.153194
0.144896
0.136932
0.12935
0.122152
0.115312
0.108803
0.102553
0.0966543
0.0908284
0.0852158
0.0797392
0.0743804
0.0692201
0.0642533
0.0596768
0.0557668
0.0526334
0.0500923
0.0475531
0.043901
0.037665
0.0273986
0.00791689
0.00791689
0.0211113
0.00906136
0.012884
0.0163578
0.0213345
0.0263114
0.0306732
0.0338618
0.0360283
0.0373001
0.037798
0.0376597
0.0370157
0.0359773
0.0346372
0.0330711
0.0312906
0.0295127
0.027687
0.0259858
0.0244351
0.0229856
0.0216196
0.0203386
0.0191568
0.0181106
0.0172461
0.0166238
0.0163295
0.0164896
0.0174012
0.0193087
0.0222077
0.0259616
0.0302839
0.0348656
0.0394783
0.0440622
0.0486202
0.0532203
0.0578355
0.0624907
0.0672229
0.0721386
0.0773746
0.0828242
0.0890893
0.0973166
0.108183
0.121306
0.137805
0.157116
0.179382
0.205567
0.236345
0.271461
0.310838
0.354438
0.402248
0.454258
0.510722
0.572264
0.639834
0.714522
0.797404
0.890006
0.994816
1.11533
1.25594
1.42126
1.61536
1.84028
2.09585
2.37848
2.67304
2.96095
3.23351
3.48511
3.72066
3.93054
4.11571
4.27809
4.41974
4.54346
4.65303
4.75169
4.84348
4.93225
5.02063
5.10975
5.19962
5.29061
5.38147
5.46545
5.53418
5.5936
5.64621
5.68652
5.71499
5.72762
5.73217
5.72979
5.72023
5.7031
5.67827
5.64719
5.60781
5.55951
5.50227
5.43606
5.36068
5.27588
5.18142
5.07708
4.96238
4.83661
4.70723
4.57292
4.43143
4.2818
4.12393
3.95825
3.78546
3.60656
3.42297
3.23646
3.04945
0.0320283
0.039622
0.025551
0.026504
0.0495141
0.103515
0.190158
0.276634
0.346315
0.393637
0.419709
0.427345
0.419252
0.395536
0.3602
0.321141
0.292771
0.265382
0.236875
0.207906
0.179897
0.15393
0.13059
0.110039
0.0921198
0.0767516
0.0642272
0.0547877
0.0476269
0.0455953
0.0627009
0.136687
0.285307
0.412983
0.477985
0.500016
0.488909
0.469927
0.476388
0.510694
0.564909
0.625057
0.681522
0.732943
0.775294
0.824274
0.898282
1.04787
1.30518
2.1467
4.15612
7.05429
9.84267
11.438
11.5999
11.288
11.8178
12.0862
10.5392
11.8859
12.3949
12.7143
12.7333
12.2784
10.7544
11.0799
11.6093
13.1645
11.3533
11.5742
11.575
11.8642
12.155
12.4474
12.7397
13.0245
13.2974
13.5597
13.8123
14.0563
14.2926
14.522
14.7453
14.9633
15.1768
15.3868
15.5946
15.8019
16.0081
16.2133
16.4176
16.6217
16.8257
17.0302
17.2352
17.4412
17.6484
17.8571
18.0677
18.2808
18.4967
18.715
18.9362
19.1607
19.3887
19.6206
19.8567
20.0975
20.3434
20.5945
0.0320283
0.0950614
0.146825
0.203628
0.208668
0.200019
0.191171
0.178216
0.208064
0.253184
0.311743
0.384368
0.471819
0.574376
0.691117
0.820408
0.960384
1.10914
1.26435
1.42374
1.58533
1.74768
1.91031
2.07335
2.2384
2.40994
2.58512
2.75218
2.91166
3.06502
3.2142
3.35737
3.49572
3.63086
3.76988
3.9134
4.05928
4.20577
4.37545
4.52361
4.63337
4.76801
4.92167
5.10401
5.32364
5.58872
5.9245
6.36685
6.96886
7.81195
8.74762
9.78641
10.9889
11.1943
10.0909
10.7983
11.5566
11.2874
11.2705
11.4257
11.5761
11.4925
11.3426
10.4938
11.7998
10.4049
10.3959
10.3972
11.7317
11.6237
12.3452
11.9169
11.7609
11.7022
8.64023
4.04231
1.2808
0.8179
0.760551
0.651622
)
;
    }
    top
    {
        type            empty;
    }
    bottom
    {
        type            empty;
    }
    procBoundary1to0
    {
        type            processor;
        value           uniform 0;
    }
}


// ************************************************************************* //
