/*--------------------------------*- C++ -*----------------------------------*\
  =========                 |
  \\      /  F ield         | OpenFOAM: The Open Source CFD Toolbox
   \\    /   O peration     | Website:  https://openfoam.org
    \\  /    A nd           | Version:  10
     \\/     M anipulation  |
\*---------------------------------------------------------------------------*/
FoamFile
{
    format      ascii;
    class       volScalarField;
    location    "2200";
    object      k;
}
// * * * * * * * * * * * * * * * * * * * * * * * * * * * * * * * * * * * * * //

dimensions      [0 2 -2 0 0 0 0];

internalField   nonuniform List<scalar> 
420
(
2.22045e-16
2.22045e-16
2.22045e-16
2.22045e-16
2.22045e-16
2.22045e-16
2.22045e-16
2.22045e-16
2.22045e-16
2.22045e-16
2.22045e-16
2.22045e-16
2.22045e-16
2.22045e-16
2.22045e-16
2.22045e-16
2.22045e-16
2.22045e-16
2.22045e-16
2.22045e-16
2.22045e-16
2.22045e-16
2.22045e-16
2.22045e-16
2.22045e-16
2.22045e-16
2.22045e-16
2.22045e-16
2.22045e-16
2.22045e-16
2.22045e-16
2.22045e-16
2.22045e-16
2.22045e-16
2.22045e-16
2.22045e-16
2.22045e-16
2.22045e-16
2.22045e-16
2.22045e-16
2.22045e-16
2.22045e-16
2.22045e-16
2.22045e-16
2.22045e-16
2.22045e-16
2.22045e-16
2.22045e-16
2.22045e-16
2.22045e-16
2.22045e-16
2.22045e-16
2.22045e-16
2.22045e-16
2.22045e-16
2.22045e-16
2.22045e-16
2.22045e-16
2.22045e-16
2.22045e-16
2.22045e-16
2.22045e-16
2.22045e-16
2.22045e-16
2.22045e-16
2.22045e-16
2.22045e-16
2.22045e-16
2.22045e-16
2.22045e-16
2.22045e-16
2.22045e-16
2.22045e-16
2.22045e-16
2.22045e-16
2.22045e-16
2.22045e-16
2.22045e-16
2.22045e-16
2.22045e-16
2.22045e-16
2.22045e-16
2.22045e-16
2.22045e-16
2.22045e-16
2.22045e-16
2.22045e-16
2.22045e-16
2.22045e-16
2.22045e-16
2.22045e-16
2.22045e-16
2.22045e-16
2.22045e-16
2.22045e-16
2.22045e-16
2.22045e-16
2.22045e-16
2.22045e-16
2.22045e-16
2.22045e-16
2.22045e-16
2.22045e-16
2.7195e-16
3.24592e-16
2.84344e-16
2.81457e-16
2.25973e-16
2.22045e-16
2.85031e-16
2.22045e-16
2.22045e-16
2.22045e-16
2.68832e-16
3.24806e-16
2.83769e-16
2.80671e-16
2.23631e-16
2.22045e-16
2.82232e-16
2.22045e-16
2.22045e-16
2.22045e-16
2.68503e-16
3.2624e-16
2.83764e-16
2.77708e-16
2.22045e-16
2.22045e-16
2.81862e-16
2.22045e-16
2.22045e-16
2.22045e-16
2.70241e-16
3.28665e-16
2.84264e-16
2.74291e-16
2.22045e-16
2.22045e-16
2.81636e-16
2.22045e-16
2.22045e-16
2.22045e-16
2.74002e-16
3.3183e-16
2.85101e-16
2.70546e-16
2.22045e-16
2.22045e-16
2.81469e-16
2.22045e-16
2.22045e-16
2.22045e-16
2.79728e-16
3.35346e-16
2.86265e-16
2.66677e-16
2.22045e-16
2.22045e-16
2.80461e-16
2.22045e-16
2.22045e-16
2.22045e-16
2.87224e-16
3.38503e-16
2.87556e-16
2.62823e-16
2.22045e-16
2.22045e-16
2.79939e-16
2.22045e-16
2.22045e-16
2.22045e-16
2.961e-16
3.40987e-16
2.8869e-16
2.59377e-16
2.22045e-16
2.22045e-16
2.80242e-16
2.22045e-16
2.22045e-16
2.22045e-16
3.05918e-16
3.42558e-16
2.89616e-16
2.56552e-16
2.22045e-16
2.22045e-16
2.81498e-16
2.22045e-16
2.22045e-16
2.27625e-16
3.16083e-16
3.43243e-16
2.90386e-16
2.5446e-16
2.22045e-16
2.22045e-16
2.83261e-16
2.22045e-16
2.22045e-16
2.52833e-16
3.24987e-16
3.43443e-16
2.90577e-16
2.52706e-16
2.22045e-16
2.22045e-16
2.85171e-16
2.22045e-16
2.22045e-16
2.70778e-16
3.28838e-16
3.43443e-16
2.90663e-16
2.51972e-16
2.22045e-16
2.22045e-16
2.84534e-16
2.22045e-16
2.22045e-16
2.88629e-16
3.31279e-16
3.41579e-16
2.89442e-16
2.50895e-16
2.22045e-16
2.22045e-16
2.8433e-16
2.22045e-16
2.67913e-16
2.97914e-16
3.29105e-16
3.3713e-16
2.87832e-16
2.50111e-16
2.22045e-16
2.22045e-16
2.88841e-16
2.53427e-16
2.75686e-16
2.95555e-16
3.25902e-16
3.33622e-16
2.86521e-16
2.50341e-16
2.22045e-16
2.22045e-16
2.93295e-16
2.55774e-16
2.69889e-16
2.89725e-16
3.22063e-16
3.30712e-16
2.85253e-16
2.51527e-16
2.22045e-16
2.22045e-16
2.97499e-16
2.49984e-16
2.61458e-16
2.82295e-16
3.17768e-16
3.28509e-16
2.84046e-16
2.53445e-16
2.22045e-16
2.22045e-16
3.01461e-16
2.42805e-16
2.52314e-16
2.73563e-16
3.13163e-16
3.27069e-16
2.83198e-16
2.56084e-16
2.22045e-16
2.22045e-16
3.04644e-16
2.35348e-16
2.42785e-16
2.63324e-16
3.0786e-16
3.25937e-16
2.83015e-16
2.59414e-16
2.23206e-16
2.22045e-16
3.06542e-16
2.2747e-16
2.3195e-16
2.50205e-16
3.00393e-16
3.24005e-16
2.83741e-16
2.63498e-16
2.27856e-16
2.22045e-16
3.06831e-16
2.22045e-16
2.23441e-16
2.37879e-16
2.93694e-16
3.22895e-16
2.85772e-16
2.67708e-16
2.32391e-16
2.22045e-16
3.10007e-16
2.22045e-16
2.22045e-16
2.28609e-16
2.89598e-16
3.22044e-16
2.87792e-16
2.69782e-16
2.30375e-16
2.22045e-16
3.27818e-16
2.22045e-16
2.22045e-16
2.22045e-16
2.34074e-16
2.36459e-16
2.34364e-16
2.30961e-16
2.26509e-16
2.22045e-16
2.22045e-16
2.22045e-16
2.22045e-16
2.22045e-16
2.22045e-16
2.22045e-16
2.22068e-16
2.22282e-16
2.22045e-16
2.22045e-16
2.22045e-16
2.22045e-16
2.22045e-16
2.22045e-16
2.22045e-16
2.22045e-16
2.22045e-16
2.22045e-16
2.22045e-16
2.22045e-16
2.22045e-16
2.22045e-16
2.22045e-16
2.22045e-16
2.22045e-16
2.22045e-16
2.22045e-16
2.22045e-16
2.22045e-16
2.22045e-16
2.22045e-16
2.22045e-16
2.22045e-16
2.22045e-16
2.22045e-16
2.22045e-16
2.22045e-16
2.22045e-16
2.22045e-16
2.22045e-16
2.22045e-16
2.22045e-16
2.22045e-16
2.22045e-16
2.22045e-16
2.22045e-16
2.22045e-16
2.22045e-16
2.22045e-16
2.22045e-16
2.22045e-16
2.22045e-16
2.22045e-16
2.22045e-16
2.22045e-16
2.22045e-16
2.22045e-16
2.22045e-16
2.22045e-16
2.22045e-16
2.22045e-16
2.22045e-16
2.22045e-16
2.22045e-16
2.22045e-16
2.22045e-16
2.22045e-16
2.22045e-16
2.22045e-16
2.22045e-16
2.22045e-16
2.22045e-16
2.22045e-16
2.22045e-16
2.22045e-16
2.22045e-16
2.22045e-16
2.22045e-16
2.22045e-16
2.22045e-16
2.22045e-16
2.22045e-16
2.22045e-16
2.22045e-16
2.22045e-16
2.22045e-16
2.22045e-16
2.22045e-16
2.22045e-16
2.22045e-16
2.22045e-16
)
;

boundaryField
{
    right
    {
        type            cyclic;
    }
    left
    {
        type            cyclic;
    }
    outerWall
    {
        type            kqRWallFunction;
        value           nonuniform List<scalar> 
22
(
2.85031e-16
2.82232e-16
2.81862e-16
2.81636e-16
2.81469e-16
2.80461e-16
2.79939e-16
2.80242e-16
2.81498e-16
2.83261e-16
2.85171e-16
2.84534e-16
2.8433e-16
2.88841e-16
2.93295e-16
2.97499e-16
3.01461e-16
3.04644e-16
3.06542e-16
3.06831e-16
3.10007e-16
3.27818e-16
)
;
    }
    stirrerWall
    {
        type            kqRWallFunction;
        value           uniform 2.22045e-16;
    }
    top
    {
        type            empty;
    }
    bottom
    {
        type            empty;
    }
}


// ************************************************************************* //
