/*--------------------------------*- C++ -*----------------------------------*\
  =========                 |
  \\      /  F ield         | OpenFOAM: The Open Source CFD Toolbox
   \\    /   O peration     | Website:  https://openfoam.org
    \\  /    A nd           | Version:  10
     \\/     M anipulation  |
\*---------------------------------------------------------------------------*/
FoamFile
{
    format      ascii;
    class       surfaceScalarField;
    location    "800";
    object      phi;
}
// * * * * * * * * * * * * * * * * * * * * * * * * * * * * * * * * * * * * * //

dimensions      [0 3 -1 0 0 0 0];

internalField   nonuniform List<scalar> 
3880
(
8.4539e-06
-1.50805e-05
8.98842e-06
2.43797e-05
1.47932e-05
4.67278e-05
2.16826e-05
6.3864e-05
2.86263e-05
7.6265e-05
3.50311e-05
8.29692e-05
4.06366e-05
8.48759e-05
4.483e-05
8.26897e-05
4.7016e-05
7.69921e-05
4.66265e-05
6.83489e-05
4.35135e-05
5.7985e-05
3.79774e-05
4.83325e-05
3.22032e-05
4.35315e-05
2.76192e-05
4.14411e-05
2.23445e-05
3.14263e-05
1.50449e-05
1.05528e-05
1.10035e-05
-2.61671e-05
7.70795e-06
-5.83181e-05
5.39529e-06
-8.73647e-05
-0.000112888
4.29936e-06
3.77059e-06
-1.88203e-05
5.18196e-06
2.29747e-05
9.51631e-06
4.23905e-05
1.56164e-05
5.77731e-05
2.32174e-05
6.86968e-05
3.12368e-05
7.49249e-05
3.87597e-05
7.73092e-05
4.48837e-05
7.65313e-05
4.87854e-05
7.30386e-05
4.97291e-05
6.73768e-05
4.7619e-05
6.01224e-05
4.26623e-05
5.32771e-05
3.78192e-05
4.8291e-05
3.65315e-05
4.26843e-05
3.66159e-05
3.13463e-05
3.19581e-05
1.51407e-05
2.55976e-05
-1.98254e-05
2.04784e-05
-5.31883e-05
1.67057e-05
-8.35307e-05
-0.000110514
1.43738e-05
3.01181e-06
-2.18637e-05
6.8841e-06
1.90884e-05
1.10991e-05
3.81782e-05
1.6999e-05
5.18916e-05
2.4412e-05
6.12892e-05
3.24645e-05
6.68742e-05
4.01928e-05
6.9529e-05
4.68433e-05
6.98985e-05
5.16948e-05
6.82288e-05
5.41762e-05
6.48818e-05
5.42389e-05
6.00474e-05
5.25037e-05
5.50262e-05
5.10628e-05
4.97702e-05
5.07592e-05
4.30358e-05
4.99976e-05
3.21592e-05
4.66581e-05
1.85764e-05
3.82972e-05
-1.14856e-05
3.24865e-05
-4.74447e-05
2.80534e-05
-7.91425e-05
-0.000107386
2.48846e-05
3.06812e-06
-2.49409e-05
8.6788e-06
1.35429e-05
1.3793e-05
3.29919e-05
2.01528e-05
4.55024e-05
2.74678e-05
5.39229e-05
3.53304e-05
5.90795e-05
4.30094e-05
6.187e-05
4.99251e-05
6.29756e-05
5.54682e-05
6.26872e-05
5.92974e-05
6.10568e-05
6.12008e-05
5.81678e-05
6.17635e-05
5.44562e-05
6.20828e-05
4.94214e-05
6.21618e-05
4.2966e-05
6.14614e-05
3.29129e-05
6.0002e-05
2.0012e-05
5.1319e-05
-2.93128e-06
4.50097e-05
-4.12699e-05
4.01077e-05
-7.43026e-05
-0.000103508
3.62117e-05
2.99688e-06
-2.79487e-05
9.31154e-06
7.27636e-06
1.54957e-05
2.6715e-05
2.25336e-05
3.85106e-05
3.00254e-05
4.63775e-05
3.78335e-05
5.1303e-05
4.54937e-05
5.42278e-05
5.26314e-05
5.58518e-05
5.8818e-05
5.65166e-05
6.36933e-05
5.61659e-05
6.70008e-05
5.48364e-05
6.91408e-05
5.22953e-05
7.06466e-05
4.78955e-05
7.16397e-05
4.193e-05
7.18421e-05
3.26414e-05
7.13358e-05
2.04353e-05
6.40738e-05
4.2628e-06
5.8138e-05
-3.53883e-05
5.29541e-05
-6.91396e-05
-9.87985e-05
4.82291e-05
2.58065e-06
-3.05456e-05
8.77173e-06
1.13408e-06
1.58912e-05
1.94839e-05
2.36689e-05
3.08082e-05
3.15173e-05
3.84695e-05
3.93893e-05
4.34184e-05
4.70486e-05
4.65534e-05
5.43411e-05
4.85541e-05
6.10007e-05
4.98556e-05
6.66977e-05
5.04523e-05
7.11661e-05
5.03299e-05
7.4445e-05
4.89325e-05
7.6795e-05
4.54407e-05
7.85925e-05
4.00687e-05
7.99365e-05
3.12757e-05
8.06987e-05
1.96898e-05
7.64965e-05
8.47088e-06
7.08104e-05
-2.97217e-05
6.54072e-05
-6.37515e-05
-9.34076e-05
6.00014e-05
2.04842e-06
-3.26321e-05
7.5224e-06
-4.25993e-06
1.51424e-05
1.17329e-05
2.35906e-05
2.24201e-05
3.1862e-05
3.01309e-05
3.9859e-05
3.53895e-05
4.75044e-05
3.88838e-05
5.48336e-05
4.12143e-05
6.17204e-05
4.29293e-05
6.79724e-05
4.41232e-05
7.33445e-05
4.48777e-05
7.76508e-05
4.45614e-05
8.07985e-05
4.22588e-05
8.31515e-05
3.77315e-05
8.48568e-05
2.96055e-05
8.65549e-05
1.8021e-05
8.64636e-05
8.55135e-06
8.1577e-05
-2.48362e-05
7.64084e-05
-5.8578e-05
-8.75728e-05
7.05833e-05
1.44185e-06
-3.41307e-05
5.87517e-06
-8.57732e-06
1.35371e-05
3.92824e-06
2.24138e-05
1.35824e-05
3.10556e-05
2.14286e-05
3.91991e-05
2.72161e-05
4.68087e-05
3.12541e-05
5.40244e-05
3.3997e-05
6.08997e-05
3.60316e-05
6.73932e-05
3.75844e-05
7.33651e-05
3.8867e-05
7.85349e-05
3.93704e-05
8.26994e-05
3.81116e-05
8.61523e-05
3.43134e-05
8.8561e-05
2.72289e-05
9.10905e-05
1.54882e-05
9.31824e-05
6.43742e-06
8.94887e-05
-2.11529e-05
8.47462e-05
-5.38351e-05
-8.14182e-05
7.85863e-05
7.80541e-07
-3.49642e-05
4.14627e-06
-1.1816e-05
1.13254e-05
-3.38947e-06
2.02279e-05
4.70753e-06
2.90564e-05
1.25523e-05
3.73166e-05
1.89285e-05
4.48869e-05
2.36704e-05
5.18813e-05
2.70057e-05
5.84898e-05
2.9414e-05
6.48528e-05
3.12003e-05
7.10728e-05
3.26301e-05
7.67639e-05
3.36589e-05
8.16941e-05
3.3187e-05
8.63357e-05
2.96816e-05
8.96503e-05
2.39097e-05
9.29161e-05
1.21638e-05
9.57602e-05
3.52226e-06
9.35885e-05
-1.90574e-05
8.91189e-05
-4.94143e-05
-7.49006e-05
8.25648e-05
1.43675e-07
-3.51478e-05
2.60567e-06
-1.41727e-05
8.82597e-06
-9.72923e-06
1.71185e-05
-3.56553e-06
2.57719e-05
3.86855e-06
3.40088e-05
1.06562e-05
4.15328e-05
1.61284e-05
4.83114e-05
2.02192e-05
5.4554e-05
2.3158e-05
6.05347e-05
2.51985e-05
6.65216e-05
2.66224e-05
7.24055e-05
2.77524e-05
7.77859e-05
2.77911e-05
8.2683e-05
2.47603e-05
8.69733e-05
1.95793e-05
9.02319e-05
8.81978e-06
9.30769e-05
5.81533e-07
9.23063e-05
-1.83593e-05
8.8254e-05
-4.5393e-05
-6.79249e-05
8.12704e-05
-5.00327e-07
-3.46855e-05
1.24177e-06
-1.5844e-05
6.27246e-06
-1.48506e-05
1.33225e-05
-1.06135e-05
2.12362e-05
-4.05704e-06
2.90685e-05
2.78487e-06
3.64101e-05
8.77479e-06
4.29621e-05
1.36546e-05
4.87637e-05
1.735e-05
5.40858e-05
1.98711e-05
5.94267e-05
2.12657e-05
6.50899e-05
2.20752e-05
7.07238e-05
2.21488e-05
7.565e-05
1.98347e-05
8.03856e-05
1.48471e-05
8.38813e-05
5.31774e-06
8.66034e-05
-2.13119e-06
8.60077e-05
-1.77184e-05
8.12964e-05
-4.06184e-05
-5.98279e-05
7.32614e-05
-1.15522e-06
-3.35749e-05
-1.33314e-07
-1.68245e-05
3.5105e-06
-1.85563e-05
8.95152e-06
-1.60799e-05
1.56521e-05
-1.07621e-05
2.2568e-05
-4.16678e-06
2.91919e-05
2.16033e-06
3.53035e-05
7.53787e-06
4.06027e-05
1.20545e-05
4.51429e-05
1.5356e-05
4.95022e-05
1.69378e-05
5.44301e-05
1.7182e-05
5.9697e-05
1.69063e-05
6.47797e-05
1.47937e-05
6.94606e-05
1.02333e-05
7.28001e-05
2.08079e-06
7.50951e-05
-4.3122e-06
7.43148e-05
-1.68607e-05
6.88604e-05
-3.51317e-05
-5.03542e-05
5.93863e-05
-1.86332e-06
-3.17573e-05
-1.80084e-06
-1.68655e-05
1.90441e-07
-2.0589e-05
3.79872e-06
-1.97349e-05
8.79479e-06
-1.57732e-05
1.43734e-05
-9.79055e-06
1.97463e-05
-3.19033e-06
2.48989e-05
2.40636e-06
2.94507e-05
7.53004e-06
3.29687e-05
1.18774e-05
3.59605e-05
1.39846e-05
3.95738e-05
1.36193e-05
4.40284e-05
1.24829e-05
4.8686e-05
1.01565e-05
5.29155e-05
6.0077e-06
5.57848e-05
-7.87719e-07
5.73867e-05
-5.94658e-06
5.50601e-05
-1.46375e-05
4.71616e-05
-2.73532e-05
-3.87301e-05
3.54403e-05
-2.6705e-06
-2.91224e-05
-3.91989e-06
-1.56197e-05
-3.81458e-06
-2.07282e-05
-2.11968e-06
-2.14807e-05
9.38895e-07
-1.88589e-05
4.5485e-06
-1.34765e-05
8.28738e-06
-6.93915e-06
1.20503e-05
-1.33068e-06
1.52568e-05
4.3676e-06
1.71386e-05
1.00279e-05
1.80776e-05
1.3023e-05
1.96205e-05
1.20256e-05
2.26027e-05
9.43319e-06
2.61633e-05
6.56498e-06
2.90814e-05
3.03843e-06
3.02545e-05
-2.07793e-06
2.99428e-05
-5.79405e-06
2.48546e-05
-9.66307e-06
1.43444e-05
-1.68659e-05
-2.65839e-05
2.2105e-06
-3.5393e-06
-2.56023e-05
-6.26608e-06
-1.29345e-05
-8.30098e-06
-1.87353e-05
-9.08077e-06
-2.07611e-05
-8.17553e-06
-1.97974e-05
-5.95858e-06
-1.57672e-05
-3.16723e-06
-9.77826e-06
-5.52688e-07
-3.96873e-06
6.61144e-07
3.15621e-06
-2.22253e-07
1.0923e-05
-2.71079e-06
1.54824e-05
-4.68986e-06
1.39543e-05
-4.70147e-06
9.42312e-06
-3.61008e-06
5.56782e-06
-3.58915e-06
3.15012e-06
-6.59386e-06
9.90937e-07
-1.14572e-05
-9.23074e-07
-1.94232e-05
-1.69848e-06
-2.98287e-05
-6.52323e-06
-1.90031e-05
-3.75536e-05
-4.29038e-06
-2.13228e-05
-8.33527e-06
-8.96382e-06
-1.22662e-05
-1.48517e-05
-1.58271e-05
-1.7291e-05
-1.85532e-05
-1.7099e-05
-2.02605e-05
-1.40837e-05
-2.01456e-05
-9.88322e-06
-1.80618e-05
-6.04032e-06
-1.52352e-05
3.15743e-07
-1.44064e-05
1.00844e-05
-1.46009e-05
1.57041e-05
-1.90299e-05
1.8405e-05
-2.68728e-05
1.72922e-05
-3.30642e-05
1.18166e-05
-3.8613e-05
8.67737e-06
-4.79231e-05
1.01599e-05
-6.08836e-05
1.19133e-05
-7.19186e-05
9.27555e-06
-7.06836e-05
-7.78716e-06
-3.22098e-05
-5.74394e-05
-4.91007e-06
-1.64371e-05
-9.65119e-06
-4.31258e-06
-1.46366e-05
-9.87547e-06
-2.00814e-05
-1.1962e-05
-2.54402e-05
-1.17524e-05
-3.04984e-05
-8.98433e-06
-3.52577e-05
-5.04721e-06
-4.03498e-05
-9.10928e-07
-4.30347e-05
2.95998e-06
-4.40999e-05
1.10629e-05
-4.47058e-05
1.62951e-05
-4.42435e-05
1.79794e-05
-4.08557e-05
1.3917e-05
-3.88815e-05
9.84836e-06
-4.15734e-05
1.13469e-05
-4.51714e-05
1.37381e-05
-4.68367e-05
1.35993e-05
-4.55097e-05
7.89501e-06
-4.01095e-05
-1.33423e-05
-3.58836e-05
-3.65964e-05
-5.37043e-06
-1.11127e-05
-9.80913e-06
1.57806e-08
-1.47259e-05
-4.87061e-06
-2.05375e-05
-6.22053e-06
-2.63694e-05
-6.01553e-06
-3.14663e-05
-4.03346e-06
-3.56443e-05
-9.63784e-07
-3.91111e-05
2.57163e-06
-4.19403e-05
5.89582e-06
-4.22401e-05
1.14175e-05
-4.0663e-05
1.47608e-05
-3.7422e-05
1.484e-05
-3.40622e-05
1.06459e-05
-3.31757e-05
8.92339e-06
-3.3074e-05
1.11216e-05
-3.06408e-05
1.11963e-05
-2.61873e-05
9.06625e-06
-2.27219e-05
4.43901e-06
-1.87348e-05
-1.72796e-05
-3.29775e-05
-2.15541e-05
-5.74972e-06
-5.39681e-06
-8.20395e-06
2.34399e-06
-1.2322e-05
-7.86179e-07
-1.74937e-05
-1.19457e-06
-2.22697e-05
-1.29942e-06
-2.55044e-05
-8.16233e-07
-2.665e-05
1.58387e-07
-2.56614e-05
1.50155e-06
-2.312e-05
3.2442e-06
-1.74603e-05
5.62881e-06
-1.03574e-05
7.58714e-06
-3.42105e-06
7.90117e-06
3.6848e-07
6.86182e-06
2.85535e-06
6.42188e-06
8.25605e-06
5.78749e-06
1.62607e-05
3.23065e-06
2.4014e-05
1.22622e-06
2.73127e-05
9.33276e-07
1.71164e-05
-7.40828e-06
-1.40141e-05
-1.98807e-06
-5.39082e-06
-3.15387e-06
-4.02716e-06
-5.29154e-06
-6.59623e-06
-7.38077e-06
-7.18842e-06
-5.65473e-06
-2.3649e-06
3.3137e-06
1.09362e-05
1.88303e-05
2.56528e-05
3.20544e-05
3.78519e-05
4.10712e-05
4.23467e-05
4.33897e-05
3.60201e-05
2.19697e-05
4.33551e-06
-0.000136255
5.12484e-06
-0.00016084
5.54902e-06
-0.000182212
4.96682e-06
-0.000202171
3.76772e-06
-0.000225108
2.59642e-06
-0.000251814
1.65792e-06
-0.000280483
9.54667e-07
-0.000311332
4.90431e-07
-0.000345332
2.16818e-07
-0.000382899
6.73268e-08
-0.000424173
-8.34192e-09
-0.000469244
-5.39262e-08
-0.00051885
-8.43508e-08
-0.000573182
-8.84771e-08
-0.000633127
-6.22447e-08
-0.000700987
-7.07884e-08
-0.000765463
7.60897e-07
-0.000871884
2.05687e-06
-0.000870382
-0.00119393
1.32721e-05
-0.000135114
1.27915e-05
-0.000160383
1.20502e-05
-0.000181533
1.05553e-05
-0.000200737
8.70186e-06
-0.000223313
6.96714e-06
-0.000250154
5.4473e-06
-0.000279049
4.17085e-06
-0.000310131
3.16773e-06
-0.000344351
2.42605e-06
-0.000382093
1.88356e-06
-0.000423499
1.48322e-06
-0.000468682
1.1525e-06
-0.00051837
8.92879e-07
-0.000572816
6.26946e-07
-0.00063281
4.38434e-07
-0.000700799
1.94837e-07
-0.000765274
6.34769e-07
-0.00087242
1.3897e-06
-0.000871212
-0.00119256
2.27858e-05
-0.00013303
2.11302e-05
-0.00015877
1.91559e-05
-0.000179627
1.65836e-05
-0.000198223
1.38856e-05
-0.000220648
1.14361e-05
-0.000247732
9.2798e-06
-0.000276907
7.43627e-06
-0.000308266
5.92645e-06
-0.000342793
4.71938e-06
-0.000380845
3.75706e-06
-0.000422511
3.01075e-06
-0.000467901
2.38067e-06
-0.000517706
1.88438e-06
-0.000572324
1.36381e-06
-0.00063233
1.00501e-06
-0.000700514
5.62032e-07
-0.000764888
6.91177e-07
-0.00087259
1.49722e-06
-0.000872053
-0.00119106
3.30503e-05
-0.000129865
3.00388e-05
-0.000155785
2.6609e-05
-0.000176229
2.27299e-05
-0.00019435
1.89995e-05
-0.000216891
1.57283e-05
-0.000244415
1.28844e-05
-0.000274028
1.04453e-05
-0.000305831
8.41959e-06
-0.000340818
6.77174e-06
-0.000379284
5.43404e-06
-0.000421274
4.37864e-06
-0.000466926
3.46907e-06
-0.000516869
2.76509e-06
-0.000571717
2.01528e-06
-0.000631671
1.55102e-06
-0.000700136
9.28416e-07
-0.000764304
9.27503e-07
-0.000872573
1.86232e-06
-0.000872994
-0.00118919
4.38482e-05
-0.000125482
3.92848e-05
-0.000151231
3.41598e-05
-0.000171094
2.87712e-05
-0.000188906
2.38902e-05
-0.000211935
1.97236e-05
-0.0002402
1.6147e-05
-0.000270455
1.3112e-05
-0.000302841
1.0612e-05
-0.000338375
8.58488e-06
-0.000377316
6.93175e-06
-0.00041968
5.61311e-06
-0.000465656
4.45856e-06
-0.000515766
3.58453e-06
-0.000570921
2.61107e-06
-0.000630776
2.08846e-06
-0.000699646
1.24976e-06
-0.000763481
1.06709e-06
-0.000872367
2.09457e-06
-0.000874026
-0.0011871
5.44593e-05
-0.000119925
4.82545e-05
-0.000144998
4.12464e-05
-0.000164045
3.42097e-05
-0.00018182
2.81498e-05
-0.00020585
2.31138e-05
-0.000235175
1.88595e-05
-0.000266228
1.53048e-05
-0.000299298
1.24116e-05
-0.000335453
1.0077e-05
-0.000374927
8.16775e-06
-0.000417717
6.63501e-06
-0.000464074
5.27765e-06
-0.000514378
4.2824e-06
-0.000569927
3.12307e-06
-0.000629644
2.58742e-06
-0.000699098
1.54711e-06
-0.000762427
1.2857e-06
-0.000872097
2.35975e-06
-0.000875123
-0.00118478
6.39303e-05
-0.000113249
5.59869e-05
-0.00013704
4.69825e-05
-0.000155038
3.83478e-05
-0.0001732
3.12966e-05
-0.000198845
2.55824e-05
-0.000229534
2.08136e-05
-0.000261535
1.68763e-05
-0.000295402
1.3699e-05
-0.000332264
1.11413e-05
-0.00037233
9.04558e-06
-0.000415577
7.36483e-06
-0.000462345
5.86967e-06
-0.000512842
4.80974e-06
-0.000568848
3.51935e-06
-0.000628345
3.01918e-06
-0.000698574
1.76871e-06
-0.000761155
1.49652e-06
-0.000871837
2.54947e-06
-0.000876226
-0.00118228
7.08562e-05
-0.000105528
6.11745e-05
-0.000127389
5.02867e-05
-0.000144192
4.04353e-05
-0.0001634
3.28555e-05
-0.000191341
2.68301e-05
-0.000223598
2.18297e-05
-0.000256627
1.7724e-05
-0.000291376
1.44196e-05
-0.000329009
1.17578e-05
-0.000369704
9.56997e-06
-0.000413422
7.81661e-06
-0.000460613
6.24651e-06
-0.000511284
5.16711e-06
-0.000567787
3.78008e-06
-0.000626956
3.36248e-06
-0.000698144
1.89007e-06
-0.000759671
1.67971e-06
-0.000871652
2.63973e-06
-0.000877257
-0.00117969
7.37467e-05
-9.67352e-05
6.24009e-05
-0.000116072
5.00645e-05
-0.000131873
3.9824e-05
-0.000153146
3.24659e-05
-0.000183943
2.66298e-05
-0.000217698
2.17562e-05
-0.000251679
1.77456e-05
-0.000287298
1.45055e-05
-0.000325713
1.18845e-05
-0.000367052
9.71711e-06
-0.000411255
7.97608e-06
-0.000458888
6.39521e-06
-0.000509723
5.34353e-06
-0.000566766
3.89661e-06
-0.000625512
3.60992e-06
-0.00069785
1.9188e-06
-0.000757973
1.84341e-06
-0.000871606
2.62443e-06
-0.000878113
-0.0011771
7.12539e-05
-8.67059e-05
5.84486e-05
-0.000103238
4.56024e-05
-0.000118955
3.62611e-05
-0.00014368
3.00048e-05
-0.000177515
2.4871e-05
-0.000212374
2.04861e-05
-0.000247116
1.6841e-05
-0.000283504
1.38746e-05
-0.000322629
1.14581e-05
-0.000364556
9.4379e-06
-0.000409197
7.80642e-06
-0.000457248
6.29073e-06
-0.000508211
5.3215e-06
-0.000565811
3.8697e-06
-0.000624046
3.75589e-06
-0.000697716
1.88931e-06
-0.000756089
2.00369e-06
-0.00087174
2.51042e-06
-0.000878675
-0.0011746
6.21349e-05
-7.55144e-05
4.85293e-05
-8.95886e-05
3.68392e-05
-0.000107233
2.99857e-05
-0.000136832
2.56146e-05
-0.000173173
2.16378e-05
-0.000208433
1.80989e-05
-0.000243643
1.50836e-05
-0.000280568
1.25917e-05
-0.000320193
1.05304e-05
-0.000362532
8.76819e-06
-0.000407468
7.32983e-06
-0.000455839
5.94907e-06
-0.000506848
5.10635e-06
-0.000564971
3.70787e-06
-0.000622615
3.77412e-06
-0.000697741
1.8316e-06
-0.000754114
2.16214e-06
-0.000872071
2.30092e-06
-0.000878839
-0.00117231
4.63743e-05
-6.25301e-05
3.27086e-05
-7.59973e-05
2.46968e-05
-9.93272e-05
2.17588e-05
-0.000134043
1.97183e-05
-0.000171304
1.72227e-05
-0.000206056
1.48355e-05
-0.000241359
1.26814e-05
-0.00027851
1.08298e-05
-0.000318401
9.23822e-06
-0.000360983
7.81663e-06
-0.000406092
6.63131e-06
-0.000454695
5.43747e-06
-0.000505677
4.74408e-06
-0.000564271
3.44415e-06
-0.000621268
3.64305e-06
-0.000697883
1.70041e-06
-0.000752124
2.31352e-06
-0.000872665
1.93195e-06
-0.000878455
-0.00117038
2.2052e-05
-4.92001e-05
1.2483e-05
-6.64381e-05
1.1359e-05
-9.81727e-05
1.27794e-05
-0.000135395
1.30267e-05
-0.000171466
1.21451e-05
-0.00020509
1.10493e-05
-0.000240212
9.8777e-06
-0.00027729
8.76377e-06
-0.000317223
7.70858e-06
-0.00035989
6.67891e-06
-0.000405064
5.78461e-06
-0.00045382
4.81345e-06
-0.000504715
4.2752e-06
-0.000563716
3.11962e-06
-0.000620058
3.40696e-06
-0.000698106
1.44211e-06
-0.000750106
2.47772e-06
-0.000873666
1.3516e-06
-0.000877318
-0.00116902
-7.34231e-06
-3.96259e-05
-7.25861e-06
-6.65343e-05
-4.97179e-07
-0.000104984
4.15731e-06
-0.000140122
6.29408e-06
-0.000173679
7.00911e-06
-0.000205894
7.18991e-06
-0.000240494
6.9877e-06
-0.000277127
6.59972e-06
-0.000316811
6.0748e-06
-0.000359349
5.44429e-06
-0.000404434
4.8512e-06
-0.000453234
4.12004e-06
-0.000503981
3.72679e-06
-0.000563301
2.76311e-06
-0.000619048
3.1039e-06
-0.000698397
1.08972e-06
-0.000748056
2.54091e-06
-0.000875096
5.20761e-07
-0.000875297
-0.00116849
-3.5127e-05
-4.22566e-05
-2.19945e-05
-7.98456e-05
-9.64516e-06
-0.000117445
-3.20495e-06
-0.00014663
4.59599e-07
-0.000177372
2.55035e-06
-0.000208021
3.78646e-06
-0.000241764
4.38749e-06
-0.000277696
4.60212e-06
-0.000316963
4.52392e-06
-0.000359251
4.24e-06
-0.000404151
3.91424e-06
-0.000452913
3.41164e-06
-0.000503478
3.13238e-06
-0.00056301
2.39338e-06
-0.000618282
2.70428e-06
-0.00069868
6.68537e-07
-0.000746007
2.35334e-06
-0.000876784
-4.95843e-07
-0.000872444
-0.00116899
-3.88365e-05
-6.08236e-05
-2.39896e-05
-9.46314e-05
-1.40269e-05
-0.000127323
-7.91851e-06
-0.000152689
-3.53525e-06
-0.00018171
-6.37606e-07
-0.000210885
1.22235e-06
-0.000243607
2.3262e-06
-0.000278767
2.93426e-06
-0.000317533
3.17345e-06
-0.000359488
3.15497e-06
-0.00040413
3.03541e-06
-0.000452788
2.72443e-06
-0.000503161
2.5162e-06
-0.000562787
2.03012e-06
-0.000617776
2.2276e-06
-0.000698857
2.26221e-07
-0.000743995
2.18973e-06
-0.000878754
-1.68807e-06
-0.000868552
-0.00117067
-2.93304e-05
-6.82581e-05
-2.02731e-05
-0.000103812
-1.37902e-05
-0.000133818
-8.82022e-06
-0.000157696
-5.05661e-06
-0.000185556
-2.18749e-06
-0.000213777
-2.57652e-07
-0.000245524
9.8585e-07
-0.000279983
1.73924e-06
-0.00031826
2.13227e-06
-0.000359883
2.26839e-06
-0.000404254
2.26579e-06
-0.000452775
2.07457e-06
-0.000502979
1.85705e-06
-0.000562571
1.62467e-06
-0.000617553
1.61546e-06
-0.000698865
-2.78589e-07
-0.00074211
1.8483e-06
-0.000880893
-3.50621e-06
-0.000863218
-0.00117416
-2.0856e-05
-6.89162e-05
-1.45304e-05
-0.000110144
-1.04727e-05
-0.000137888
-6.7855e-06
-0.000161378
-4.15738e-06
-0.000188215
-1.96607e-06
-0.000215975
-5.17123e-07
-0.000247
4.81337e-07
-0.000281015
1.12751e-06
-0.000318901
1.47898e-06
-0.000360245
1.63292e-06
-0.000404387
1.63231e-06
-0.000452755
1.49213e-06
-0.000502873
1.08693e-06
-0.000562177
1.08163e-06
-0.000617561
4.44666e-07
-0.000698267
-5.71843e-07
-0.000741121
5.82712e-07
-0.000882054
-5.07647e-06
-0.000857612
-0.00117926
-5.85853e-06
-6.51195e-05
-4.8365e-06
-0.000111168
-3.94038e-06
-0.000138829
-2.77171e-06
-0.000162568
-1.29166e-06
-0.000189708
-4.51622e-08
-0.000217214
8.34481e-07
-0.000247917
1.26769e-06
-0.000281518
1.53791e-06
-0.000319144
1.5701e-06
-0.000360282
1.54152e-06
-0.000404357
1.33867e-06
-0.000452517
1.25853e-06
-0.000502862
3.62656e-07
-0.000561307
7.26902e-07
-0.000617927
-1.97574e-06
-0.000695602
-3.19166e-07
-0.000742833
-3.7785e-06
-0.000878599
-5.81618e-06
-0.00085562
-0.00118511
1.25096e-05
-5.56772e-05
8.77608e-06
-0.000107451
6.41267e-06
-0.000136487
6.90393e-06
-0.000163046
7.02735e-06
-0.000189862
7.10591e-06
-0.000217333
6.66922e-06
-0.00024749
5.79849e-06
-0.000280754
4.92035e-06
-0.000318194
4.03893e-06
-0.00035937
3.18822e-06
-0.000403588
2.44985e-06
-0.000451723
2.00838e-06
-0.000502501
7.28017e-07
-0.000560053
9.02618e-07
-0.000618108
-2.62184e-06
-0.0006921
-1.08471e-07
-0.000745431
-7.02629e-06
-0.00087168
-1.28761e-05
-0.000849795
-0.00119799
2.96493e-06
-5.86565e-05
1.81733e-06
-0.000106299
2.13856e-06
-0.000136801
1.73584e-06
-0.000162636
1.69307e-06
-0.000189836
1.37713e-06
-0.000217044
1.13945e-06
-0.000247251
8.23854e-07
-0.000280458
5.61367e-07
-0.000317924
2.9968e-07
-0.000359093
1.17749e-07
-0.000403439
-7.95764e-08
-0.000451527
-7.4743e-08
-0.000502507
-3.59932e-07
-0.000559776
-1.08629e-08
-0.000618478
-8.3117e-07
-0.000691286
4.91539e-07
-0.000746775
-1.77483e-06
-0.000869427
1.91515e-06
-0.000853492
-0.00119608
3.15417e-06
-6.18064e-05
1.90363e-06
-0.000105048
2.27979e-06
-0.000137181
1.87672e-06
-0.000162232
1.84495e-06
-0.000189801
1.5249e-06
-0.000216732
1.28726e-06
-0.000247006
9.77499e-07
-0.000280153
7.183e-07
-0.000317665
4.54176e-07
-0.000358822
2.62827e-07
-0.000403255
5.07212e-08
-0.000451308
3.89161e-08
-0.0005025
-2.65797e-07
-0.00055947
7.173e-08
-0.000618815
-8.0739e-07
-0.000690405
5.2238e-07
-0.000748109
-1.83386e-06
-0.00086707
1.85003e-06
-0.000857178
-0.00119423
3.04153e-06
-6.48471e-05
2.05727e-06
-0.000104061
2.4517e-06
-0.000137577
2.08897e-06
-0.00016187
2.04094e-06
-0.00018975
1.711e-06
-0.000216412
1.46372e-06
-0.000246752
1.1569e-06
-0.000279853
8.96739e-07
-0.000317406
6.29179e-07
-0.000358547
4.22382e-07
-0.000403057
1.95062e-07
-0.000451073
1.58806e-07
-0.00050247
-1.60383e-07
-0.000559148
1.46352e-07
-0.000619122
-7.43928e-07
-0.000689514
5.53422e-07
-0.000749411
-1.82603e-06
-0.000864689
1.74236e-06
-0.000860748
-0.00119248
2.9302e-06
-6.77794e-05
2.22928e-06
-0.000103357
2.64808e-06
-0.000137997
2.31717e-06
-0.000161543
2.23901e-06
-0.000189669
1.89284e-06
-0.000216079
1.63409e-06
-0.000246485
1.33182e-06
-0.000279557
1.07317e-06
-0.00031715
8.04126e-07
-0.000358269
5.82499e-07
-0.000402848
3.39987e-07
-0.000450821
2.78513e-07
-0.000502416
-5.48839e-08
-0.000558812
2.19313e-07
-0.000619396
-6.7562e-07
-0.000688619
6.01996e-07
-0.000750693
-1.79931e-06
-0.000862284
1.68263e-06
-0.000864232
-0.0011908
2.84202e-06
-7.06238e-05
2.40334e-06
-0.000102916
2.83743e-06
-0.000138432
2.52877e-06
-0.000161239
2.41356e-06
-0.000189552
2.04974e-06
-0.00021573
1.78165e-06
-0.000246207
1.4876e-06
-0.00027927
1.23458e-06
-0.000316899
9.67618e-07
-0.000357992
7.33833e-07
-0.000402628
4.78321e-07
-0.000450553
3.92796e-07
-0.000502337
4.73881e-08
-0.000558464
2.87648e-07
-0.000619636
-6.03906e-07
-0.000687727
6.58796e-07
-0.000751961
-1.76568e-06
-0.000859854
1.65551e-06
-0.000867657
-0.00118914
2.78729e-06
-7.34125e-05
2.5756e-06
-0.000102704
3.01121e-06
-0.000138869
2.715e-06
-0.000160949
2.55865e-06
-0.000189394
2.1776e-06
-0.000215366
1.9035e-06
-0.00024592
1.62179e-06
-0.000278994
1.3786e-06
-0.00031666
1.11744e-06
-0.000357718
8.746e-07
-0.0004024
6.08597e-07
-0.000450273
5.00577e-07
-0.000502235
1.45705e-07
-0.000558106
3.52828e-07
-0.000619843
-5.30147e-07
-0.000686843
7.16845e-07
-0.000753213
-1.72905e-06
-0.000857402
1.65798e-06
-0.000871048
-0.00118748
2.76684e-06
-7.61797e-05
2.74132e-06
-0.00010268
3.16336e-06
-0.000139294
2.86962e-06
-0.000160661
2.66988e-06
-0.000189193
2.27357e-06
-0.000214987
1.99769e-06
-0.00024563
1.73258e-06
-0.000278734
1.50347e-06
-0.000316436
1.25181e-06
-0.000357452
1.00327e-06
-0.000402168
7.2951e-07
-0.000449984
6.009e-07
-0.000502112
2.39312e-07
-0.000557741
4.14322e-07
-0.000620017
-4.56434e-07
-0.000685972
7.73732e-07
-0.000754449
-1.69147e-06
-0.00085493
1.68637e-06
-0.000874431
-0.00118579
2.77436e-06
-7.89538e-05
2.8942e-06
-0.000102801
3.28804e-06
-0.000139691
2.98697e-06
-0.000160365
2.74334e-06
-0.000188947
2.3354e-06
-0.000214597
2.06273e-06
-0.000245343
1.81855e-06
-0.000278495
1.6076e-06
-0.000316232
1.36914e-06
-0.000357199
1.11847e-06
-0.000401936
8.39899e-07
-0.000449689
6.92958e-07
-0.00050197
3.27482e-07
-0.000557372
4.71468e-07
-0.00062016
-3.83435e-07
-0.000685116
8.28826e-07
-0.000755667
-1.65428e-06
-0.000852439
1.73702e-06
-0.000877828
-0.00118405
2.80271e-06
-8.17558e-05
3.02801e-06
-0.000103028
3.37917e-06
-0.000140046
3.06168e-06
-0.000160051
2.77568e-06
-0.000188657
2.36154e-06
-0.0002142
2.0978e-06
-0.000245063
1.87878e-06
-0.00027828
1.68981e-06
-0.000316052
1.46804e-06
-0.000356962
1.21898e-06
-0.000401706
9.38725e-07
-0.000449392
7.76064e-07
-0.000501813
4.09662e-07
-0.000557003
5.23612e-07
-0.000620273
-3.11442e-07
-0.000684279
8.81576e-07
-0.000756868
-1.61768e-06
-0.000849933
1.80793e-06
-0.000881259
-0.00118224
2.84412e-06
-8.45991e-05
3.13631e-06
-0.000103321
3.43055e-06
-0.000140344
3.08884e-06
-0.00015971
2.76433e-06
-0.000188328
2.35123e-06
-0.000213804
2.10252e-06
-0.0002448
1.91266e-06
-0.000278093
1.74913e-06
-0.0003159
1.54746e-06
-0.000356746
1.30381e-06
-0.000401483
1.02514e-06
-0.000449097
8.49609e-07
-0.000501642
4.85541e-07
-0.000556637
5.70284e-07
-0.000620357
-2.40419e-07
-0.000683466
9.31446e-07
-0.000758047
-1.5827e-06
-0.000847413
1.89684e-06
-0.000884744
-0.00118035
2.89026e-06
-8.74886e-05
3.2125e-06
-0.000103641
3.43603e-06
-0.00014057
3.06429e-06
-0.000159337
2.70776e-06
-0.000187965
2.3043e-06
-0.000213416
2.07654e-06
-0.000244559
1.9193e-06
-0.00027794
1.78446e-06
-0.000315779
1.60652e-06
-0.000356554
1.37222e-06
-0.000401269
1.09849e-06
-0.000448808
9.13118e-07
-0.000501461
5.54994e-07
-0.000556278
6.14118e-07
-0.000620416
-1.67867e-07
-0.00068268
9.77897e-07
-0.000759201
-1.54835e-06
-0.000844882
2.00808e-06
-0.000888305
-0.00117834
2.93195e-06
-9.04201e-05
3.24957e-06
-0.000103955
3.38994e-06
-0.000140713
2.98521e-06
-0.000158931
2.60552e-06
-0.000187577
2.22195e-06
-0.000213047
2.02145e-06
-0.000244347
1.8994e-06
-0.000277821
1.795e-06
-0.000315689
1.64411e-06
-0.000356389
1.42369e-06
-0.00040107
1.15836e-06
-0.000448528
9.66264e-07
-0.000501272
6.17945e-07
-0.000555929
6.55605e-07
-0.000620453
-9.05035e-08
-0.00068193
1.02471e-06
-0.000760325
-1.51449e-06
-0.00084234
2.13987e-06
-0.000891964
-0.0011762
2.96533e-06
-9.33859e-05
3.24257e-06
-0.000104226
3.28707e-06
-0.000140761
2.85029e-06
-0.000158492
2.45891e-06
-0.000187177
2.10749e-06
-0.000212707
1.94087e-06
-0.00024417
1.85562e-06
-0.000277738
1.78193e-06
-0.000315631
1.65998e-06
-0.000356254
1.45779e-06
-0.000400887
1.2046e-06
-0.000448261
1.00888e-06
-0.000501079
6.74338e-07
-0.000555594
6.91967e-07
-0.000620471
-1.08043e-08
-0.000681223
1.07207e-06
-0.000761416
-1.48136e-06
-0.000839786
2.29255e-06
-0.000895741
-0.0011739
2.97952e-06
-9.63677e-05
3.18407e-06
-0.000104425
3.12404e-06
-0.000140706
2.66067e-06
-0.000158028
2.27175e-06
-0.000186778
1.9654e-06
-0.000212411
1.83828e-06
-0.000244034
1.79066e-06
-0.000277691
1.74761e-06
-0.000315603
1.65494e-06
-0.000356147
1.47404e-06
-0.000400725
1.23726e-06
-0.000448012
1.04099e-06
-0.000500885
7.23652e-07
-0.000555277
7.21356e-07
-0.000620469
6.57335e-08
-0.000680562
1.11497e-06
-0.000762472
-1.44946e-06
-0.000837222
2.46864e-06
-0.000899662
-0.00117143
2.96521e-06
-9.93377e-05
3.06924e-06
-0.000104524
2.89978e-06
-0.000140545
2.42038e-06
-0.000157551
2.04988e-06
-0.000186397
1.80101e-06
-0.00021217
1.71807e-06
-0.000243944
1.70775e-06
-0.000277681
1.69427e-06
-0.000315603
1.63049e-06
-0.000356069
1.47296e-06
-0.000400584
1.25636e-06
-0.000447784
1.06296e-06
-0.000500693
7.65572e-07
-0.000554979
7.40287e-07
-0.000620444
1.35683e-07
-0.000679953
1.15237e-06
-0.000763495
-1.42021e-06
-0.000834651
2.67225e-06
-0.000903756
-0.00116875
2.91352e-06
-0.000102258
2.89567e-06
-0.000104505
2.61573e-06
-0.000140275
2.13627e-06
-0.000157076
1.80072e-06
-0.000186051
1.62064e-06
-0.000211995
1.58535e-06
-0.000243901
1.61111e-06
-0.000277704
1.62501e-06
-0.000315628
1.58918e-06
-0.000356018
1.45626e-06
-0.000400465
1.26242e-06
-0.000447581
1.07534e-06
-0.000500505
8.00647e-07
-0.000554703
7.53634e-07
-0.000620398
2.04895e-07
-0.000679401
1.18168e-06
-0.000764477
-1.3953e-06
-0.000832074
2.90854e-06
-0.000908063
-0.00116584
2.81769e-06
-0.000105083
2.66579e-06
-0.000104353
2.27619e-06
-0.000139895
1.81803e-06
-0.000156624
1.53289e-06
-0.000185755
1.43101e-06
-0.000211896
1.44497e-06
-0.000243908
1.505e-06
-0.00027776
1.54374e-06
-0.000315675
1.53402e-06
-0.000355994
1.42602e-06
-0.000400368
1.25701e-06
-0.000447404
1.07866e-06
-0.000500326
8.29963e-07
-0.000554452
7.60534e-07
-0.00062033
2.74182e-07
-0.000678912
1.18772e-06
-0.000765394
-1.37889e-06
-0.000829505
3.18221e-06
-0.000912628
-0.00116265
2.67366e-06
-0.000107759
2.38271e-06
-0.000104062
1.88922e-06
-0.000139405
1.4759e-06
-0.000156213
1.25489e-06
-0.000185524
1.23911e-06
-0.00021188
1.30258e-06
-0.000243965
1.39431e-06
-0.000277848
1.45481e-06
-0.000315743
1.4687e-06
-0.000355994
1.38499e-06
-0.000400294
1.24217e-06
-0.000447256
1.07366e-06
-0.000500155
8.54653e-07
-0.000554229
7.5966e-07
-0.000620237
3.34613e-07
-0.000678488
1.1652e-06
-0.000766226
-1.34955e-06
-0.000826985
3.49822e-06
-0.00091748
-0.00115915
2.47502e-06
-0.000110229
2.02909e-06
-0.000103614
1.4469e-06
-0.000138823
1.10827e-06
-0.000155874
9.77302e-07
-0.000185386
1.05338e-06
-0.000211956
1.16641e-06
-0.000244074
1.28665e-06
-0.000277966
1.3655e-06
-0.000315828
1.3992e-06
-0.000356016
1.33791e-06
-0.000400239
1.22013e-06
-0.000447135
1.06279e-06
-0.000499995
8.74082e-07
-0.000554035
7.54926e-07
-0.000620119
3.89509e-07
-0.000678125
1.13948e-06
-0.000766976
-1.3169e-06
-0.00082452
3.87058e-06
-0.000922671
-0.00115528
2.06759e-06
-0.000112296
1.60833e-06
-0.00010315
9.26364e-07
-0.000138141
7.46935e-07
-0.000155691
7.10292e-07
-0.000185349
8.78408e-07
-0.000212122
1.03977e-06
-0.000244238
1.1905e-06
-0.000278119
1.28595e-06
-0.00031593
1.33621e-06
-0.000356058
1.29077e-06
-0.000400199
1.19509e-06
-0.000447044
1.04432e-06
-0.000499839
8.90627e-07
-0.000553872
7.37869e-07
-0.000619969
4.59594e-07
-0.000677856
1.06196e-06
-0.000767575
-1.18085e-06
-0.000822256
4.05302e-06
-0.000927911
-0.00115124
-1.00684e-05
-7.8061e-05
-2.42291e-05
-1.02257e-05
-0.000102911
-1.64213e-05
-0.000131798
-1.28665e-05
-0.000159147
-1.11817e-05
-0.00018703
-7.38444e-06
-0.000215884
-4.66162e-06
-0.000246939
-2.15096e-06
-0.000280613
-7.44609e-07
-0.000317319
2.95674e-07
-0.000357073
4.45307e-07
-0.000400346
8.41553e-07
-0.000447425
-1.05141e-08
-0.000498968
1.47589e-06
-0.000555344
-1.67899e-06
-0.000616803
5.93371e-06
-0.000685454
-9.23294e-06
-0.000752386
2.02765e-05
-0.000851725
-3.31277e-05
-0.000874426
-0.00118425
-1.38656e-05
-8.0697e-05
1.67317e-05
-9.97693e-06
-0.00010661
-8.87649e-06
-0.000132902
-8.09001e-06
-0.000159875
-7.44366e-06
-0.000187546
-6.59327e-06
-0.000216765
-5.57382e-06
-0.000247984
-4.4405e-06
-0.000281727
-3.47875e-06
-0.000318293
-2.66366e-06
-0.000357886
-2.11429e-06
-0.000400899
-1.66864e-06
-0.000447854
-1.49363e-06
-0.000499121
-1.10522e-06
-0.000555725
-1.34549e-06
-0.000616565
-8.57833e-08
-0.00068668
-2.28138e-06
-0.000750139
2.82584e-06
-0.000856836
-1.61984e-05
-0.000855419
-0.00120038
-2.3393e-05
-8.68266e-05
2.95628e-05
-1.89937e-05
-0.000110841
-1.57929e-05
-0.000136114
-1.32706e-05
-0.000162374
-1.10671e-05
-0.000189722
-9.14892e-06
-0.000218711
-7.42399e-06
-0.000249724
-5.93991e-06
-0.000283208
-4.76278e-06
-0.000319491
-3.84218e-06
-0.000358838
-3.12713e-06
-0.000401644
-2.57577e-06
-0.000448428
-2.11309e-06
-0.000499609
-1.78089e-06
-0.000556086
-1.4438e-06
-0.000616913
-1.32247e-06
-0.000686764
-1.02723e-06
-0.000750356
-1.42022e-06
-0.000856339
-7.90766e-06
-0.000848922
-0.00120826
-2.72157e-05
-9.23376e-05
3.2737e-05
-2.29584e-05
-0.000115126
-1.95131e-05
-0.000139606
-1.66177e-05
-0.000165265
-1.41763e-05
-0.000192257
-1.20165e-05
-0.000220941
-1.01066e-05
-0.000251674
-8.46036e-06
-0.000284896
-7.07785e-06
-0.000320942
-5.91058e-06
-0.000360083
-4.91631e-06
-0.000402708
-4.0711e-06
-0.000449333
-3.35246e-06
-0.000500393
-2.77031e-06
-0.000556736
-2.23903e-06
-0.000617483
-1.8838e-06
-0.000687164
-1.43947e-06
-0.000750789
-1.40396e-06
-0.000856307
-3.91178e-06
-0.000846378
-0.00121216
-3.01394e-05
-9.73618e-05
3.52331e-05
-2.58628e-05
-0.000119514
-2.21329e-05
-0.000143344
-1.89887e-05
-0.000168494
-1.62941e-05
-0.000195067
-1.39132e-05
-0.000223377
-1.18494e-05
-0.000253785
-1.00964e-05
-0.000286727
-8.60777e-06
-0.00032253
-7.31342e-06
-0.000361474
-6.16337e-06
-0.000403939
-5.14319e-06
-0.000450429
-4.24832e-06
-0.000501366
-3.48245e-06
-0.000557562
-2.76497e-06
-0.000618207
-2.19062e-06
-0.00068776
-1.50746e-06
-0.000751496
-1.06365e-06
-0.000856716
-2.11677e-06
-0.000845308
-0.00121431
-3.17667e-05
-0.000101763
3.61302e-05
-2.78039e-05
-0.000123616
-2.41628e-05
-0.000147031
-2.10042e-05
-0.000171794
-1.81884e-05
-0.000197975
-1.56808e-05
-0.000225935
-1.35034e-05
-0.000256029
-1.16377e-05
-0.000288691
-1.00194e-05
-0.000324252
-8.57653e-06
-0.000363
-7.26437e-06
-0.000405314
-6.08064e-06
-0.000451678
-5.02514e-06
-0.000502497
-4.08802e-06
-0.000558567
-3.22435e-06
-0.000619123
-2.43798e-06
-0.000688533
-1.53565e-06
-0.000752418
-7.84284e-07
-0.000857466
-1.12111e-06
-0.000844996
-0.00121548
-3.2406e-05
-0.000105646
3.61993e-05
-2.87663e-05
-0.00012735
-2.53866e-05
-0.000150511
-2.23013e-05
-0.000174964
-1.94883e-05
-0.000200833
-1.69681e-05
-0.000228497
-1.47601e-05
-0.000258301
-1.28369e-05
-0.000290696
-1.11317e-05
-0.000326026
-9.57546e-06
-0.000364598
-8.14094e-06
-0.000406784
-6.83888e-06
-0.000453031
-5.65628e-06
-0.000503725
-4.56949e-06
-0.000559666
-3.57047e-06
-0.000620162
-2.62637e-06
-0.000689459
-1.53761e-06
-0.000753532
-6.41525e-07
-0.000858388
-4.34334e-07
-0.000845263
-0.00121598
-3.24299e-05
-0.000109027
3.57737e-05
-2.91344e-05
-0.000130688
-2.60185e-05
-0.000153698
-2.3074e-05
-0.000177924
-2.03529e-05
-0.000203575
-1.78817e-05
-0.000231002
-1.56843e-05
-0.000260542
-1.37368e-05
-0.000292687
-1.19744e-05
-0.000327805
-1.03339e-05
-0.000366219
-8.80833e-06
-0.00040829
-7.41684e-06
-0.000454429
-6.13494e-06
-0.000505021
-4.94663e-06
-0.000560849
-3.82932e-06
-0.000621296
-2.74791e-06
-0.000690514
-1.57025e-06
-0.000754729
-5.83089e-07
-0.000859408
1.82128e-07
-0.000846103
-0.00121586
-3.20517e-05
-0.000111972
3.50006e-05
-2.90874e-05
-0.000133668
-2.61876e-05
-0.000156589
-2.34314e-05
-0.000180686
-2.08416e-05
-0.000206192
-1.84429e-05
-0.000233427
-1.62779e-05
-0.000262734
-1.43317e-05
-0.000294655
-1.25418e-05
-0.000329589
-1.08558e-05
-0.000367867
-9.28037e-06
-0.000409829
-7.83175e-06
-0.000455861
-6.47409e-06
-0.000506358
-5.22299e-06
-0.00056208
-4.02682e-06
-0.000622486
-2.85926e-06
-0.000691636
-1.6606e-06
-0.000755927
-5.96057e-07
-0.000860499
8.4598e-07
-0.000847613
-0.00121504
-3.14316e-05
-0.000114596
3.40715e-05
-2.87289e-05
-0.000136358
-2.60428e-05
-0.000159239
-2.34786e-05
-0.000183281
-2.10157e-05
-0.000208688
-1.8696e-05
-0.000235769
-1.65757e-05
-0.000264873
-1.46492e-05
-0.0002966
-1.28559e-05
-0.000331376
-1.11537e-05
-0.000369536
-9.5574e-06
-0.000411398
-8.07916e-06
-0.000457321
-6.6767e-06
-0.000507723
-5.3938e-06
-0.000563337
-4.16199e-06
-0.000623706
-2.96876e-06
-0.000692779
-1.78475e-06
-0.000757097
-6.39258e-07
-0.000861657
1.53394e-06
-0.000849817
-0.0012135
-3.06282e-05
-0.000116977
3.3039e-05
-2.81421e-05
-0.00013883
-2.56779e-05
-0.00016172
-2.32752e-05
-0.000185738
-2.09172e-05
-0.000211079
-1.86759e-05
-0.000238034
-1.66099e-05
-0.000266967
-1.47155e-05
-0.000298524
-1.29346e-05
-0.000333165
-1.1234e-05
-0.000371222
-9.63523e-06
-0.000412992
-8.14898e-06
-0.00045881
-6.73507e-06
-0.000509117
-5.4507e-06
-0.000564612
-4.21684e-06
-0.000624947
-3.04933e-06
-0.000693915
-1.93374e-06
-0.000758202
-7.59609e-07
-0.000862823
1.24782e-06
-0.000851812
-0.00121222
-2.96956e-05
-0.000119161
3.19111e-05
-2.74137e-05
-0.00014114
-2.51371e-05
-0.000164064
-2.28529e-05
-0.000188071
-2.0582e-05
-0.000213375
-1.84115e-05
-0.000240233
-1.63985e-05
-0.000269018
-1.45398e-05
-0.000300426
-1.2782e-05
-0.000334946
-1.10989e-05
-0.000372911
-9.51339e-06
-0.000414596
-8.03873e-06
-0.000460315
-6.64177e-06
-0.000510531
-5.38218e-06
-0.0005659
-4.16749e-06
-0.000626201
-3.04514e-06
-0.000695039
-1.96201e-06
-0.000759286
-6.57316e-07
-0.000864098
1.52394e-06
-0.000853958
-0.00121066
-2.86998e-05
-0.000121189
3.07322e-05
-2.65911e-05
-0.000143314
-2.4429e-05
-0.000166277
-2.22273e-05
-0.000190288
-2.00329e-05
-0.000215577
-1.79224e-05
-0.000242359
-1.59571e-05
-0.000271008
-1.41351e-05
-0.000302279
-1.24089e-05
-0.00033669
-1.07561e-05
-0.00037457
-9.19758e-06
-0.000416178
-7.75196e-06
-0.000461803
-6.39448e-06
-0.000511932
-5.18203e-06
-0.000567168
-4.01218e-06
-0.000627433
-2.96736e-06
-0.000696114
-1.915e-06
-0.000760349
-5.34994e-07
-0.000865453
1.59717e-06
-0.000856053
-0.00120904
-2.76623e-05
-0.000123094
2.95407e-05
-2.5652e-05
-0.000145373
-2.35383e-05
-0.000168378
-2.14001e-05
-0.0001924
-1.92747e-05
-0.000217683
-1.72169e-05
-0.000244394
-1.52954e-05
-0.000272916
-1.35122e-05
-0.000304059
-1.1826e-05
-0.000338368
-1.02155e-05
-0.000376167
-8.69679e-06
-0.000417695
-7.29449e-06
-0.000463223
-5.9921e-06
-0.000513268
-4.84256e-06
-0.000568368
-3.73992e-06
-0.0006286
-2.79355e-06
-0.000697101
-1.8168e-06
-0.000761355
-6.35021e-07
-0.000866623
4.96868e-07
-0.000857159
-0.00120855
-2.65472e-05
-0.000124915
2.83422e-05
-2.45403e-05
-0.000147361
-2.24468e-05
-0.000170415
-2.03678e-05
-0.000194434
-1.83027e-05
-0.000219719
-1.6295e-05
-0.000246361
-1.44163e-05
-0.000274753
-1.26744e-05
-0.000305764
-1.10334e-05
-0.000339967
-9.47524e-06
-0.000377678
-8.01123e-06
-0.000419121
-6.66828e-06
-0.000464546
-5.43366e-06
-0.000514508
-4.35564e-06
-0.000569472
-3.3275e-06
-0.000629676
-2.46349e-06
-0.000697992
-1.5562e-06
-0.000762291
-7.33618e-07
-0.000867437
-6.82126e-08
-0.000857811
-0.00120865
-2.53139e-05
-0.000126714
2.71256e-05
-2.32548e-05
-0.000149356
-2.11737e-05
-0.000172453
-1.91401e-05
-0.000196451
-1.7117e-05
-0.000221734
-1.51431e-05
-0.000248314
-1.33002e-05
-0.000276566
-1.1602e-05
-0.000307428
-1.00157e-05
-0.000341511
-8.52574e-06
-0.000379118
-7.13456e-06
-0.000420461
-5.86884e-06
-0.00046577
-4.71684e-06
-0.000515643
-3.71944e-06
-0.000570464
-2.76409e-06
-0.000630642
-1.96284e-06
-0.000698785
-1.12569e-06
-0.000763127
-6.89839e-07
-0.000867859
1.33737e-06
-0.000859845
-0.00120735
-2.40666e-05
-0.00012861
2.60061e-05
-2.19146e-05
-0.00015148
-1.97816e-05
-0.000174596
-1.77239e-05
-0.000198535
-1.56814e-05
-0.000223796
-1.37262e-05
-0.000250285
-1.19236e-05
-0.000278375
-1.02726e-05
-0.00030907
-8.75153e-06
-0.00034301
-7.34777e-06
-0.000380498
-6.05395e-06
-0.000421735
-4.89042e-06
-0.000466921
-3.84009e-06
-0.000516693
-2.93701e-06
-0.000571355
-2.06933e-06
-0.000631487
-1.32034e-06
-0.000699487
-4.26146e-07
-0.000764004
2.57133e-07
-0.000868553
3.05007e-06
-0.0008627
-0.00120431
-2.28772e-05
-0.000130972
2.52634e-05
-2.03086e-05
-0.000154093
-1.79014e-05
-0.000177014
-1.58053e-05
-0.000200649
-1.38545e-05
-0.000225784
-1.20002e-05
-0.000252189
-1.02658e-05
-0.000280141
-8.67032e-06
-0.000310668
-7.235e-06
-0.000344447
-5.94328e-06
-0.000381819
-4.76985e-06
-0.000422954
-3.72232e-06
-0.000468005
-2.7842e-06
-0.000517644
-1.99182e-06
-0.000572129
-1.25908e-06
-0.000632222
-6.262e-07
-0.00070012
9.13446e-08
-0.00076469
6.74237e-07
-0.00086911
2.99004e-06
-0.000865073
-0.00120133
-2.04109e-05
-0.000134218
2.36433e-05
-1.70043e-05
-0.000157555
-1.42005e-05
-0.000179821
-1.24482e-05
-0.000202417
-1.11733e-05
-0.000227098
-9.72023e-06
-0.000253674
-8.1743e-06
-0.000281682
-6.75076e-06
-0.000312076
-5.50359e-06
-0.000345717
-4.39588e-06
-0.000382979
-3.37384e-06
-0.000423992
-2.45943e-06
-0.000468907
-1.6875e-06
-0.000518467
-1.07494e-06
-0.000572832
-5.0745e-07
-0.000632822
5.50926e-08
-0.000700681
4.80343e-07
-0.000765151
1.17e-06
-0.000869825
3.16003e-06
-0.000867099
-0.00119815
-5.84604e-06
7.76803e-06
-3.28845e-06
-1.22086e-06
-8.48348e-07
-1.66289e-06
-2.36765e-06
-2.62562e-06
-2.64465e-06
-2.52725e-06
-2.32469e-06
-2.05362e-06
-1.75004e-06
-1.44354e-06
-1.17745e-06
-9.47357e-07
-7.36915e-07
-5.17864e-07
5.86168e-07
2.31653e-06
-3.67036e-05
1.26279e-05
-5.77143e-05
3.78142e-05
-6.66257e-05
3.86921e-05
-7.38888e-05
3.99566e-05
-7.96214e-05
4.08362e-05
-8.43287e-05
4.07629e-05
-8.83271e-05
4.0094e-05
-9.17215e-05
3.90955e-05
-9.45804e-05
3.79004e-05
-9.70559e-05
3.66214e-05
-9.92697e-05
3.52607e-05
-0.000101261
3.38493e-05
-0.000103052
3.24725e-05
-0.000104672
3.11558e-05
-0.000106162
2.98751e-05
-0.000107578
2.86063e-05
-0.000109007
2.74566e-05
-0.000110689
2.69036e-05
-0.000113053
2.59804e-05
8.71303e-06
-2.0445e-05
3.32155e-05
-3.75187e-05
5.48448e-05
-4.87289e-05
4.98549e-05
-5.70641e-05
4.83311e-05
-6.32641e-05
4.70296e-05
-6.81915e-05
4.55961e-05
-7.22215e-05
4.40582e-05
-7.55139e-05
4.24358e-05
-7.82264e-05
4.06739e-05
-8.05031e-05
3.88902e-05
-8.24358e-05
3.71483e-05
-8.40421e-05
3.54306e-05
-8.53528e-05
3.37832e-05
-8.64039e-05
3.22088e-05
-8.72279e-05
3.06923e-05
-8.7893e-05
2.92565e-05
-8.84406e-05
2.79829e-05
-8.88599e-05
2.73228e-05
-8.9675e-05
2.67132e-05
8.67262e-06
-1.02361e-05
4.34013e-05
-2.27578e-05
6.7542e-05
-3.32e-05
6.03799e-05
-4.13004e-05
5.63663e-05
-4.74702e-05
5.30978e-05
-5.22681e-05
5.03899e-05
-5.61291e-05
4.79342e-05
-5.92446e-05
4.55675e-05
-6.17557e-05
4.31868e-05
-6.37538e-05
4.08778e-05
-6.53134e-05
3.86952e-05
-6.64376e-05
3.65384e-05
-6.71129e-05
3.44291e-05
-6.73146e-05
3.23798e-05
-6.70343e-05
3.0403e-05
-6.63669e-05
2.85923e-05
-6.54144e-05
2.70322e-05
-6.40298e-05
2.59428e-05
-6.23714e-05
2.50197e-05
7.75905e-06
-3.38918e-06
4.6838e-05
-1.1613e-05
7.57859e-05
-2.01159e-05
6.88546e-05
-2.70492e-05
6.32395e-05
-3.25532e-05
5.85653e-05
-3.68814e-05
5.47515e-05
-4.03768e-05
5.14227e-05
-4.31814e-05
4.83549e-05
-4.5401e-05
4.54074e-05
-4.71027e-05
4.25828e-05
-4.83427e-05
3.99165e-05
-4.90941e-05
3.72462e-05
-4.92309e-05
3.45201e-05
-4.85921e-05
3.17293e-05
-4.70665e-05
2.89111e-05
-4.46934e-05
2.6252e-05
-4.16476e-05
2.39969e-05
-3.77776e-05
2.20567e-05
-3.24418e-05
1.96665e-05
5.33165e-06
3.8992e-07
4.64466e-05
-3.31606e-06
7.94447e-05
-9.1888e-06
7.47398e-05
-1.44921e-05
6.855e-05
-1.88991e-05
6.29784e-05
-2.24341e-05
5.83047e-05
-2.5282e-05
5.42551e-05
-2.75317e-05
5.06011e-05
-2.92815e-05
4.71842e-05
-3.06184e-05
4.39353e-05
-3.15829e-05
4.08546e-05
-3.2132e-05
3.77401e-05
-3.2048e-05
3.43952e-05
-3.10334e-05
3.07256e-05
-2.88782e-05
2.68015e-05
-2.53096e-05
2.27002e-05
-2.02628e-05
1.89289e-05
-1.37475e-05
1.55209e-05
-4.12081e-06
1.00073e-05
-2.27052e-06
2.99369e-06
4.34475e-05
2.96819e-06
7.94818e-05
-2.77563e-07
7.80105e-05
-3.82147e-06
7.20925e-05
-6.9299e-06
6.6096e-05
-9.45627e-06
6.08244e-05
-1.14474e-05
5.62375e-05
-1.29352e-05
5.21029e-05
-1.39995e-05
4.82826e-05
-1.4773e-05
4.47119e-05
-1.53302e-05
4.1364e-05
-1.56618e-05
3.80022e-05
-1.55102e-05
3.42047e-05
-1.46194e-05
2.98502e-05
-1.28202e-05
2.50224e-05
-9.4245e-06
1.92744e-05
-4.33171e-06
1.37636e-05
3.23046e-06
7.87534e-06
1.54311e-05
-2.23926e-06
-1.33178e-05
4.77931e-06
3.86813e-05
7.75498e-06
7.65201e-05
6.80234e-06
7.89526e-05
5.0514e-06
7.38084e-05
3.36793e-06
6.77838e-05
1.89585e-06
6.22868e-05
7.68388e-07
5.73791e-05
-1.64269e-08
5.29192e-05
-5.09183e-07
4.88003e-05
-8.04377e-07
4.49836e-05
-8.94574e-07
4.13774e-05
-7.48942e-07
3.77681e-05
-2.96011e-07
3.37056e-05
6.44553e-07
2.89039e-05
2.18611e-06
2.34372e-05
4.99068e-06
1.6397e-05
9.43035e-06
9.22458e-06
1.71064e-05
4.77324e-08
2.74468e-05
-1.26027e-05
-2.291e-05
5.78301e-06
3.29069e-05
1.11301e-05
7.11415e-05
1.22149e-05
7.78321e-05
1.21607e-05
7.38149e-05
1.18496e-05
6.81001e-05
1.1554e-05
6.25861e-05
1.13631e-05
5.75932e-05
1.12391e-05
5.30747e-05
1.11488e-05
4.88942e-05
1.10035e-05
4.50703e-05
1.08189e-05
4.14541e-05
1.07866e-05
3.76981e-05
1.09531e-05
3.34906e-05
1.13535e-05
2.84687e-05
1.21007e-05
2.25883e-05
1.32771e-05
1.51544e-05
1.6152e-05
6.24714e-06
2.23754e-05
-6.29411e-06
2.99282e-05
-2.01385e-05
-3.08342e-05
5.96056e-06
2.69311e-05
1.32888e-05
6.37542e-05
1.62918e-05
7.47782e-05
1.74788e-05
7.25909e-05
1.8004e-05
6.75742e-05
1.83618e-05
6.22354e-05
1.86501e-05
5.73197e-05
1.88812e-05
5.28551e-05
1.8967e-05
4.87876e-05
1.88198e-05
4.51338e-05
1.83569e-05
4.1793e-05
1.76506e-05
3.83032e-05
1.6763e-05
3.43306e-05
1.56524e-05
2.95202e-05
1.51025e-05
2.30342e-05
1.70734e-05
1.31832e-05
2.28377e-05
4.26443e-07
3.03118e-05
-1.37674e-05
3.68248e-05
-2.6649e-05
-3.69852e-05
5.9618e-06
2.09434e-05
1.53022e-05
5.43382e-05
2.05231e-05
6.94883e-05
2.25408e-05
7.05541e-05
2.33658e-05
6.67413e-05
2.38529e-05
6.1759e-05
2.41482e-05
5.70331e-05
2.41753e-05
5.28282e-05
2.38524e-05
4.90807e-05
2.33205e-05
4.55878e-05
2.2894e-05
4.21171e-05
2.29781e-05
3.81436e-05
2.40172e-05
3.32469e-05
2.64673e-05
2.70003e-05
3.0926e-05
1.85225e-05
3.66594e-05
7.46284e-06
4.26111e-05
-5.55674e-06
4.75704e-05
-1.87114e-05
5.16088e-05
-3.07273e-05
-4.05143e-05
5.46116e-06
1.54541e-05
1.57318e-05
4.3995e-05
2.36367e-05
6.14936e-05
2.77428e-05
6.64399e-05
2.96612e-05
6.48166e-05
3.07455e-05
6.06959e-05
3.16179e-05
5.61732e-05
3.25167e-05
5.19311e-05
3.35323e-05
4.80404e-05
3.47879e-05
4.42722e-05
3.65351e-05
4.02996e-05
3.89953e-05
3.56412e-05
4.22863e-05
2.99262e-05
4.6517e-05
2.27171e-05
5.16457e-05
1.34185e-05
5.69037e-05
2.20203e-06
6.14462e-05
-1.01119e-05
6.48818e-05
-2.2169e-05
6.71139e-05
-3.30094e-05
-4.16466e-05
4.78857e-06
1.06339e-05
1.53672e-05
3.33513e-05
2.55348e-05
5.12334e-05
3.26006e-05
5.93764e-05
3.68667e-05
6.05579e-05
3.94135e-05
5.8177e-05
4.12295e-05
5.43748e-05
4.30659e-05
5.01014e-05
4.52596e-05
4.58287e-05
4.79799e-05
4.15066e-05
5.13468e-05
3.68843e-05
5.53759e-05
3.15869e-05
5.9968e-05
2.53142e-05
6.48931e-05
1.77403e-05
6.98974e-05
8.43372e-06
7.43737e-05
-2.28483e-06
7.76554e-05
-1.34117e-05
7.9575e-05
-2.41276e-05
8.01762e-05
-3.36093e-05
-4.08339e-05
3.95133e-06
6.65284e-06
1.39376e-05
2.32999e-05
2.54805e-05
3.96141e-05
3.53939e-05
4.94646e-05
4.27808e-05
5.31819e-05
4.80743e-05
5.28929e-05
5.19873e-05
5.04679e-05
5.51876e-05
4.69007e-05
5.83264e-05
4.26718e-05
6.18672e-05
3.79356e-05
6.59891e-05
3.27364e-05
7.06413e-05
2.69255e-05
7.56025e-05
2.03439e-05
8.04989e-05
1.28095e-05
8.49203e-05
4.0003e-06
8.83213e-05
-5.71627e-06
9.02608e-05
-1.53718e-05
9.05669e-05
-2.44394e-05
8.94529e-05
-3.24502e-05
-3.83117e-05
2.99232e-06
3.63899e-06
1.1611e-05
1.46208e-05
2.32509e-05
2.79155e-05
3.49128e-05
3.77908e-05
4.49847e-05
4.31151e-05
5.31452e-05
4.47211e-05
5.98124e-05
4.37897e-05
6.54446e-05
4.12569e-05
7.04415e-05
3.76568e-05
7.51242e-05
3.32305e-05
7.97547e-05
2.80856e-05
8.44097e-05
2.22633e-05
8.894e-05
1.5809e-05
9.30189e-05
8.70963e-06
9.61995e-05
7.90551e-07
9.80838e-05
-7.63358e-06
9.8495e-05
-1.57889e-05
9.73177e-05
-2.32331e-05
9.46258e-05
-2.97396e-05
-3.41494e-05
2.06595e-06
1.55859e-06
8.87349e-06
7.74578e-06
1.9386e-05
1.73426e-05
3.12798e-05
2.58698e-05
4.27576e-05
3.16328e-05
5.30177e-05
3.44492e-05
6.19254e-05
3.48735e-05
6.96094e-05
3.35706e-05
7.62979e-05
3.09715e-05
8.21889e-05
2.7344e-05
8.74304e-05
2.28447e-05
9.21095e-05
1.75844e-05
9.61911e-05
1.17268e-05
9.94495e-05
5.44402e-06
0.000101549
-1.32238e-06
0.0001022
-8.28494e-06
0.000101279
-1.48598e-05
9.8784e-05
-2.07479e-05
9.48725e-05
-2.58083e-05
-2.86674e-05
1.38728e-06
1.57098e-07
6.39831e-06
2.6714e-06
1.50387e-05
8.66801e-06
2.58034e-05
1.50951e-05
3.71031e-05
2.03306e-05
4.79594e-05
2.35909e-05
5.79319e-05
2.49028e-05
6.69158e-05
2.45986e-05
7.48951e-05
2.3014e-05
8.18543e-05
2.04035e-05
8.7764e-05
1.69361e-05
9.25811e-05
1.27544e-05
9.62878e-05
8.00916e-06
9.87702e-05
2.96466e-06
9.99094e-05
-2.44263e-06
9.95562e-05
-7.88608e-06
9.76567e-05
-1.29211e-05
9.42345e-05
-1.73666e-05
8.94576e-05
-2.1053e-05
-2.25041e-05
1.20548e-06
-1.06724e-06
4.9301e-06
-1.09512e-06
1.15683e-05
2.05033e-06
2.02661e-05
6.41608e-06
2.99767e-05
1.06366e-05
3.98658e-05
1.37141e-05
4.93736e-05
1.53972e-05
5.82147e-05
1.57533e-05
6.62344e-05
1.49896e-05
7.33058e-05
1.33229e-05
7.92983e-05
1.09221e-05
8.40876e-05
7.93752e-06
8.75685e-05
4.51022e-06
8.96586e-05
8.68653e-07
9.02789e-05
-3.07189e-06
8.9256e-05
-6.87472e-06
8.67024e-05
-1.03724e-05
8.27626e-05
-1.33976e-05
7.74191e-05
-1.5722e-05
-1.59493e-05
1.61265e-06
-2.68979e-06
5.0452e-06
-4.53631e-06
9.89599e-06
-2.78212e-06
1.58216e-05
4.95984e-07
2.25983e-05
3.85531e-06
2.9922e-05
6.36371e-06
3.74811e-05
7.79424e-06
4.48867e-05
8.3078e-06
5.18284e-05
8.02717e-06
5.80507e-05
7.0965e-06
6.3326e-05
5.6515e-06
6.74661e-05
3.81687e-06
7.0329e-05
1.69321e-06
7.18903e-05
-6.2696e-07
7.20304e-05
-3.15397e-06
7.06661e-05
-5.48266e-06
6.78804e-05
-7.58951e-06
6.3883e-05
-9.34685e-06
5.86011e-05
-1.04728e-05
-9.93215e-06
5.64892e-07
-3.24673e-06
2.04432e-06
-5.99256e-06
4.31639e-06
-5.04508e-06
7.54941e-06
-2.71968e-06
1.19446e-05
-5.29495e-07
1.71733e-05
1.1284e-06
2.29072e-05
2.03998e-06
2.8783e-05
2.40552e-06
3.4438e-05
2.34013e-06
3.95131e-05
1.97575e-06
4.36994e-05
1.39912e-06
4.67317e-05
7.03692e-07
4.83503e-05
-9.00297e-09
4.8391e-05
-7.47725e-07
4.67707e-05
-1.59024e-06
4.37194e-05
-2.43719e-06
3.94238e-05
-3.27513e-06
3.42184e-05
-4.18508e-06
2.88919e-05
-5.15601e-06
-5.93835e-06
-3.2445e-06
-9.24597e-06
-1.42953e-05
-1.70133e-05
-1.75371e-05
-1.64005e-05
-1.43512e-05
-1.19382e-05
-9.59511e-06
-7.61765e-06
-6.20883e-06
-5.48101e-06
-5.46096e-06
-6.19867e-06
-7.79806e-06
-1.02278e-05
-1.34695e-05
-1.76937e-05
-2.27918e-05
)
;

boundaryField
{
    right
    {
        type            cyclic;
        value           nonuniform List<scalar> 
40
(
0.00119598
0.000869037
0.000870989
0.000765384
0.000700921
0.00063301
0.000573019
0.00051872
0.000469221
0.000424323
0.000383258
0.000345904
0.000312108
0.000281456
0.000253003
0.000226327
0.000202794
0.00018184
0.000160101
0.000136041
0.000113844
8.95968e-05
6.16096e-05
3.03348e-05
-3.03452e-06
-2.60535e-05
-3.6832e-05
-3.77659e-05
-4.28162e-05
-5.50462e-05
-6.80978e-05
-7.89492e-05
-8.66331e-05
-9.04554e-05
-8.96699e-05
-8.33315e-05
-7.09434e-05
-5.26044e-05
-2.47919e-05
2.86713e-05
)
;
    }
    left
    {
        type            cyclic;
        value           nonuniform List<scalar> 
40
(
-0.00119598
-0.000869037
-0.000870989
-0.000765384
-0.000700921
-0.00063301
-0.000573019
-0.00051872
-0.000469221
-0.000424323
-0.000383258
-0.000345904
-0.000312108
-0.000281456
-0.000253003
-0.000226327
-0.000202794
-0.00018184
-0.000160101
-0.000136041
-0.000113844
-8.95968e-05
-6.16096e-05
-3.03348e-05
3.03452e-06
2.60535e-05
3.6832e-05
3.77659e-05
4.28162e-05
5.50462e-05
6.80978e-05
7.89492e-05
8.66331e-05
9.04554e-05
8.96699e-05
8.33315e-05
7.09434e-05
5.26044e-05
2.47919e-05
-2.86713e-05
)
;
    }
    outerWall
    {
        type            calculated;
        value           uniform 0;
    }
    stirrerWall
    {
        type            calculated;
        value           uniform 0;
    }
    top
    {
        type            empty;
        value           nonuniform List<scalar> 0();
    }
    bottom
    {
        type            empty;
        value           nonuniform List<scalar> 0();
    }
}


// ************************************************************************* //
