/*--------------------------------*- C++ -*----------------------------------*\
  =========                 |
  \\      /  F ield         | OpenFOAM: The Open Source CFD Toolbox
   \\    /   O peration     | Website:  https://openfoam.org
    \\  /    A nd           | Version:  10
     \\/     M anipulation  |
\*---------------------------------------------------------------------------*/
FoamFile
{
    format      ascii;
    class       volVectorField;
    location    "800";
    object      U;
}
// * * * * * * * * * * * * * * * * * * * * * * * * * * * * * * * * * * * * * //

dimensions      [0 1 -1 0 0 0 0];

internalField   nonuniform List<vector> 
2000
(
(4.14424 39.894 2.24502e-17)
(1.2645 50.6222 1.34993e-17)
(2.44642 58.0132 -1.07993e-17)
(3.89432 64.1276 0)
(5.18846 69.3882 0)
(6.34448 73.6729 3.72366e-16)
(7.23767 77.069 -4.48699e-16)
(7.87973 79.7157 -5.33599e-16)
(8.04139 81.7343 6.35527e-16)
(7.79773 83.2279 7.7254e-16)
(7.0151 84.3909 9.65502e-16)
(5.73841 85.7036 0)
(4.20843 88.1185 1.59708e-15)
(3.74123 91.0936 2.04777e-15)
(2.43717 92.4233 2.83986e-15)
(0.97724 91.5909 3.31559e-15)
(0.416164 88.9464 -2.25353e-15)
(-0.282218 86.8235 8.75137e-16)
(-0.724056 85.1961 7.61836e-16)
(-1.01098 84.1804 2.90123e-15)
(2.30998 40.8718 -1.19039e-16)
(-2.28107 50.7283 -3.24094e-18)
(-0.930645 57.2901 -2.02372e-16)
(-0.0888526 63.1857 -7.49485e-16)
(1.16767 68.3145 1.37152e-16)
(2.56337 72.5785 -1.67933e-15)
(3.80633 76.1241 9.15666e-16)
(4.77901 79.0628 1.6721e-15)
(5.26482 81.467 6.33171e-16)
(5.19999 83.4111 7.48157e-16)
(4.56159 85.0696 -1.79172e-15)
(3.37435 86.7928 -1.08002e-15)
(1.86552 89.0228 -1.4041e-15)
(1.05115 91.4281 -1.74648e-15)
(0.985559 92.875 -7.7661e-15)
(0.246168 93.1352 -4.5816e-15)
(-0.478026 89.904 7.63681e-15)
(-1.52274 87.5671 -5.6439e-15)
(-2.23559 85.7248 0)
(-2.71195 84.462 -4.39378e-15)
(0.622185 40.329 7.67372e-17)
(-3.87205 50.108 -1.19829e-16)
(-2.53275 56.6054 1.90092e-16)
(-1.97293 62.2734 6.99207e-16)
(-0.971069 67.2245 1.3522e-15)
(0.251362 71.4765 3.68326e-16)
(1.37477 75.156 9.77189e-16)
(2.26488 78.3594 -1.64567e-15)
(2.76839 81.1191 -1.29202e-15)
(2.80954 83.5432 -1.48425e-15)
(2.38976 85.6422 1.72751e-15)
(1.53175 87.7196 0)
(0.53001 89.8683 -4.72901e-15)
(-0.0361435 91.8553 0)
(-0.185684 93.1431 0)
(-0.962491 93.9634 0)
(-2.00584 91.4172 6.3833e-15)
(-2.98535 88.5758 -8.04723e-15)
(-3.81893 86.4363 0)
(-4.40512 84.9051 3.01675e-15)
(-1.03894 39.7953 1.00485e-17)
(-5.27359 49.0884 2.41738e-16)
(-3.88905 55.7102 0)
(-3.30592 61.169 1.3262e-15)
(-2.52126 65.9494 4.98699e-16)
(-1.53634 70.1634 2.14105e-16)
(-0.618218 73.9275 -1.77603e-17)
(0.110455 77.3357 3.23928e-15)
(0.54077 80.4172 0)
(0.622316 83.1852 1.29477e-15)
(0.351419 85.6726 1.50904e-15)
(-0.299439 88.013 3.59741e-15)
(-1.05068 90.1647 4.23933e-15)
(-1.58704 92.0869 1.00613e-14)
(-1.91195 93.3933 -6.20115e-15)
(-2.3719 94.2321 -5.07661e-16)
(-3.65181 92.8805 2.24381e-14)
(-4.46582 89.7022 8.4618e-15)
(-5.38463 87.2834 6.99687e-15)
(-6.04841 85.4996 6.13587e-15)
(-2.65756 39.1683 0)
(-6.88252 47.8319 -5.15013e-16)
(-5.44218 54.5866 -4.52201e-16)
(-4.77583 59.9347 -1.64541e-15)
(-4.11566 64.608 -2.19007e-15)
(-3.3177 68.7833 7.37748e-16)
(-2.58126 72.5901 -1.98933e-15)
(-2.01278 76.13 -3.22375e-15)
(-1.67173 79.4389 -1.14028e-15)
(-1.58884 82.496 1.29754e-16)
(-1.79906 85.305 -2.82835e-15)
(-2.3464 87.8586 -3.37083e-15)
(-2.99814 90.091 -3.67576e-15)
(-3.54741 92.0938 -4.38378e-15)
(-3.85792 93.5592 0)
(-4.08455 94.52 2.27721e-16)
(-5.57536 94.1925 2.69735e-16)
(-5.97919 90.7153 -7.8129e-15)
(-6.89404 88.1123 -1.98955e-14)
(-7.63761 86.1866 5.41536e-15)
(-4.2059 38.5232 0)
(-8.72047 46.4437 2.77247e-16)
(-7.23929 53.2164 0)
(-6.49132 58.5482 1.05259e-15)
(-5.89021 63.1941 2.69293e-15)
(-5.23396 67.3667 0)
(-4.65936 71.2043 3.81043e-15)
(-4.24088 74.8184 6.48705e-15)
(-4.00317 78.2679 0)
(-3.95482 81.5373 -2.31198e-15)
(-4.15536 84.6075 5.76543e-15)
(-4.65711 87.3723 2.86032e-16)
(-5.29626 89.7637 3.72904e-15)
(-5.86582 91.8659 -3.67181e-15)
(-6.20001 93.4544 0)
(-6.1767 94.6765 -1.1941e-14)
(-7.70998 95.4216 -9.2431e-15)
(-7.68588 91.7796 0)
(-8.54679 89.0244 1.22677e-14)
(-9.34973 87.004 -2.09261e-14)
(-5.67333 37.9311 2.02083e-16)
(-10.6073 45.0408 -3.17514e-19)
(-9.21581 51.6064 -8.48131e-16)
(-8.40965 56.9395 -4.0623e-16)
(-7.83806 61.6289 -1.51607e-16)
(-7.30121 65.8584 -1.88321e-15)
(-6.88623 69.7469 3.63319e-15)
(-6.6186 73.4076 -6.34848e-15)
(-6.50688 76.9324 -6.96929e-15)
(-6.53601 80.3353 4.77783e-15)
(-6.76916 83.5921 -2.9037e-15)
(-7.26168 86.5875 -2.93582e-15)
(-7.88563 89.1563 2.9089e-15)
(-8.45518 91.3995 -6.64086e-15)
(-8.89898 93.0717 0)
(-8.89585 94.3151 2.13669e-14)
(-10.045 95.5965 -3.0449e-14)
(-9.83569 92.6501 1.2101e-14)
(-10.4949 89.8784 1.12185e-14)
(-11.3157 87.8564 4.00423e-16)
(-7.08059 37.3796 3.7809e-17)
(-12.4889 43.7192 -3.09145e-16)
(-11.2726 49.8327 1.21084e-15)
(-10.472 55.0995 -1.67681e-15)
(-9.93595 59.8672 -2.87623e-15)
(-9.51191 64.2046 0)
(-9.258 68.1806 -3.91435e-15)
(-9.15866 71.8939 0)
(-9.2072 75.4557 4.63293e-15)
(-9.34444 78.9189 0)
(-9.66544 82.2846 0)
(-10.1657 85.4236 -4.47825e-16)
(-10.7644 88.2594 1.1075e-14)
(-11.2663 90.6928 6.38539e-15)
(-11.7216 92.4585 6.23684e-16)
(-11.7877 93.6429 -8.53079e-15)
(-12.4965 95.06 0)
(-12.5006 93.1409 0)
(-12.8764 90.5215 9.67887e-15)
(-13.7171 88.6312 1.83231e-14)
(-8.46046 36.8878 -1.77046e-16)
(-14.3277 42.5555 -3.75201e-16)
(-13.3318 47.9942 8.17933e-16)
(-12.6359 53.0616 -7.52095e-16)
(-12.1747 57.8927 -1.65866e-15)
(-11.871 62.3638 1.45539e-15)
(-11.7785 66.4615 2.05492e-15)
(-11.8616 70.2538 -1.87297e-15)
(-12.1012 73.848 0)
(-12.4157 77.3204 -4.77689e-15)
(-12.8601 80.7115 4.40307e-15)
(-13.4041 83.9903 -4.9873e-15)
(-13.9968 86.9434 0)
(-14.4239 89.5112 1.01266e-16)
(-14.852 91.5531 5.5275e-16)
(-15.0042 92.7313 8.4842e-15)
(-15.47 94.2919 -2.03373e-14)
(-15.6711 93.2144 9.68205e-15)
(-15.8664 90.8892 -9.19477e-15)
(-16.7405 89.2323 -8.5999e-15)
(-9.83689 36.4501 0)
(-16.0501 41.463 -3.551e-17)
(-15.2854 46.1938 -1.64345e-15)
(-14.894 50.9197 1.38965e-16)
(-14.5575 55.7143 0)
(-14.4047 60.2966 0)
(-14.4801 64.5314 -5.63428e-15)
(-14.7456 68.4347 1.84422e-15)
(-15.1784 72.0772 -8.5447e-15)
(-15.7118 75.5428 -4.95611e-16)
(-16.3139 78.9044 8.83086e-15)
(-16.9544 82.2201 -4.26304e-15)
(-17.5773 85.3231 4.75236e-16)
(-17.9968 87.8668 5.71268e-16)
(-18.4357 90.1999 -5.68064e-15)
(-18.6592 91.4256 0)
(-19.1823 93.0848 -9.52377e-15)
(-19.4859 92.6535 3.72847e-14)
(-19.6013 90.8278 -1.5987e-14)
(-20.5159 89.5273 7.7885e-15)
(-11.2373 36.0563 4.52489e-17)
(-17.6918 40.4026 6.01691e-16)
(-17.0983 44.4871 1.60122e-15)
(-17.1683 48.7588 1.0688e-15)
(-17.0845 53.4047 1.36731e-15)
(-17.136 57.9913 0)
(-17.4127 62.3322 1.8826e-15)
(-17.8618 66.3595 1.8465e-15)
(-18.4926 70.0874 -4.07008e-15)
(-19.2661 73.5588 8.48752e-15)
(-20.1007 76.8452 4.49201e-15)
(-20.8518 80.1067 -4.47601e-15)
(-21.5303 83.2439 8.83812e-15)
(-21.9923 86.025 4.60265e-15)
(-22.4296 88.2861 5.97446e-15)
(-22.7888 89.7075 8.51592e-16)
(-23.245 91.4669 -7.81841e-15)
(-23.8322 91.5479 -4.87623e-16)
(-24.0802 90.3159 -1.64505e-14)
(-25.2537 89.4549 -9.03701e-15)
(-12.6888 35.7053 0)
(-19.3055 39.3904 -5.53187e-16)
(-18.918 42.8876 5.42476e-16)
(-19.4308 46.671 -1.42287e-15)
(-19.7287 51.0536 3.34417e-15)
(-20.0631 55.5383 -1.71044e-15)
(-20.603 59.8513 0)
(-21.2876 63.9538 0)
(-22.1313 67.7824 4.41911e-15)
(-23.1461 71.2977 0)
(-24.2401 74.5135 -2.32159e-18)
(-25.1689 77.6471 -8.38105e-15)
(-25.9283 80.766 4.11025e-15)
(-26.4599 83.5935 -4.84907e-15)
(-26.9205 85.9602 0)
(-27.3955 87.5831 6.30266e-15)
(-28.0283 89.4514 0)
(-28.7635 89.959 -8.36927e-15)
(-29.3549 89.3157 -1.59061e-14)
(-30.6655 88.934 1.44136e-14)
(-14.1746 35.3957 7.51766e-17)
(-20.9666 38.4246 -7.74138e-16)
(-20.8948 41.4105 0)
(-21.8334 44.7388 -2.29713e-15)
(-22.5432 48.7122 -1.37858e-15)
(-23.2889 52.9591 -1.84214e-15)
(-24.0779 57.1868 0)
(-25.0954 61.217 0)
(-26.1908 65.097 4.41689e-15)
(-27.4711 68.6836 0)
(-28.8584 71.842 4.64541e-15)
(-30.015 74.7782 -4.14329e-15)
(-30.8872 77.7643 -4.14973e-15)
(-31.5167 80.5613 6.22594e-16)
(-32.0499 82.9891 -1.65031e-14)
(-32.6453 84.7909 5.35181e-15)
(-33.4778 86.7689 -7.57093e-15)
(-34.5206 87.7027 0)
(-35.6558 87.7126 -7.45074e-15)
(-37.5076 87.8768 2.41258e-14)
(-15.7015 35.1386 -2.11966e-16)
(-22.7413 37.5305 1.51557e-15)
(-23.0993 40.0438 -5.45796e-16)
(-24.4185 42.8871 2.26555e-15)
(-25.542 46.4331 3.30354e-15)
(-26.793 50.3339 -4.7296e-15)
(-27.9268 54.4593 1.05135e-14)
(-29.2581 58.3432 -1.07924e-14)
(-30.7105 62.1469 -4.40794e-16)
(-32.3418 65.7599 -5.37835e-15)
(-34.0904 68.8268 1.48869e-14)
(-35.5384 71.4536 -9.77792e-15)
(-36.5549 74.1238 4.99063e-15)
(-37.2818 76.8161 0)
(-37.98 79.2485 0)
(-38.8177 81.1592 0)
(-39.9776 83.1739 9.53454e-15)
(-41.6067 84.6487 8.4673e-16)
(-43.46 85.4082 -7.91632e-15)
(-45.6439 86.1501 -9.00614e-15)
(-17.2746 34.9581 1.41965e-17)
(-24.6549 36.7488 -1.86803e-15)
(-25.4749 38.853 -9.12692e-16)
(-27.2632 41.1679 8.92992e-16)
(-28.8925 44.1359 1.70394e-15)
(-30.4426 47.5991 -1.96502e-15)
(-31.7818 51.5026 0)
(-33.1344 55.4368 0)
(-35.2171 59.2331 0)
(-37.4443 62.85 0)
(-39.8072 65.8253 -1.31894e-14)
(-41.7635 68.0709 1.97024e-14)
(-43.0691 70.2032 -5.9532e-15)
(-43.9865 72.5424 0)
(-44.9926 74.8618 0)
(-46.3625 76.858 0)
(-48.3121 78.8149 1.92597e-14)
(-50.7568 81.0698 1.10142e-15)
(-53.2803 82.7596 1.27644e-15)
(-55.063 83.8183 0)
(-18.8887 34.8779 0)
(-26.6502 36.0972 4.0499e-15)
(-27.8969 37.9039 -9.8529e-16)
(-30.1469 39.8036 5.53969e-15)
(-32.4645 42.257 -6.05631e-15)
(-34.8957 45.1505 0)
(-36.9399 48.3122 0)
(-38.0898 51.4612 1.50292e-14)
(-39.5033 55.2365 0)
(-42.0157 59.2572 0)
(-44.0812 62.5155 -1.95863e-14)
(-45.6248 64.7589 3.24552e-14)
(-47.8711 66.3423 -9.80007e-15)
(-50.2161 68.2832 -4.25113e-14)
(-52.4395 70.7097 -2.80462e-15)
(-54.946 73.0729 -3.21952e-15)
(-57.9893 74.9993 5.54182e-14)
(-60.8948 76.8375 3.21847e-14)
(-62.8357 77.3214 0)
(-61.1177 78.2858 -4.15621e-14)
(-20.5895 34.7968 0)
(-28.6212 35.5461 -2.24211e-15)
(-30.1743 37.1967 3.77444e-15)
(-32.7655 38.8722 -3.2338e-15)
(-35.61 41.0059 4.47889e-15)
(-38.7439 43.6771 0)
(-41.8892 46.6014 0)
(-44.8203 49.495 1.34349e-15)
(-47.132 52.2944 -6.94847e-15)
(-49.63 55.6527 6.89796e-15)
(-51.9167 58.9705 1.54343e-14)
(-54.1436 62.4447 -1.72533e-14)
(-55.0926 65.3159 -4.43012e-14)
(-54.8654 66.8335 4.89264e-14)
(-55.7125 68.4225 2.89582e-14)
(-58.0098 71.1331 -3.63632e-14)
(-60.3639 74.5937 -1.30157e-15)
(-61.8486 77.3995 -3.05122e-14)
(-61.7733 78.1362 -3.12208e-14)
(-60.8953 77.5154 5.59112e-14)
(-22.4007 34.6838 0)
(-30.4347 35.0504 2.78395e-15)
(-32.105 36.7011 -4.04642e-15)
(-34.8112 38.2933 4.20911e-15)
(-37.7633 40.2225 1.55195e-15)
(-40.9491 42.6842 0)
(-44.2608 45.6848 0)
(-47.6071 49.1647 -4.58406e-15)
(-50.6025 52.8066 -6.63338e-16)
(-53.6898 56.6092 6.43819e-15)
(-55.7918 60.156 0)
(-56.9008 62.952 0)
(-57.1263 64.8867 1.93013e-14)
(-58.3721 67.6481 2.2036e-16)
(-60.8158 71.4006 2.43707e-14)
(-62.7063 74.6412 -2.25159e-14)
(-63.4345 76.9992 0)
(-63.1764 78.2716 0)
(-61.6581 76.958 0)
(-61.0967 75.5565 0)
(-24.3316 34.3533 2.81199e-16)
(-31.7607 34.4863 -6.20266e-15)
(-33.3817 36.2692 6.54937e-15)
(-36.052 37.874 -8.14317e-15)
(-38.7916 39.6008 -5.01877e-15)
(-41.3895 41.6248 1.5655e-14)
(-43.7045 43.9867 0)
(-45.6544 46.6202 -1.41757e-14)
(-47.2792 49.5525 -9.01404e-15)
(-48.7776 52.7964 8.93603e-15)
(-49.8046 56.2082 3.22582e-14)
(-50.5997 59.5813 -3.42606e-14)
(-51.5668 62.7121 5.09249e-14)
(-53.2284 65.6902 -2.39549e-14)
(-54.9584 68.581 2.79356e-14)
(-55.9074 71.2883 -6.03479e-14)
(-56.5999 74.1566 3.73419e-14)
(-57.7806 76.9726 -3.97201e-14)
(-58.5474 77.042 0)
(-62.0093 76.7362 0)
(-26.9834 33.6497 0)
(-32.5446 34.3759 1.87816e-15)
(-33.7979 36.7523 -3.79486e-15)
(-35.9793 38.9395 0)
(-38.1801 41.0005 0)
(-40.2987 43.0905 -1.00362e-14)
(-42.3242 45.3546 -6.81512e-15)
(-44.314 47.9173 6.85576e-15)
(-46.2509 50.9477 0)
(-48.1544 54.4893 0)
(-49.9207 58.4242 -2.40715e-14)
(-51.5191 62.3765 0)
(-53.0397 66.0882 -3.23656e-14)
(-54.4703 69.2127 -3.48172e-14)
(-55.577 71.5659 6.52412e-14)
(-56.5092 73.3972 3.41689e-14)
(-57.8128 75.03 0)
(-59.4216 76.854 3.61351e-14)
(-61.0268 77.8212 3.85222e-14)
(-64.4694 78.0874 -4.28328e-14)
(-1.11086 83.8707 -1.32215e-15)
(-1.0345 84.3933 -2.42465e-17)
(-0.882364 85.8006 1.18577e-15)
(-0.908173 87.7745 -1.17712e-15)
(-1.15595 89.7563 1.07064e-15)
(-1.38064 91.7109 -1.05798e-15)
(-1.52711 93.8862 9.61149e-16)
(-1.65437 96.27 9.46851e-16)
(-1.76438 98.7806 -8.54859e-16)
(-1.8539 101.414 -1.65122e-15)
(-1.92391 104.2 -3.16256e-15)
(-1.99124 107.168 1.45307e-15)
(-2.04702 110.289 0)
(-2.11079 113.597 0)
(-2.21366 117.06 -2.62114e-15)
(-2.09769 120.562 0)
(-2.82771 125.012 0)
(-0.815503 127.176 1.13332e-15)
(-7.75407 137.553 -1.09083e-15)
(11.8312 127.142 3.6134e-15)
(-2.9957 83.9338 -2.79145e-15)
(-3.12354 84.3388 -1.38523e-15)
(-3.18417 85.7769 -5.05802e-17)
(-3.42877 87.8604 -2.33687e-15)
(-3.88156 89.8828 -4.52002e-15)
(-4.26939 91.8002 4.10452e-15)
(-4.57372 93.9295 7.98551e-17)
(-4.86117 96.271 -3.65833e-15)
(-5.13129 98.7435 -3.52052e-15)
(-5.3765 101.344 -1.73343e-15)
(-5.59705 104.102 4.63448e-15)
(-5.81466 107.048 2.91618e-15)
(-6.01359 110.155 8.48795e-15)
(-6.23411 113.45 0)
(-6.47315 116.907 7.87254e-15)
(-6.53081 120.404 -5.13988e-15)
(-7.41301 124.826 9.49834e-15)
(-5.53846 127.004 4.53247e-15)
(-12.825 137.101 -4.36526e-15)
(6.96882 127.603 8.86111e-19)
(-4.8302 84.1518 -5.69384e-15)
(-5.14194 84.4282 5.10959e-15)
(-5.42224 85.8745 1.25442e-14)
(-5.91326 88.0193 -2.27648e-15)
(-6.59016 90.0326 0)
(-7.15776 91.8885 -8.65955e-17)
(-7.6261 93.9556 3.921e-15)
(-8.07346 96.2394 0)
(-8.49781 98.6575 3.54158e-15)
(-8.89402 101.21 -6.81724e-15)
(-9.26395 103.929 6.15816e-15)
(-9.63199 106.841 -5.98183e-15)
(-9.97381 109.923 1.39225e-16)
(-10.3518 113.189 -5.34635e-15)
(-10.7242 116.63 -5.2529e-15)
(-10.9573 120.105 0)
(-11.9809 124.495 -4.81286e-15)
(-10.2404 126.691 0)
(-17.8704 136.482 -8.9469e-15)
(2.20393 127.861 0)
(-6.59791 84.5357 1.29332e-16)
(-7.10721 84.6915 -5.04085e-15)
(-7.64424 86.1314 -9.77272e-15)
(-8.41703 88.2884 0)
(-9.33449 90.2375 -9.07386e-15)
(-10.0877 91.9935 4.03283e-15)
(-10.7219 93.9689 3.98489e-15)
(-11.3259 96.168 7.51708e-15)
(-11.899 98.5055 -7.07432e-15)
(-12.4388 100.987 6.81095e-15)
(-12.9499 103.648 2.85131e-16)
(-13.4605 106.512 -5.84404e-15)
(-13.9402 109.56 0)
(-14.4711 112.785 1.09608e-14)
(-14.9717 116.208 -1.07801e-14)
(-15.3782 119.646 -2.60861e-16)
(-16.5337 124.009 -9.90409e-15)
(-14.9278 126.22 8.8145e-15)
(-22.8682 135.666 9.52714e-15)
(-2.547 127.966 3.04856e-16)
(-8.33547 85.0867 2.13049e-14)
(-9.07324 85.1559 -1.4754e-14)
(-9.90671 86.5789 4.5644e-15)
(-10.9905 88.6959 0)
(-12.1533 90.5121 0)
(-13.086 92.1169 -8.49458e-15)
(-13.8801 93.9638 1.56378e-14)
(-14.6322 96.0489 -1.5112e-14)
(-15.3426 98.2837 6.58527e-15)
(-16.0132 100.678 1.29963e-14)
(-16.6538 103.268 1.28571e-14)
(-17.2969 106.071 -1.19522e-14)
(-17.9079 109.077 1.11486e-14)
(-18.5844 112.247 5.26264e-18)
(-19.2102 115.652 1.07823e-14)
(-19.7868 119.034 2.54289e-16)
(-21.0684 123.375 -9.91161e-15)
(-19.5997 125.589 1.74723e-14)
(-27.8506 134.663 -1.78721e-14)
(-7.29632 127.915 -1.46018e-14)
(-10.1815 85.8132 5.1448e-15)
(-11.154 85.8333 -4.28648e-15)
(-12.3116 87.2349 2.30757e-16)
(-13.7232 89.246 0)
(-15.1151 90.8448 0)
(-16.2014 92.2414 -1.68116e-14)
(-17.1331 93.9238 1.53398e-14)
(-18.0125 95.8697 3.00591e-14)
(-18.8405 97.9837 -2.07655e-14)
(-19.625 100.276 -1.35565e-14)
(-20.3816 102.783 2.51031e-14)
(-21.1455 105.512 -4.77442e-14)
(-21.8808 108.467 1.08658e-14)
(-22.6925 111.569 1.06847e-14)
(-23.4398 114.956 1.07861e-14)
(-24.1785 118.263 -9.77888e-15)
(-25.5812 122.591 0)
(-24.25 124.794 1.81386e-14)
(-32.7771 133.472 1.90163e-14)
(-12.0547 127.701 1.52432e-14)
(-12.2759 86.6626 -9.18608e-15)
(-13.4981 86.6941 0)
(-15.0014 88.0723 1.81656e-14)
(-16.7297 89.8964 -1.71352e-14)
(-18.2949 91.1838 0)
(-19.4789 92.3225 0)
(-20.5079 93.8145 -7.80875e-15)
(-21.4827 95.6032 -2.96145e-14)
(-22.4024 97.5832 1.39873e-14)
(-23.2811 99.7638 0)
(-24.1388 102.179 0)
(-25.01 104.828 1.19233e-14)
(-25.8608 107.725 -1.14063e-14)
(-26.7942 110.748 -1.09413e-14)
(-27.6603 114.118 -2.15831e-14)
(-28.5478 117.329 1.95561e-14)
(-30.0713 121.658 5.34896e-16)
(-28.8753 123.826 5.07139e-16)
(-37.6494 132.098 -1.78234e-14)
(-16.8263 127.319 -1.466e-14)
(-14.8146 87.5433 -8.25257e-15)
(-16.294 87.6605 -1.75318e-14)
(-18.1415 89.0158 -8.83966e-16)
(-20.127 90.5602 2.54479e-14)
(-21.7575 91.4495 0)
(-22.9535 92.3034 1.61492e-14)
(-24.0229 93.5951 -1.58718e-14)
(-25.0502 95.218 1.41301e-14)
(-26.0294 97.057 1.36254e-14)
(-26.9783 99.1207 -1.35169e-14)
(-27.9197 101.442 1.22319e-14)
(-28.883 104.004 0)
(-29.8411 106.842 -2.33759e-14)
(-30.8816 109.779 4.37835e-14)
(-31.8686 113.134 -4.16032e-14)
(-32.8881 116.228 0)
(-34.5371 120.575 -1.33653e-17)
(-33.47 122.682 -1.77323e-14)
(-42.4605 130.55 3.63251e-14)
(-21.6107 126.761 -4.34846e-14)
(-17.9931 88.3493 -4.92569e-16)
(-19.7357 88.6292 2.48933e-14)
(-21.895 89.9451 -1.65561e-14)
(-24.0047 91.1006 -8.64684e-15)
(-25.5336 91.5338 1.66682e-14)
(-26.6383 92.1159 -3.27727e-14)
(-27.685 93.2198 1.51468e-14)
(-28.7175 94.6804 0)
(-29.7204 96.3791 3.01316e-16)
(-30.7129 98.3255 -1.29047e-14)
(-31.7181 100.551 -2.56375e-14)
(-32.7571 103.027 2.32713e-14)
(-33.8144 105.804 -2.3393e-14)
(-34.9464 108.65 2.19008e-14)
(-36.0599 111.993 2.21654e-14)
(-37.1894 114.954 -1.95566e-14)
(-38.9752 119.34 5.87237e-14)
(-38.0243 121.356 -1.72434e-14)
(-47.2036 128.836 -3.5533e-14)
(-26.4035 126.018 -1.62039e-17)
(-21.9745 88.9564 -8.05173e-15)
(-23.9834 89.4671 3.30455e-14)
(-26.363 90.6767 1.06683e-15)
(-28.3645 91.3197 -3.44951e-14)
(-29.5884 91.2988 -1.77977e-14)
(-30.5112 91.6739 3.19228e-14)
(-31.4814 92.6285 0)
(-32.477 93.9486 1.51206e-14)
(-33.4701 95.5216 -2.76033e-14)
(-34.4806 97.3605 0)
(-35.5302 99.4961 -2.50336e-14)
(-36.6279 101.888 2.3838e-14)
(-37.7764 104.605 0)
(-38.982 107.359 4.38043e-14)
(-40.2301 110.692 -2.11235e-14)
(-41.4407 113.507 0)
(-43.3828 117.952 -5.88524e-14)
(-42.5266 119.847 5.35618e-14)
(-51.874 126.969 3.63051e-14)
(-31.1975 125.08 5.9016e-14)
(-26.9293 89.2508 1.49726e-14)
(-29.121 89.9925 8.69413e-15)
(-31.5339 90.9468 -1.68708e-14)
(-33.0811 90.9725 -1.81059e-14)
(-33.8148 90.5987 3.39065e-14)
(-34.5086 90.883 -3.22858e-14)
(-35.3636 91.7486 1.55605e-14)
(-36.2902 92.9691 -3.03797e-14)
(-37.2485 94.4474 4.14058e-14)
(-38.2586 96.2011 2.71323e-14)
(-39.339 98.2622 -2.44433e-14)
(-40.4828 100.579 5.75867e-16)
(-41.7173 103.241 -2.23116e-14)
(-42.9799 105.907 -6.63155e-14)
(-44.3742 109.228 4.23177e-14)
(-45.6306 111.891 1.04664e-15)
(-47.7602 116.411 3.94818e-14)
(-46.9663 118.159 0)
(-56.4696 124.96 -3.54437e-14)
(-35.9845 123.938 2.95714e-14)
(-32.7194 89.1457 0)
(-35.2122 90.0078 0)
(-37.1907 90.4324 -1.91155e-14)
(-37.886 89.8416 -1.21615e-15)
(-38.0571 89.3448 5.17391e-14)
(-38.5417 89.6847 -1.60663e-14)
(-39.2619 90.5324 1.64908e-14)
(-40.1021 91.7066 -2.90673e-14)
(-41.012 93.1315 0)
(-42.0125 94.8293 2.65281e-14)
(-43.1175 96.8361 2.51726e-14)
(-44.3004 99.0925 0)
(-45.6199 101.705 -2.34983e-14)
(-46.9263 104.293 4.33298e-14)
(-48.4822 107.596 4.29513e-14)
(-49.7457 110.115 -1.85129e-14)
(-52.107 114.698 -7.71024e-14)
(-51.3336 116.293 0)
(-60.9879 122.817 0)
(-40.7638 122.577 5.15707e-18)
(-39.8113 88.4671 -1.64248e-14)
(-42.057 89.1811 0)
(-42.825 88.7877 8.57728e-16)
(-42.427 87.8721 2.01044e-14)
(-42.1659 87.5775 -3.49518e-14)
(-42.5175 88.0999 0)
(-43.1083 88.9972 1.59023e-14)
(-43.8682 90.1785 0)
(-44.7289 91.5881 0)
(-45.7178 93.255 -2.67189e-14)
(-46.8461 95.2236 0)
(-48.0641 97.4307 2.4576e-14)
(-49.4698 99.9978 -6.89026e-14)
(-50.8091 102.518 4.39459e-14)
(-52.543 105.792 -2.06973e-14)
(-53.7729 108.186 8.03352e-14)
(-56.4202 112.804 0)
(-55.6167 114.24 -3.54886e-14)
(-65.4251 120.556 0)
(-45.533 120.979 5.92939e-14)
(-47.8706 86.9454 0)
(-48.7788 87.0108 1.06011e-15)
(-47.5919 85.8483 1.95857e-15)
(-46.4519 85.2319 -5.92792e-14)
(-46.0358 85.4007 1.76206e-14)
(-46.3377 86.1595 -1.71301e-14)
(-46.8196 87.1584 -1.62544e-14)
(-47.5284 88.3944 3.13229e-14)
(-48.3584 89.8255 -2.79061e-14)
(-49.3474 91.4848 -5.44518e-14)
(-50.5044 93.4298 2.46767e-14)
(-51.7589 95.5989 2.40284e-14)
(-53.2543 98.1228 2.30266e-14)
(-54.6187 100.587 2.2008e-14)
(-56.5454 103.814 0)
(-57.704 106.116 1.06327e-15)
(-60.6986 110.737 -7.75795e-14)
(-59.797 112 -8.26001e-16)
(-69.8024 118.191 3.47071e-14)
(-50.2677 119.125 -5.93586e-14)
(-55.8867 83.8647 2.99944e-14)
(-53.7647 82.7956 2.92343e-14)
(-51.0086 81.9146 2.38952e-14)
(-49.9605 82.2286 -2.1934e-14)
(-49.5764 82.9279 1.75289e-14)
(-49.8968 83.9231 3.61703e-14)
(-50.3187 85.0668 -1.55013e-14)
(-51.0272 86.3877 -6.24422e-14)
(-51.8581 87.8636 -1.53944e-15)
(-52.8698 89.5316 -1.37451e-15)
(-54.0696 91.4637 2.47914e-14)
(-55.3674 93.6033 -4.82133e-14)
(-56.9589 96.0834 0)
(-58.3455 98.5044 2.31817e-14)
(-60.4769 101.659 -8.53614e-14)
(-61.5336 103.913 3.91284e-14)
(-64.9442 108.485 3.94215e-14)
(-63.8526 109.604 0)
(-74.1551 115.715 -3.56791e-14)
(-54.9228 117.013 0)
(-58.1841 79.0687 1.61675e-15)
(-55.567 78.2118 1.2478e-15)
(-53.303 78.2478 2.34433e-14)
(-53.0168 79.2403 -6.47455e-14)
(-52.694 80.3242 5.62566e-14)
(-53.136 81.5129 1.78567e-14)
(-53.5754 82.8154 -1.66368e-14)
(-54.3439 84.2201 3.02453e-14)
(-55.2122 85.7432 2.82897e-14)
(-56.2709 87.4224 2.65089e-17)
(-57.5305 89.3434 0)
(-58.8793 91.4579 -6.1673e-16)
(-60.5738 93.8889 2.25354e-14)
(-61.9839 96.2798 4.53054e-14)
(-64.3252 99.3283 2.2415e-15)
(-65.2591 101.585 -7.93685e-14)
(-69.1492 106.036 4.06595e-14)
(-67.7597 107.083 -6.97337e-14)
(-78.4616 113.106 3.57908e-14)
(-59.4992 114.649 0)
(-58.5455 75.6767 0)
(-56.6893 74.8906 -2.34142e-14)
(-55.1126 75.4644 -2.15005e-14)
(-55.5533 76.4935 0)
(-55.3912 77.7726 5.87563e-14)
(-56.0585 79.0614 -5.27884e-14)
(-56.5925 80.4912 -6.77994e-14)
(-57.4736 81.9478 -9.17429e-16)
(-58.4144 83.5032 0)
(-59.5428 85.1851 1.24539e-17)
(-60.8788 87.0889 2.56872e-14)
(-62.2881 89.1781 0)
(-64.0919 91.5498 4.75819e-14)
(-65.5324 93.9211 -8.84852e-14)
(-68.0819 96.8235 4.17069e-14)
(-68.8855 99.139 -1.33869e-17)
(-73.3029 103.373 -3.96569e-14)
(-71.491 104.423 3.52935e-14)
(-82.7584 110.354 -3.74491e-14)
(-63.9955 112.007 5.81841e-14)
(-59.657 73.6659 0)
(-58.0954 72.3233 0)
(-56.7988 73.2389 -4.26865e-14)
(-57.7975 74.0255 7.92071e-14)
(-57.8035 75.4421 -7.37608e-14)
(-58.7161 76.6912 1.77573e-14)
(-59.4042 78.1707 6.68031e-14)
(-60.4243 79.6215 3.21738e-14)
(-61.4637 81.1769 -2.84623e-14)
(-62.6789 82.8412 2.74066e-14)
(-64.1065 84.7143 -5.2165e-14)
(-65.5869 86.7731 2.36714e-14)
(-67.5058 89.0723 4.76939e-14)
(-68.9907 91.4339 4.66608e-14)
(-71.7432 94.1505 -4.17719e-14)
(-72.4335 96.5914 3.92781e-14)
(-77.4359 100.476 7.9535e-14)
(-75.0234 101.688 -3.42596e-14)
(-87.1002 107.487 0)
(-68.3499 109.014 0)
(-60.5591 73.8001 0)
(-59.5404 70.1439 2.34028e-14)
(-58.2621 71.5651 -2.00125e-14)
(-59.8011 71.7805 -4.07296e-14)
(-60.0207 73.2809 1.62396e-14)
(-61.1515 74.4095 3.40738e-14)
(-62.0136 75.9126 3.02455e-18)
(-63.1876 77.3191 0)
(-64.3568 78.8443 0)
(-65.6794 80.4633 5.54381e-14)
(-67.2142 82.2795 1.35524e-15)
(-68.7775 84.2914 -4.80839e-14)
(-70.815 86.4963 0)
(-72.362 88.8597 -8.88688e-14)
(-75.3051 91.3528 4.40541e-14)
(-75.9361 93.9955 -1.20067e-13)
(-81.5806 97.2701 3.96786e-14)
(-78.382 99.071 3.6136e-14)
(-91.6362 104.378 -7.31752e-14)
(-72.4716 105.463 5.77206e-14)
(-60.7254 75.5269 -9.24577e-16)
(-60.6693 67.2456 -2.29447e-14)
(-59.2339 70.1969 -2.07017e-14)
(-61.1307 69.7986 1.95813e-14)
(-61.5764 71.399 3.74113e-14)
(-63.0275 72.4699 -3.31117e-14)
(-64.1709 73.9554 -3.20874e-14)
(-65.6283 75.3101 3.09817e-14)
(-67.0158 76.755 -2.74647e-14)
(-68.4867 78.2536 -2.72302e-14)
(-70.1652 79.9452 4.9998e-14)
(-71.8202 81.8446 6.206e-16)
(-73.9744 83.8914 -4.65725e-14)
(-75.62 86.2705 4.22791e-14)
(-78.714 88.4713 0)
(-79.3959 91.4212 3.96074e-14)
(-85.4474 93.8277 1.17909e-15)
(-81.6841 96.8259 -3.35721e-14)
(-96.4594 100.764 0)
(-76.4178 101.16 -5.64773e-14)
(-59.6328 76.7865 2.35644e-14)
(-62.3903 68.9525 -9.34821e-17)
(-59.845 70.8591 1.70954e-14)
(-61.6915 70.2769 -3.23678e-14)
(-62.0736 71.5342 -4.88547e-16)
(-63.6418 72.2991 1.48433e-14)
(-64.9168 73.5067 4.37218e-16)
(-66.4982 74.6182 2.22544e-17)
(-68.0078 75.8623 -2.42542e-14)
(-69.6303 77.2158 -2.27012e-14)
(-71.4331 78.7496 6.56146e-16)
(-73.2439 80.5776 -2.02308e-14)
(-75.4983 82.4725 0)
(-77.2804 84.8647 7.39604e-14)
(-80.4038 86.8053 0)
(-81.3174 90.0493 -3.42775e-14)
(-87.1815 91.6845 3.30249e-14)
(-83.7046 95.9207 2.972e-14)
(-98.6832 97.9674 -4.68847e-16)
(-78.8616 99.8028 3.4098e-16)
(-59.6437 76.2295 0)
(-62.7409 68.7338 1.49464e-14)
(-60.0467 70.5738 0)
(-61.9687 70.0664 1.31772e-14)
(-62.331 71.2967 0)
(-63.9356 72.0915 -2.39048e-14)
(-65.2262 73.2869 3.64728e-16)
(-66.8193 74.4049 -3.24953e-16)
(-68.3312 75.6432 2.00051e-14)
(-69.9583 76.9898 1.86857e-14)
(-71.7641 78.5035 -1.78525e-14)
(-73.588 80.3186 3.37138e-14)
(-75.8452 82.1822 0)
(-77.6606 84.5803 -3.14564e-14)
(-80.7625 86.4627 4.92558e-16)
(-81.7492 89.7734 2.4954e-17)
(-87.5755 91.2328 -4.30246e-16)
(-84.1947 95.7234 -2.57426e-14)
(-99.0625 97.2958 -2.32234e-14)
(-79.3529 99.5212 -1.8918e-14)
(-59.8005 75.3792 2.73445e-16)
(-63.1232 68.5639 -2.25312e-16)
(-60.2284 70.3163 0)
(-62.1967 69.9164 1.36807e-14)
(-62.5515 71.0956 1.21331e-14)
(-64.1936 71.9061 2.35697e-14)
(-65.502 73.0736 7.1039e-16)
(-67.1058 74.1901 1.84099e-17)
(-68.6213 75.4178 -3.03989e-16)
(-70.2564 76.7574 -3.73824e-14)
(-72.0696 78.251 1.34404e-17)
(-73.9122 80.0526 -3.37407e-14)
(-76.1729 81.8843 2.45696e-16)
(-78.0268 84.2854 -5.04076e-16)
(-81.1046 86.1115 -3.0182e-14)
(-82.1803 89.486 2.95368e-14)
(-87.9091 90.7784 4.54866e-16)
(-84.6979 95.5195 -3.84087e-16)
(-99.39 96.6196 2.35567e-14)
(-79.8471 99.3039 3.80767e-14)
(-60.0299 74.5081 0)
(-63.4635 68.4185 0)
(-60.4056 70.0778 1.37502e-14)
(-62.4071 69.7895 -1.32689e-14)
(-62.7753 70.9052 -1.21198e-14)
(-64.4558 71.7225 -3.59155e-16)
(-65.7841 72.8577 -2.24039e-14)
(-67.395 73.9706 -6.69634e-16)
(-68.9119 75.1885 3.04053e-16)
(-70.5537 76.5227 1.86949e-14)
(-72.3736 77.9978 3.51416e-14)
(-74.2361 79.7858 9.37184e-18)
(-76.4997 81.5872 1.61432e-14)
(-78.394 83.9882 0)
(-81.445 85.7625 3.01653e-14)
(-82.6137 89.1926 4.4895e-16)
(-88.233 90.3336 2.81244e-14)
(-85.1997 95.322 2.55056e-14)
(-99.7045 95.9634 3.8447e-16)
(-80.3112 99.1014 -1.91492e-14)
(-60.2714 73.651 1.6155e-14)
(-63.7497 68.2625 -1.63441e-17)
(-60.5886 69.8301 2.50288e-16)
(-62.6216 69.6533 -4.27691e-16)
(-63.0187 70.7023 -1.21806e-14)
(-64.7368 71.5233 -1.20285e-14)
(-66.0834 72.6267 2.24397e-14)
(-67.6968 73.7368 3.25955e-16)
(-69.2124 74.9479 1.99913e-14)
(-70.8585 76.2794 0)
(-72.6831 77.739 -1.75692e-14)
(-74.5648 79.5142 3.34784e-14)
(-76.829 81.2877 -1.61504e-14)
(-78.764 83.6863 0)
(-81.7846 85.4142 -4.92612e-16)
(-83.0505 88.89 -2.91708e-14)
(-88.5469 89.8988 -2.81061e-14)
(-85.7035 95.1187 -2.51627e-14)
(-100.008 95.3191 -3.59986e-16)
(-80.753 98.9078 3.01868e-16)
(-60.4985 72.8242 -3.2538e-14)
(-63.9909 68.0979 1.5302e-14)
(-60.7839 69.5702 2.79712e-17)
(-62.8497 69.502 2.01963e-16)
(-63.2874 70.483 2.5159e-14)
(-65.0401 71.3053 1.16701e-14)
(-66.402 72.3781 -2.21162e-14)
(-68.0129 73.4869 -3.26168e-16)
(-69.5238 74.6941 -1.99999e-14)
(-71.1718 76.0261 -2.99377e-16)
(-72.9992 77.4732 2.66973e-16)
(-74.8989 79.2368 -1.67414e-14)
(-77.1618 80.9853 -1.58841e-14)
(-79.1373 83.3794 -2.39696e-16)
(-82.1237 85.0665 3.06461e-14)
(-83.4898 88.5806 2.96642e-14)
(-88.8519 89.4698 2.85076e-14)
(-86.2134 94.906 -3.86897e-16)
(-100.299 94.686 -2.37815e-14)
(-81.1784 98.7238 2.8916e-16)
(-60.6997 72.0309 1.58525e-14)
(-64.1966 67.9243 -1.53165e-14)
(-60.9957 69.2955 -2.75259e-14)
(-63.0971 69.3309 0)
(-63.5846 70.2433 1.19185e-17)
(-65.3677 71.0657 -3.8488e-16)
(-66.7405 72.1099 2.32069e-14)
(-68.3436 73.219 3.44349e-16)
(-69.8469 74.4256 -3.03817e-16)
(-71.4945 75.7613 0)
(-73.3226 77.1993 0)
(-75.239 78.9527 1.67302e-14)
(-77.4986 80.6791 1.61496e-14)
(-79.5139 83.0669 3.15471e-14)
(-82.4629 84.7191 -6.17992e-14)
(-83.9312 88.2636 4.50721e-16)
(-89.1496 89.0447 -2.80383e-14)
(-86.7303 94.6838 0)
(-100.577 94.0611 2.40499e-17)
(-81.5908 98.5494 -1.95909e-14)
(-60.8729 71.2639 1.58334e-14)
(-64.3777 67.7389 1.58951e-14)
(-61.2288 69.0038 1.37519e-14)
(-63.3695 69.136 1.34332e-14)
(-63.9138 69.9799 -2.56551e-14)
(-65.7211 70.802 -1.13428e-14)
(-67.0992 71.8205 1.92566e-17)
(-68.6894 72.932 -2.17887e-14)
(-70.1819 74.1409 0)
(-71.8271 75.4835 1.86286e-14)
(-73.6539 76.9159 -2.81181e-16)
(-75.5855 78.661 -1.62098e-14)
(-77.8398 80.3683 -2.45709e-16)
(-79.8939 82.7483 -4.81372e-18)
(-82.8026 84.3713 3.06606e-14)
(-84.3743 87.9384 0)
(-89.4407 88.6234 0)
(-87.2543 94.4517 -2.5828e-14)
(-100.842 93.4421 2.3717e-17)
(-81.9932 98.3842 -3.51424e-17)
(-61.02 70.5157 -3.19008e-14)
(-64.5445 67.5407 -1.56334e-14)
(-61.4888 68.6921 -1.37906e-14)
(-63.6723 68.9137 -1.34365e-14)
(-64.2775 69.6895 2.52918e-14)
(-66.1012 70.5121 0)
(-67.4781 71.5085 0)
(-69.0501 72.6246 4.81693e-18)
(-70.529 73.8389 0)
(-72.1698 75.1916 -1.86152e-14)
(-73.9934 76.622 -1.72214e-14)
(-75.9385 78.3607 -1.69749e-14)
(-78.1856 80.0522 -1.64051e-14)
(-80.2771 82.4233 -6.2945e-14)
(-83.1432 84.0228 0)
(-84.8193 87.605 0)
(-89.7252 88.2057 0)
(-87.7853 94.2095 2.59e-14)
(-101.095 92.8284 4.65631e-14)
(-82.3882 98.2277 1.97669e-14)
(-61.1447 69.7783 1.58014e-14)
(-64.707 67.3284 0)
(-61.7815 68.3571 1.3762e-14)
(-64.0106 68.6597 4.31355e-16)
(-64.6778 69.369 -1.30469e-14)
(-66.5081 70.1944 0)
(-67.8765 71.1729 0)
(-69.4255 72.2963 2.15091e-14)
(-70.8883 73.5187 3.20371e-16)
(-72.5228 74.8844 -5.80575e-16)
(-74.3416 76.3166 1.77541e-14)
(-76.2982 78.0509 1.67171e-14)
(-78.5364 79.7301 1.61492e-14)
(-80.6634 82.0914 3.11084e-14)
(-83.4848 83.6731 -2.62156e-17)
(-85.2668 87.2641 4.52699e-16)
(-90.0037 87.7917 0)
(-88.3236 93.9564 0)
(-101.333 92.2178 -2.32426e-14)
(-82.7768 98.0791 0)
(-61.2513 69.0445 1.5769e-14)
(-64.8751 67.1003 0)
(-62.1129 67.995 1.37927e-14)
(-64.3889 68.3703 -4.31872e-16)
(-65.1157 69.0159 -1.23063e-14)
(-66.9409 69.8478 0)
(-68.2936 70.813 0)
(-69.8153 71.9462 2.13258e-14)
(-71.26 73.1791 -1.67919e-17)
(-72.8863 74.5611 5.81791e-16)
(-74.6984 75.9989 1.72001e-14)
(-76.6646 77.7311 1.67066e-14)
(-78.8921 79.4014 1.61477e-14)
(-81.0527 81.7521 3.21415e-14)
(-83.8273 83.3219 -4.67343e-16)
(-85.7125 86.9169 0)
(-90.2779 87.3831 0)
(-88.8696 93.6916 0)
(-101.555 91.6114 -2.31592e-14)
(-83.1596 97.9439 0)
(-61.3437 68.3061 -3.12026e-14)
(-65.0578 66.8529 -1.56555e-14)
(-62.4894 67.602 -1.37686e-14)
(-64.8106 68.0422 -1.35106e-14)
(-65.5906 68.6283 2.54401e-14)
(-67.3981 69.4716 0)
(-68.7274 70.4292 0)
(-70.2183 71.5748 1.70042e-17)
(-71.6439 72.82 0)
(-73.2607 74.2204 -1.88007e-14)
(-75.0637 75.6682 -1.77401e-14)
(-77.0376 77.4005 -1.64433e-14)
(-79.2527 79.0657 -1.58883e-14)
(-81.4447 81.4052 -6.35482e-14)
(-84.1703 82.969 0)
(-86.1554 86.5625 0)
(-90.5427 86.9822 0)
(-89.4238 93.4141 2.61694e-14)
(-101.759 91.0088 4.62077e-14)
(-83.5382 97.8201 2.00183e-14)
(-61.4246 67.5664 1.56808e-14)
(-65.2644 66.5884 1.53628e-14)
(-62.9166 67.1734 1.37986e-14)
(-65.2775 67.6729 1.35137e-14)
(-66.1012 68.205 -2.51473e-14)
(-67.8767 69.0666 -1.31015e-14)
(-69.1744 70.0234 -1.94038e-17)
(-70.632 71.1838 -2.17134e-14)
(-72.0383 72.4423 0)
(-73.6456 73.8619 1.87244e-14)
(-75.4375 75.3236 5.48326e-16)
(-77.4168 77.0587 -1.72095e-14)
(-79.618 78.7224 2.45683e-16)
(-81.8391 81.0502 -9.77158e-19)
(-84.5137 82.6142 3.07061e-14)
(-86.599 86.1983 0)
(-90.7961 86.5895 0)
(-89.9873 93.1233 -2.62431e-14)
(-101.944 90.4096 -2.90575e-17)
(-83.9144 97.7086 3.77697e-17)
(-61.4995 66.8196 1.55476e-14)
(-65.5047 66.2999 -1.57926e-14)
(-63.3994 66.7059 -2.75925e-14)
(-65.7894 67.2611 0)
(-66.6438 67.7468 -2.4472e-17)
(-68.3718 68.6349 -2.45072e-17)
(-69.6314 69.5976 2.40021e-14)
(-71.0542 70.7751 -6.945e-16)
(-72.4416 72.0475 3.15531e-16)
(-74.0393 73.4869 0)
(-75.8199 74.9644 2.84691e-16)
(-77.8019 76.7055 1.64541e-14)
(-79.9878 78.3715 1.61436e-14)
(-82.2356 80.687 3.16817e-14)
(-84.8578 82.257 -6.09291e-14)
(-87.0432 85.8212 -4.54972e-16)
(-91.0442 86.2038 -2.78583e-14)
(-90.5605 92.818 0)
(-102.108 89.8134 -3.15474e-17)
(-84.2878 97.6121 -2.00574e-14)
(-61.5776 66.0636 -3.01814e-14)
(-65.7875 65.9851 1.57476e-14)
(-63.941 66.1977 -2.12309e-17)
(-66.3435 66.807 -2.05812e-16)
(-67.2127 67.2563 2.58438e-14)
(-68.8782 68.1791 1.28542e-14)
(-70.0946 69.1546 -2.44466e-14)
(-71.4823 70.3509 3.405e-16)
(-72.8522 71.6371 -2.09439e-14)
(-74.4405 73.0962 3.12335e-16)
(-76.2099 74.5909 -2.73733e-16)
(-78.1925 76.3401 -1.68229e-14)
(-80.3615 78.0127 -1.63973e-14)
(-82.6336 80.3154 2.40843e-16)
(-85.2035 81.897 3.07147e-14)
(-87.4932 85.4306 3.00257e-14)
(-91.2872 85.8251 2.73901e-14)
(-91.1429 92.4954 3.9684e-16)
(-102.25 89.2207 -2.24744e-14)
(-84.6568 97.5332 -2.94983e-16)
(-61.669 65.2965 1.51216e-14)
(-66.1198 65.6421 1.35037e-17)
(-64.542 65.648 -2.5116e-16)
(-66.9338 66.3128 4.36402e-16)
(-67.8002 66.7372 -1.33712e-14)
(-69.39 67.7025 -1.25576e-14)
(-70.5598 68.6974 2.42688e-14)
(-71.9134 69.914 -3.42582e-16)
(-73.2678 71.2135 2.10722e-14)
(-74.8478 72.6911 0)
(-76.6056 74.2045 -1.82204e-14)
(-78.5879 75.9626 3.39979e-14)
(-80.7386 77.646 -1.6133e-14)
(-83.0325 79.9353 0)
(-85.5508 81.5344 -4.94032e-16)
(-87.94 85.0282 -2.95893e-14)
(-91.5259 85.4533 -2.78086e-14)
(-91.733 92.1508 -2.69126e-14)
(-102.369 88.6324 3.52048e-16)
(-85.0193 97.4752 -3.1441e-16)
(-61.7762 64.5112 0)
(-66.5064 65.2743 0)
(-65.1967 65.0552 1.38664e-14)
(-67.5509 65.7818 -1.37219e-14)
(-68.3957 66.1925 -1.30961e-14)
(-69.8999 67.2083 -4.38164e-17)
(-71.0224 68.2286 -2.39219e-14)
(-72.3444 69.4668 3.62459e-16)
(-73.6858 70.7792 -3.2328e-16)
(-75.2589 72.2738 1.98763e-14)
(-77.0055 73.8062 3.68298e-14)
(-78.9867 75.5739 2.79343e-16)
(-81.1182 77.2714 1.58793e-14)
(-83.4322 79.5476 0)
(-85.8982 81.1685 3.11831e-14)
(-88.3864 84.6169 -4.5553e-16)
(-91.7566 85.0815 2.77912e-14)
(-92.3513 91.7873 2.65691e-14)
(-102.457 88.0434 -3.7739e-16)
(-85.3776 97.4481 -2.01736e-14)
(-61.8942 63.7012 -2.348e-16)
(-66.9512 64.879 2.30754e-16)
(-65.8969 64.4241 0)
(-68.1825 65.2173 1.33252e-14)
(-68.9909 65.6271 1.35288e-14)
(-70.4019 66.7006 2.57397e-14)
(-71.4772 67.7506 -3.65941e-16)
(-72.7707 69.011 -3.63595e-16)
(-74.1016 70.3349 3.24905e-16)
(-75.6695 71.8452 -3.99896e-14)
(-77.4064 73.3961 1.21941e-17)
(-79.3862 75.1744 -3.4369e-14)
(-81.4984 76.8883 -2.45335e-16)
(-83.8322 79.1523 5.0705e-16)
(-86.244 80.7979 -3.11515e-14)
(-88.8354 84.1991 3.00282e-14)
(-91.9919 84.6997 -4.51043e-16)
(-92.991 91.4212 4.00075e-16)
(-102.49 87.4369 2.24463e-14)
(-85.7431 97.4722 4.03197e-14)
(-62.0856 62.9173 0)
(-67.5103 64.4777 1.54533e-14)
(-66.689 63.7925 0)
(-68.887 64.6569 1.39413e-14)
(-69.6112 65.079 0)
(-70.912 66.206 -2.5434e-14)
(-71.9339 67.283 -3.85764e-16)
(-73.1963 68.56 3.45735e-16)
(-74.5163 69.8907 2.09984e-14)
(-76.0782 71.4115 2.03055e-14)
(-77.8063 72.9785 -1.83397e-14)
(-79.7834 74.765 3.45257e-14)
(-81.8775 76.497 0)
(-84.2277 78.7465 -3.16324e-14)
(-86.5881 80.4231 -4.93048e-16)
(-89.2761 83.7657 -4.89478e-17)
(-92.2219 84.3157 4.24118e-16)
(-93.6331 91.043 -2.63033e-14)
(-102.467 86.8108 -2.27054e-14)
(-86.1064 97.5388 -2.0114e-14)
(-62.701 62.333 1.79635e-14)
(-68.2598 64.1105 6.18895e-17)
(-67.6744 63.1777 1.77148e-14)
(-69.6127 64.0987 -3.45404e-14)
(-70.2423 64.555 5.17952e-16)
(-71.4234 65.7243 1.48406e-14)
(-72.3973 66.8313 -4.59586e-16)
(-73.6286 68.1267 -2.07201e-17)
(-74.9399 69.4679 -2.46742e-14)
(-76.4933 70.9933 -2.31084e-14)
(-78.214 72.5715 -6.8532e-16)
(-80.1844 74.3574 -2.0216e-14)
(-82.2655 76.1072 0)
(-84.6189 78.3324 7.4375e-14)
(-86.9483 80.0552 0)
(-89.6842 83.3023 -3.49059e-14)
(-92.5094 83.98 3.22214e-14)
(-94.1788 90.5646 3.15288e-14)
(-102.527 86.2712 4.47114e-16)
(-86.3646 97.4761 -3.54083e-16)
(-66.2266 58.678 2.13618e-17)
(-70.0542 59.4641 -2.54524e-14)
(-69.7799 58.9647 -2.19479e-14)
(-70.7353 60.0415 2.0447e-14)
(-71.4222 61.0657 -3.93087e-14)
(-72.4713 62.5575 3.51457e-14)
(-73.5967 64.0778 -3.34355e-14)
(-74.9162 65.6441 -3.16235e-14)
(-76.3669 67.2017 2.79958e-14)
(-78.0569 68.8723 2.74902e-14)
(-79.9003 70.5726 -5.0433e-14)
(-81.9621 72.4257 4.69206e-14)
(-84.1147 74.2804 4.61777e-14)
(-86.4844 76.4316 -4.22996e-14)
(-88.8962 78.3769 4.26842e-14)
(-91.5384 81.1947 1.05956e-15)
(-94.5582 82.5969 -7.62742e-14)
(-95.984 87.523 3.45727e-14)
(-105.239 85.1466 0)
(-88.8987 95.1881 9.38537e-17)
(-74.0558 57.9669 0)
(-73.3954 58.1017 -2.68312e-14)
(-73.1105 58.2983 2.29894e-14)
(-73.4962 58.8003 4.39775e-14)
(-74.2014 59.5354 2.17046e-14)
(-75.1685 60.4901 -3.57773e-14)
(-76.3129 61.602 -4.38096e-17)
(-77.6258 62.8478 0)
(-79.0983 64.2227 0)
(-80.7598 65.7269 -6.67031e-16)
(-82.6059 67.34 -1.27853e-15)
(-84.6263 69.0607 -6.16607e-16)
(-86.8139 70.8904 0)
(-89.1288 72.8315 -8.90637e-14)
(-91.6966 74.8941 -4.38628e-14)
(-94.1322 77.1151 -4.18589e-14)
(-97.9066 79.4681 3.91794e-14)
(-98.3174 82.4336 -3.71012e-14)
(-110.457 83.199 7.25404e-14)
(-89.9613 90.4663 1.4313e-15)
(-75.7142 52.9497 0)
(-75.3068 53.6927 0)
(-75.304 54.3731 4.61724e-14)
(-75.6893 55.1733 -8.35528e-14)
(-76.3943 56.1381 -9.3293e-16)
(-77.3538 57.2311 1.815e-14)
(-78.5315 58.4261 6.76896e-14)
(-79.9025 59.7126 -3.23268e-14)
(-81.453 61.0961 2.8758e-14)
(-83.191 62.5772 2.75309e-14)
(-85.1112 64.1504 -2.58368e-14)
(-87.1984 65.8203 0)
(-89.4538 67.5884 -4.77238e-14)
(-91.8315 69.4652 4.22908e-14)
(-94.4862 71.4461 4.16448e-14)
(-96.9802 73.583 1.23335e-13)
(-100.88 75.7997 -7.86346e-14)
(-101.338 78.7026 3.51871e-14)
(-114.019 79.5455 0)
(-92.4722 86.9217 0)
(-77.307 49.3957 0)
(-77.1291 50.1541 -2.31386e-14)
(-77.2334 50.9313 -2.16645e-14)
(-77.67 51.8059 0)
(-78.4086 52.8004 -1.98706e-14)
(-79.4048 53.8959 1.69739e-14)
(-80.6283 55.0885 7.9163e-16)
(-82.0517 56.3647 -6.16644e-14)
(-83.6597 57.731 0)
(-85.4566 59.1872 6.662e-18)
(-87.4372 60.7302 2.58011e-14)
(-89.5842 62.3613 0)
(-91.9004 64.0801 -4.78039e-14)
(-94.3407 65.8943 8.9282e-14)
(-97.0659 67.8005 -4.16801e-14)
(-99.6285 69.8639 -2.7827e-17)
(-103.627 71.9666 -3.92795e-14)
(-104.156 74.856 -8.8437e-16)
(-117.043 75.5431 7.43725e-14)
(-95.2475 83.3577 -5.75146e-14)
(-78.4927 45.6618 -4.78672e-14)
(-78.5095 46.5382 4.39654e-14)
(-78.7615 47.4267 2.09796e-14)
(-79.3076 48.3899 2.0665e-14)
(-80.1374 49.4354 -1.77234e-14)
(-81.2181 50.5592 1.75287e-14)
(-82.52 51.7604 -1.64529e-14)
(-84.0175 53.028 9.31928e-14)
(-85.6978 54.3694 -2.82458e-14)
(-87.5635 55.7871 1.03195e-17)
(-89.6093 57.283 0)
(-91.8196 58.8598 4.9216e-14)
(-94.1991 60.5162 -2.26528e-14)
(-96.7081 62.2635 -4.56797e-14)
(-99.5027 64.0859 -2.23422e-15)
(-102.139 66.0804 -1.09448e-15)
(-106.198 68.0408 0)
(-106.837 70.9619 -3.6246e-14)
(-119.84 71.2521 3.68968e-14)
(-98.0617 79.7592 0)
(-79.5705 42.1795 2.27646e-14)
(-79.738 43.0598 2.17423e-14)
(-80.1205 43.981 2.05631e-14)
(-80.7733 44.9724 5.90016e-14)
(-81.6978 46.0356 -5.40341e-14)
(-82.8632 47.1664 -3.52318e-14)
(-84.2438 48.3626 4.79434e-14)
(-85.8155 49.6145 7.13951e-16)
(-87.5673 50.9279 1.3309e-15)
(-89.5016 52.3063 1.29132e-15)
(-91.6122 53.7545 -2.48213e-14)
(-93.8869 55.2748 -4.84112e-14)
(-96.332 56.8665 0)
(-98.9099 58.5432 -6.77567e-14)
(-101.774 60.279 8.52618e-14)
(-104.484 62.1998 -3.95606e-14)
(-108.601 64.0167 7.94026e-14)
(-109.344 66.9487 -3.51525e-14)
(-122.438 66.7896 -3.69593e-14)
(-100.814 76.102 0)
(-80.5031 38.8252 0)
(-80.7853 39.6849 -4.29095e-14)
(-81.2863 40.601 -8.5755e-16)
(-82.0487 41.5905 1.90088e-14)
(-83.0751 42.6523 -1.76194e-14)
(-84.3343 43.7718 -1.70029e-14)
(-85.8021 44.9483 -1.6052e-14)
(-87.4536 46.1733 -3.08624e-14)
(-89.2805 47.4492 2.7739e-14)
(-91.2841 48.7805 6.39738e-16)
(-93.459 50.173 -2.46987e-14)
(-95.7977 51.63 2.41177e-14)
(-98.309 53.15 2.30875e-14)
(-100.955 54.7509 2.21512e-14)
(-103.885 56.3952 0)
(-106.668 58.2374 -8.2159e-14)
(-110.837 59.9023 -1.05149e-15)
(-111.689 62.8389 7.3081e-14)
(-124.847 62.1869 -3.603e-14)
(-103.465 72.3898 2.17167e-17)
(-81.3381 35.5665 -2.14452e-14)
(-81.713 36.3901 0)
(-82.3149 37.2802 -4.00513e-14)
(-83.1791 38.2481 1.79213e-14)
(-84.3 39.2855 -4.19091e-16)
(-85.6503 40.3751 0)
(-87.2047 41.5195 1.58529e-14)
(-88.9369 42.7075 0)
(-90.8392 43.9374 0)
(-92.9109 45.2144 -2.65554e-14)
(-95.1496 46.5442 0)
(-97.5519 47.9321 -2.46219e-14)
(-100.129 49.3746 2.30198e-14)
(-102.842 50.8938 -4.41728e-14)
(-105.835 52.4406 2.06608e-14)
(-108.688 54.1981 8.09355e-14)
(-112.904 55.7057 0)
(-113.873 58.6412 -3.60772e-14)
(-127.055 57.4577 0)
(-105.994 68.6347 2.17517e-17)
(-82.0943 32.3785 0)
(-82.5421 33.1547 0)
(-83.2275 34.0082 2.00368e-14)
(-84.1805 34.9407 8.21717e-16)
(-85.3874 35.9355 -1.76512e-14)
(-86.8224 36.9825 1.63148e-14)
(-88.4608 38.0856 -4.78756e-14)
(-90.2722 39.2273 2.89665e-14)
(-92.2477 40.4024 0)
(-94.386 41.6167 2.64135e-14)
(-96.6879 42.8766 2.50978e-14)
(-99.1534 44.1884 0)
(-101.793 45.5474 2.35181e-14)
(-104.571 46.9795 5.50868e-16)
(-107.626 48.4221 -5.58383e-16)
(-110.547 50.0882 -6.21651e-14)
(-114.815 51.4377 -1.00827e-15)
(-115.895 54.3622 0)
(-129.056 52.6037 0)
(-108.399 64.8819 -5.86935e-14)
(-82.7751 29.2327 2.11022e-14)
(-83.2784 29.9613 -1.02636e-14)
(-84.0346 30.7725 0)
(-85.0615 31.6568 1.88519e-14)
(-86.3448 32.5989 -3.50112e-14)
(-87.8577 33.5955 -3.67189e-16)
(-89.5753 34.6493 1.56245e-14)
(-91.4622 35.7361 3.0116e-14)
(-93.5077 36.8484 -1.32744e-14)
(-95.7105 37.9928 -2.69278e-14)
(-98.0743 39.1766 2.44153e-14)
(-100.602 40.4063 -4.83155e-14)
(-103.304 41.6761 2.23086e-14)
(-106.145 43.0157 -2.1404e-14)
(-109.259 44.3474 -4.22181e-14)
(-112.247 45.9158 -1.05381e-15)
(-116.562 47.1067 7.70933e-14)
(-117.756 49.9988 0)
(-130.828 47.656 -3.66165e-14)
(-110.725 61.1216 2.9402e-14)
(-83.3732 26.1146 -1.07858e-14)
(-83.9202 26.7985 -4.53171e-16)
(-84.7361 27.5614 -8.49406e-16)
(-85.8261 28.3893 3.66632e-14)
(-87.1762 29.2745 -1.66726e-14)
(-88.7602 30.2156 3.4238e-16)
(-90.552 31.2129 -1.58894e-14)
(-92.5109 32.2375 -6.42979e-16)
(-94.6227 33.2802 -3.07595e-16)
(-96.8869 34.3487 0)
(-99.3102 35.4507 -2.4925e-14)
(-101.899 36.5932 2.37965e-14)
(-104.66 37.7683 0)
(-107.563 39.0096 4.38107e-14)
(-110.734 40.2244 -2.10528e-14)
(-113.787 41.6915 0)
(-118.151 42.7188 -1.88108e-14)
(-119.458 45.5545 -5.40337e-14)
(-132.374 42.6935 1.088e-13)
(-112.968 57.0389 -6.57642e-18)
(-83.8837 23.0172 4.34376e-14)
(-84.4649 23.6555 -5.06954e-14)
(-85.3304 24.3662 1.87952e-14)
(-86.476 25.1369 -9.12564e-15)
(-87.8846 25.9628 1.73017e-14)
(-89.5333 26.8447 3.38587e-16)
(-91.3944 27.7799 -1.51613e-14)
(-93.4208 28.7363 0)
(-95.5952 29.7036 -2.79206e-14)
(-97.9176 30.6906 1.27734e-14)
(-100.398 31.7057 0)
(-103.044 32.7557 0)
(-105.862 33.831 0)
(-108.826 34.9682 -4.42676e-14)
(-112.05 36.0615 4.14615e-14)
(-115.167 37.425 0)
(-119.576 38.2821 1.87752e-14)
(-120.985 41.0581 1.73737e-14)
(-133.73 37.7223 -1.74778e-14)
(-115.084 52.9136 -1.41223e-14)
(-84.3063 19.9337 -1.04491e-14)
(-84.9124 20.5247 2.06553e-14)
(-85.8199 21.1861 8.24407e-16)
(-87.0139 21.9018 -8.69391e-15)
(-88.4738 22.6663 0)
(-90.1808 23.4858 1.63287e-14)
(-92.1066 24.3541 1.57707e-14)
(-94.1963 25.2372 1.52141e-14)
(-96.4293 26.1238 -1.34679e-14)
(-98.8063 27.0242 1.33439e-14)
(-101.34 27.9477 -1.21092e-14)
(-104.041 28.9001 0)
(-106.913 29.8705 2.3266e-14)
(-109.935 30.898 -4.36323e-14)
(-113.207 31.8664 -5.3774e-16)
(-116.387 33.122 0)
(-120.836 33.7975 -6.69625e-18)
(-122.331 36.5076 -1.78491e-14)
(-134.872 32.7486 -7.72787e-16)
(-117.107 48.6043 -1.53273e-14)
(-84.6381 16.8597 -1.07005e-14)
(-85.262 17.4077 0)
(-86.2054 18.0269 -1.94698e-14)
(-87.4409 18.688 1.77051e-14)
(-88.9463 19.3891 0)
(-90.7067 20.1427 0)
(-92.6931 20.9397 -7.70431e-15)
(-94.8421 21.7445 -2.90988e-14)
(-97.1297 22.5455 1.37451e-14)
(-99.5577 23.3548 0)
(-102.141 24.1822 0)
(-104.893 25.0323 1.18232e-14)
(-107.814 25.8935 -1.13351e-14)
(-110.891 26.8061 -1.08919e-14)
(-114.206 27.6475 2.14713e-14)
(-117.449 28.7886 -1.94789e-14)
(-121.93 29.2712 -3.90507e-14)
(-123.514 31.9159 1.69202e-14)
(-135.874 27.809 -4.19204e-16)
(-118.959 43.8693 -1.47061e-14)
(-84.8781 13.798 -1.62923e-14)
(-85.5117 14.3133 -5.46495e-15)
(-86.483 14.8942 1.88196e-14)
(-87.7559 15.4994 0)
(-89.3022 16.1351 0)
(-91.1129 16.8196 0)
(-93.1566 17.5414 -4.81952e-18)
(-95.3617 18.2629 -3.2228e-16)
(-97.7007 18.974 6.55803e-15)
(-100.177 19.6883 1.33093e-14)
(-102.806 20.4152 -2.47372e-14)
(-105.606 21.1584 7.36548e-19)
(-108.573 21.9064 1.18737e-14)
(-111.7 22.6997 -1.06115e-14)
(-115.053 23.4126 -1.07227e-14)
(-118.355 24.4317 9.73094e-15)
(-122.858 24.7208 0)
(-124.54 27.3201 -1.82105e-14)
(-136.748 22.8015 1.70399e-14)
(-120.541 39.203 4.36281e-14)
(-85.0185 10.7531 -2.2522e-16)
(-85.6492 11.2446 2.50952e-14)
(-86.6449 11.7874 -2.37047e-14)
(-87.9562 12.3385 8.80793e-15)
(-89.5403 12.9061 0)
(-91.3981 13.5208 8.28004e-15)
(-93.497 14.1649 1.5994e-16)
(-95.7563 14.7983 1.53961e-16)
(-98.1442 15.4155 7.02136e-15)
(-100.665 16.0303 0)
(-103.339 16.6524 -1.26556e-14)
(-106.183 17.284 3.54068e-14)
(-109.191 17.915 -1.1038e-14)
(-112.365 18.5841 -8.53118e-18)
(-115.749 19.1675 0)
(-119.107 20.0577 9.99008e-15)
(-123.619 20.1637 9.87281e-15)
(-125.412 22.716 2.51592e-16)
(-137.425 17.6254 -3.72985e-14)
(-121.899 35.1171 -6.08869e-16)
(-85.0393 7.7115 -1.07944e-14)
(-85.6612 8.18673 4.90578e-15)
(-86.6863 8.70041 -9.47008e-15)
(-88.041 9.2018 0)
(-89.6645 9.71085 8.70671e-15)
(-91.5658 10.2548 -1.19916e-14)
(-93.7176 10.817 3.84692e-15)
(-96.0292 11.3574 7.26435e-15)
(-98.4626 11.8763 -6.86829e-15)
(-101.026 12.3873 -6.65997e-15)
(-103.739 12.8996 -2.89534e-16)
(-106.624 13.4142 5.76393e-15)
(-109.668 13.9241 0)
(-112.885 14.4641 1.08705e-14)
(-116.296 14.9167 0)
(-119.702 15.6711 -9.98403e-15)
(-124.211 15.605 0)
(-126.124 18.0844 -1.79645e-14)
(-137.794 12.5524 8.48876e-15)
(-123.239 30.901 -3.10473e-16)
(-84.9304 4.65184 0)
(-85.5584 5.15959 0)
(-86.6242 5.67884 7.07823e-15)
(-88.0242 6.13806 2.24322e-15)
(-89.681 6.57696 0)
(-91.6307 7.03566 8.18484e-15)
(-93.8365 7.50391 -3.75491e-15)
(-96.1978 7.94688 0)
(-98.6745 8.36254 3.45017e-15)
(-101.274 8.76442 6.67334e-15)
(-104.021 9.16182 -6.05328e-15)
(-106.942 9.55495 -5.9193e-15)
(-110.018 9.94071 -5.67028e-15)
(-113.272 10.3465 0)
(-116.703 10.6654 -5.2306e-15)
(-120.149 11.2733 0)
(-124.645 11.0341 -4.80232e-15)
(-126.68 13.4172 0)
(-137.978 7.45906 -1.84527e-14)
(-124.496 26.2584 7.00509e-15)
(-84.6027 1.7449 2.69444e-15)
(-85.2783 2.34005 -1.14241e-15)
(-86.4447 2.8985 -4.65921e-15)
(-87.9106 3.29667 -2.23428e-15)
(-89.5868 3.57958 0)
(-91.5678 3.89946 0)
(-93.8343 4.24778 -7.78999e-15)
(-96.2562 4.5768 3.57448e-15)
(-98.7847 4.87605 -3.45021e-15)
(-101.425 5.15769 4.98341e-15)
(-104.208 5.43352 -1.47954e-15)
(-107.161 5.70082 8.95023e-15)
(-110.264 5.95808 2.89944e-15)
(-113.546 6.22075 0)
(-116.992 6.40249 7.84608e-15)
(-120.467 6.86009 5.12875e-15)
(-124.945 6.45471 1.2089e-16)
(-127.062 8.71753 -4.5397e-15)
(-138.041 2.46603 4.37509e-15)
(-125.563 21.3701 -7.22594e-15)
(-84.0282 0.563494 -1.30253e-15)
(-84.5777 0.931237 1.25258e-15)
(-85.8854 1.35687 -2.43742e-15)
(-87.711 1.57593 1.06527e-15)
(-89.6294 1.50515 -4.45719e-17)
(-91.5956 1.43018 -1.0861e-15)
(-93.7966 1.44906 -8.22259e-17)
(-96.1971 1.49943 8.58241e-16)
(-98.723 1.56132 -3.82341e-17)
(-101.369 1.63328 -8.36395e-16)
(-104.164 1.71894 -1.55458e-15)
(-107.138 1.80868 0)
(-110.261 1.9044 -1.45395e-15)
(-113.569 2.0039 -1.46416e-15)
(-117.037 2.04331 -1.40573e-15)
(-120.53 2.32971 -6.3928e-17)
(-125.017 1.75497 -6.41858e-17)
(-127.174 3.90247 -1.19136e-15)
(-137.808 -2.62082 -1.48382e-16)
(-126.519 16.5108 5.33143e-15)
(-72.3428 66.4932 -4.2461e-14)
(-75.6434 57.3155 0)
(-76.6557 52.4077 0)
(-77.6715 48.4745 5.01801e-14)
(-78.6441 44.7495 -2.41706e-14)
(-79.5461 41.298 0)
(-80.3707 37.9971 -1.155e-14)
(-81.1281 34.7936 3.4596e-14)
(-81.8302 31.6631 2.18747e-14)
(-82.4786 28.5742 -1.23861e-14)
(-83.0576 25.5123 1.11469e-14)
(-83.5574 22.4681 -1.11891e-14)
(-83.9807 19.4324 2.2604e-14)
(-84.3272 16.4002 2.93141e-16)
(-84.596 13.372 -2.21807e-14)
(-84.7831 10.3494 5.35568e-15)
(-84.8643 7.31635 5.62636e-15)
(-84.8131 4.22507 2.8172e-15)
(-84.5414 1.23486 -4.17154e-15)
(-84.2032 0.357076 4.2088e-15)
(-76.0325 63.4484 -4.60689e-14)
(-77.3062 55.2077 0)
(-77.5471 51.163 0)
(-78.1129 47.2715 -2.66773e-14)
(-78.8529 43.7156 0)
(-79.591 40.3631 9.54243e-16)
(-80.3154 37.1486 -1.15484e-14)
(-81.0104 34.0236 -1.15552e-14)
(-81.6727 30.9686 -2.37693e-14)
(-82.2978 27.9532 -2.37237e-14)
(-82.872 24.9615 -2.2426e-14)
(-83.3884 21.985 -1.16137e-14)
(-83.8521 19.011 1.1626e-14)
(-84.2622 16.0322 1.20365e-14)
(-84.6169 13.0479 1.21295e-14)
(-84.9165 10.0584 -1.82037e-14)
(-85.1366 7.04661 5.99258e-15)
(-85.2349 3.94537 0)
(-85.1458 0.893174 0)
(-85.0453 0.286862 -2.29128e-15)
(-77.0391 60.6778 -3.63841e-14)
(-78.3692 52.7172 -2.60894e-14)
(-78.1378 49.3163 0)
(-78.4481 45.8057 -2.56572e-14)
(-78.9984 42.524 2.44319e-14)
(-79.61 39.348 7.15026e-16)
(-80.2594 36.2651 7.34636e-16)
(-80.9041 33.2468 0)
(-81.5276 30.2888 -1.1936e-14)
(-82.1306 27.366 -1.03625e-16)
(-82.7098 24.459 4.83325e-14)
(-83.2551 21.5652 1.17228e-14)
(-83.7737 18.6744 0)
(-84.2771 15.7811 1.20584e-14)
(-84.7737 12.8782 0)
(-85.2715 9.95057 -6.47983e-15)
(-85.7472 6.97849 6.55596e-15)
(-86.1197 3.90504 -6.46974e-15)
(-86.3592 0.799408 -4.90969e-15)
(-86.4875 0.331342 2.59596e-15)
(-76.4759 58.2123 0)
(-78.557 50.2958 2.60017e-14)
(-78.322 47.2371 0)
(-78.5399 44.1727 -1.38351e-15)
(-78.993 41.2099 4.70282e-14)
(-79.538 38.2596 2.42117e-14)
(-80.1401 35.3489 1.32699e-14)
(-80.7495 32.4724 -1.19802e-14)
(-81.3464 29.6328 0)
(-81.932 26.8153 -1.18554e-14)
(-82.5094 24.0057 -1.29548e-14)
(-83.0656 21.2128 -2.54246e-14)
(-83.613 18.433 0)
(-84.1898 15.6672 -2.66595e-14)
(-84.8272 12.9045 -6.92077e-15)
(-85.5531 10.1121 2.18869e-16)
(-86.3673 7.2429 1.4665e-14)
(-87.17 4.24836 4.10824e-15)
(-87.9383 1.21783 5.89608e-15)
(-88.4247 0.551556 -2.07395e-15)
(-74.4703 55.9528 2.848e-14)
(-77.9519 48.0647 -4.2807e-14)
(-78.0495 45.1479 -2.15866e-14)
(-78.3172 42.4513 -2.42667e-14)
(-78.765 39.796 -2.31288e-15)
(-79.2973 37.0966 0)
(-79.8909 34.3913 0)
(-80.5018 31.6866 1.08712e-14)
(-81.1042 28.991 1.22392e-14)
(-81.6887 26.3017 1.08246e-15)
(-82.2599 23.6099 0)
(-82.8058 20.9363 1.38679e-14)
(-83.3378 18.2974 -1.32436e-14)
(-83.9107 15.7083 2.94582e-14)
(-84.5815 13.17 -1.52157e-14)
(-85.4116 10.6412 2.59248e-16)
(-86.4729 8.03662 -3.51957e-16)
(-87.7343 5.32145 0)
(-89.1701 2.56783 -7.70156e-15)
(-90.4064 1.05257 4.11301e-15)
(-72.0376 53.833 2.40645e-14)
(-76.6988 46.0522 2.08746e-14)
(-77.3321 43.0987 2.17106e-14)
(-77.7369 40.6855 2.00684e-14)
(-78.2321 38.312 -2.40276e-15)
(-78.7938 35.8606 0)
(-79.4151 33.3677 0)
(-80.0622 30.8477 -3.60042e-14)
(-80.7077 28.3109 0)
(-81.3286 25.7614 1.31531e-14)
(-81.9218 23.1993 -1.23868e-14)
(-82.4675 20.6525 6.99864e-16)
(-82.9722 18.1686 7.03686e-16)
(-83.488 15.7872 0)
(-84.0646 13.4953 0)
(-84.8067 11.2947 0)
(-85.8139 9.04511 -1.00756e-14)
(-87.1049 6.6221 0)
(-88.9957 4.58876 -3.16255e-15)
(-91.0095 3.03526 2.83797e-15)
(-69.2695 51.8961 -2.43991e-14)
(-74.9012 44.2939 -1.58577e-14)
(-76.1653 41.2012 -1.37447e-15)
(-76.79 38.9044 3.57303e-14)
(-77.3909 36.7774 -4.11445e-14)
(-78.0009 34.5775 0)
(-78.6581 32.2903 0)
(-79.3428 29.9541 1.26657e-15)
(-80.0228 27.5746 -1.17071e-14)
(-80.6694 25.1491 1.1868e-14)
(-81.2877 22.6917 1.27776e-15)
(-81.869 20.248 5.62831e-16)
(-82.4049 17.908 1.44371e-14)
(-82.9029 15.6792 -1.49769e-14)
(-83.4505 13.5424 -8.09036e-15)
(-84.1419 11.5897 -9.80632e-15)
(-84.9221 9.60911 2.41459e-14)
(-86.0146 7.88168 0)
(-87.9182 6.89313 -2.80882e-15)
(-89.7202 5.40781 2.22552e-15)
(-66.2447 50.125 -2.15469e-14)
(-72.6853 42.7352 2.89924e-14)
(-74.5954 39.3071 1.35559e-14)
(-75.4724 37.2166 -3.26642e-14)
(-76.1881 35.2418 -8.1809e-15)
(-76.9093 33.2129 -8.85416e-15)
(-77.6292 31.1284 1.00903e-14)
(-78.3585 28.9758 -9.72107e-15)
(-79.0672 26.7389 1.06324e-14)
(-79.7126 24.4111 2.18596e-14)
(-80.2937 22.0275 7.76131e-16)
(-80.8163 19.6246 0)
(-81.3138 17.2733 2.59998e-14)
(-81.7534 15.0187 6.83304e-15)
(-82.228 12.8401 8.93993e-15)
(-82.7101 10.9263 -9.70577e-15)
(-83.0329 9.05853 1.22706e-14)
(-83.8629 7.75818 -1.19857e-14)
(-85.273 7.14152 -2.36652e-15)
(-86.7087 5.98902 1.81654e-15)
(-63.1004 48.4661 0)
(-69.9329 41.3425 -2.00395e-14)
(-72.6709 37.6735 0)
(-73.8327 35.5034 -1.33e-14)
(-74.6209 33.6476 2.16884e-14)
(-75.3718 31.7675 2.4254e-14)
(-76.1254 29.7587 -1.68946e-14)
(-76.8842 27.6604 -8.65385e-15)
(-77.6059 25.4897 -1.89226e-14)
(-78.2402 23.1959 -1.0299e-14)
(-78.7894 20.8028 -1.00611e-14)
(-79.2251 18.3828 -1.15163e-14)
(-79.5673 15.9953 -7.87681e-16)
(-79.7804 13.7192 -7.50151e-15)
(-79.9907 11.6729 7.76507e-16)
(-79.9045 10.1578 -1.15208e-14)
(-80.6111 9.31299 1.05298e-14)
(-82.0102 9.13556 0)
(-83.2579 8.70023 -1.54419e-15)
(-84.5013 7.61996 -6.50879e-17)
(-59.9146 46.8809 -3.70627e-14)
(-66.8347 40.2025 1.76141e-14)
(-70.6284 36.2866 0)
(-72.058 33.9879 1.07803e-14)
(-72.9391 32.091 -1.11692e-14)
(-73.6649 30.2526 -1.25818e-14)
(-74.3682 28.3358 2.63483e-14)
(-75.0601 26.3002 6.41113e-16)
(-75.6996 24.1309 3.945e-16)
(-76.2439 21.8461 9.66667e-15)
(-76.7167 19.5011 1.9129e-14)
(-77.1501 17.2338 9.92661e-15)
(-77.6267 15.1531 0)
(-78.1355 13.3164 -6.8939e-15)
(-78.8445 11.9887 1.46646e-14)
(-79.6115 11.2341 -6.87835e-15)
(-80.812 10.9773 2.81025e-15)
(-81.756 10.6874 2.53629e-15)
(-82.6946 10.0631 -2.19383e-15)
(-83.593 8.9132 2.96914e-18)
(-56.7326 45.3196 0)
(-63.3468 39.2611 4.78885e-15)
(-67.9139 35.1283 4.03401e-15)
(-70.1976 32.5675 3.96441e-15)
(-71.3534 30.6254 0)
(-72.1305 28.8497 0)
(-72.849 27.0374 -5.54532e-15)
(-73.58 25.136 0)
(-74.3155 23.1487 0)
(-75.0364 21.1172 1.25973e-14)
(-75.7484 19.0972 -8.63805e-16)
(-76.4712 17.1931 -7.70111e-15)
(-77.2559 15.5034 0)
(-78.0248 14.0987 8.30388e-15)
(-78.8061 13.1234 -4.40998e-15)
(-79.8001 12.5683 2.14148e-16)
(-80.7369 12.2003 1.86211e-15)
(-81.5436 11.7174 -1.81684e-15)
(-82.2632 10.9555 8.48138e-16)
(-82.8354 9.74802 8.49595e-16)
(-53.6063 43.7552 0)
(-59.5897 38.4385 -5.26252e-15)
(-64.7261 34.3248 -7.44751e-16)
(-67.8548 31.4932 -3.95135e-15)
(-69.6392 29.4564 0)
(-70.7431 27.7169 0)
(-71.5828 26.0136 -4.0127e-16)
(-72.3673 24.2679 4.10824e-15)
(-73.1869 22.4794 4.56764e-15)
(-74.046 20.6855 -4.87288e-15)
(-74.9379 18.9528 -1.03567e-14)
(-75.8571 17.3644 0)
(-76.8084 15.9789 5.95209e-15)
(-77.7189 14.8418 -9.66791e-15)
(-78.5355 14.0229 0)
(-79.526 13.5039 -1.48622e-15)
(-80.2962 13.0273 0)
(-80.9243 12.4145 -1.38952e-15)
(-81.4275 11.4898 6.6932e-16)
(-81.69 10.074 6.91393e-16)
(-50.5566 42.1565 6.53774e-15)
(-55.6644 37.6661 -8.96854e-15)
(-60.9641 33.8108 -4.24046e-15)
(-64.7592 30.8487 -3.91019e-16)
(-67.298 28.6775 5.83298e-15)
(-69.0123 26.9161 0)
(-70.2988 25.3093 -6.24001e-15)
(-71.2851 23.7277 0)
(-72.1943 22.1612 0)
(-73.103 20.6179 1.67444e-15)
(-74.0497 19.1393 1.78757e-15)
(-75.0358 17.7829 -1.9155e-15)
(-76.0405 16.5832 0)
(-76.9824 15.563 -7.16015e-15)
(-77.8283 14.7917 7.62109e-15)
(-78.6833 14.2104 -3.50074e-15)
(-79.3069 13.5684 3.32734e-15)
(-79.7222 12.7726 -1.61051e-15)
(-79.9686 11.7025 1.61511e-15)
(-79.9583 10.1354 -4.90286e-16)
(-47.6075 40.4866 -6.84407e-15)
(-51.7297 36.8412 0)
(-56.7541 33.4102 0)
(-60.8798 30.4844 0)
(-64.0238 28.2301 0)
(-66.3852 26.4349 0)
(-68.1888 24.8709 5.10222e-15)
(-69.6463 23.4086 0)
(-70.9019 22.0096 0)
(-71.9997 20.6732 1.38092e-15)
(-73.0174 19.4052 -4.65699e-15)
(-74.0065 18.2259 1.78825e-15)
(-74.9638 17.1416 -3.56995e-15)
(-75.8228 16.1562 3.65989e-15)
(-76.5815 15.3408 3.84067e-15)
(-77.2152 14.6129 -1.88646e-15)
(-77.6157 13.7768 -7.62784e-18)
(-77.8358 12.7453 8.94374e-16)
(-77.8298 11.4787 8.37268e-16)
(-77.5555 9.7623 -3.01446e-16)
(-44.7908 38.7198 -1.06443e-14)
(-47.9498 35.8786 9.35682e-15)
(-52.3343 32.9759 0)
(-56.391 30.2626 0)
(-59.8268 28.0137 0)
(-62.6503 26.1913 -9.10641e-16)
(-64.9425 24.6365 -2.40749e-15)
(-66.8395 23.2333 -9.36117e-16)
(-68.4254 21.9252 -9.70733e-16)
(-69.7814 20.6861 0)
(-70.9621 19.5182 0)
(-71.9977 18.4215 1.14874e-15)
(-72.9337 17.3853 0)
(-73.7127 16.3892 -1.67096e-15)
(-74.3802 15.4777 0)
(-74.8356 14.5777 6.54639e-16)
(-75.0672 13.5448 1.78942e-16)
(-75.0708 12.3206 3.16303e-16)
(-74.8531 10.8889 -1.49308e-15)
(-74.3619 8.97704 4.711e-16)
(-42.1188 36.8757 0)
(-44.4495 34.7468 -3.14333e-15)
(-48.0009 32.3945 8.38418e-16)
(-51.6602 30.0214 3.23711e-15)
(-55.0435 27.8816 -3.37179e-15)
(-58.023 26.0679 1.03306e-15)
(-60.5802 24.5074 1.79751e-15)
(-62.7687 23.1127 -6.49649e-16)
(-64.6528 21.8282 1.78728e-15)
(-66.2701 20.6221 7.71789e-16)
(-67.6458 19.4803 0)
(-68.7987 18.3933 -1.1919e-15)
(-69.7375 17.3404 -2.22266e-15)
(-70.4813 16.2763 -7.08084e-17)
(-71.0337 15.2335 2.3306e-15)
(-71.3614 14.151 -1.84731e-15)
(-71.4517 12.9287 4.31073e-16)
(-71.3012 11.5367 1.1552e-15)
(-70.9134 9.96855 1.1868e-16)
(-70.2462 7.87734 0)
(-39.5477 35.0408 0)
(-41.2413 33.522 -3.80436e-15)
(-43.9984 31.6798 1.76509e-15)
(-47.0822 29.6686 -1.8403e-15)
(-50.1423 27.6856 2.7009e-15)
(-52.9821 25.8984 4.13362e-16)
(-55.5214 24.3183 1.31139e-15)
(-57.759 22.8979 -1.21412e-15)
(-59.7233 21.5888 -8.41042e-16)
(-61.4367 20.3533 5.70859e-16)
(-62.9058 19.1676 9.47413e-17)
(-64.1356 18.0134 -4.95837e-16)
(-65.1213 16.8694 -1.27237e-15)
(-65.8759 15.6916 -3.23057e-16)
(-66.3841 14.532 8.66616e-16)
(-66.6268 13.325 -1.38109e-15)
(-66.6174 11.9797 1.11496e-15)
(-66.3639 10.4803 5.7712e-16)
(-65.8527 8.80302 -6.38291e-16)
(-65.0895 6.5687 1.50153e-30)
(-37.0214 33.2613 -4.17189e-15)
(-38.3249 32.2668 1.38206e-15)
(-40.478 30.8803 -9.2531e-16)
(-42.9054 29.1717 8.1703e-16)
(-45.4071 27.3642 -4.70729e-16)
(-47.7962 25.623 -4.88603e-16)
(-50.0171 24.0199 -9.8917e-17)
(-52.0496 22.5756 0)
(-53.8843 21.2461 1.74772e-16)
(-55.5168 19.9828 8.43748e-16)
(-56.9373 18.7504 -8.18873e-16)
(-58.1316 17.5235 5.46483e-16)
(-59.0832 16.2891 7.74432e-16)
(-59.7938 15.0204 -6.27537e-16)
(-60.2708 13.7396 0)
(-60.4938 12.3016 -3.72921e-16)
(-60.4614 10.7621 0)
(-60.1768 9.09708 1.39165e-16)
(-59.6297 7.26836 -1.64802e-16)
(-58.8912 4.94892 -9.92417e-18)
(-34.286 31.3244 2.33874e-15)
(-35.1273 30.6918 3.04043e-15)
(-36.8834 29.2117 -1.22548e-15)
(-38.9364 27.3003 1.13825e-15)
(-41.0422 25.3885 -1.95514e-15)
(-43.015 23.6954 8.19897e-16)
(-44.8168 22.2387 -4.36749e-16)
(-46.5073 20.9056 1.76259e-16)
(-48.0844 19.651 -2.15528e-16)
(-49.5174 18.4248 1.70864e-16)
(-50.7719 17.1827 5.13666e-17)
(-51.8178 15.8864 1.26201e-16)
(-52.6272 14.5056 -1.64993e-16)
(-53.1607 13.0411 -7.26404e-17)
(-53.373 11.5368 1.08257e-16)
(-53.2911 9.9553 -2.22981e-16)
(-52.9509 8.304 8.48946e-17)
(-52.3535 6.61233 -8.01744e-17)
(-51.5917 4.84372 -1.36067e-17)
(-50.9904 2.83168 1.28155e-17)
(-29.5307 31.133 0)
(-28.9575 31.3058 1.21654e-16)
(-29.5555 29.639 1.66647e-16)
(-30.4427 27.6576 0)
(-31.4563 25.9776 0)
(-32.6597 24.536 -1.92778e-16)
(-33.8837 23.3077 -4.16353e-16)
(-35.0601 22.2224 3.51285e-16)
(-36.1589 21.1984 0)
(-37.181 20.1619 7.0847e-17)
(-38.0989 19.0605 0)
(-38.8932 17.857 -2.35842e-16)
(-39.5531 16.5266 -1.02853e-16)
(-40.0845 15.0644 2.59164e-16)
(-40.4399 13.5002 0)
(-40.5879 11.8681 0)
(-40.5278 10.2067 -7.77404e-17)
(-40.2491 8.55752 1.06135e-16)
(-39.7633 6.96425 -1.22372e-16)
(-39.056 5.4333 4.05094e-17)
)
;

boundaryField
{
    right
    {
        type            cyclic;
    }
    left
    {
        type            cyclic;
    }
    outerWall
    {
        type            calculated;
        value           nonuniform List<vector> 
60
(
(-3.88268 209.368 0)
(-11.6427 209.081 0)
(-19.3868 208.506 0)
(-27.1041 207.644 0)
(-34.7842 206.496 0)
(-42.4165 205.065 0)
(-49.9903 203.351 0)
(-57.4954 201.357 0)
(-64.9213 199.087 0)
(-72.2579 196.542 0)
(-79.4951 193.727 0)
(-86.6228 190.645 0)
(-93.6313 187.301 0)
(-100.511 183.7 0)
(-107.252 179.845 0)
(-113.846 175.744 0)
(-120.283 171.4 0)
(-126.554 166.821 0)
(-132.651 162.012 0)
(-138.566 156.98 0)
(-141.814 154.101 0)
(-142.488 153.482 0)
(-143.159 152.86 0)
(-143.827 152.235 0)
(-144.492 151.607 0)
(-145.154 150.976 0)
(-145.813 150.341 0)
(-146.469 149.703 0)
(-147.122 149.063 0)
(-147.772 148.419 0)
(-148.419 147.772 0)
(-149.063 147.122 0)
(-149.703 146.469 0)
(-150.341 145.813 0)
(-150.976 145.154 0)
(-151.607 144.492 0)
(-152.235 143.827 0)
(-152.86 143.159 0)
(-153.482 142.488 0)
(-154.101 141.814 0)
(-156.98 138.566 0)
(-162.012 132.651 0)
(-166.821 126.554 0)
(-171.4 120.283 0)
(-175.744 113.846 0)
(-179.845 107.252 0)
(-183.7 100.511 0)
(-187.301 93.6313 0)
(-190.645 86.6228 0)
(-193.727 79.4951 0)
(-196.542 72.2579 0)
(-199.087 64.9213 0)
(-201.357 57.4954 0)
(-203.351 49.9903 0)
(-205.065 42.4165 0)
(-206.496 34.7842 0)
(-207.644 27.1041 0)
(-208.506 19.3868 0)
(-209.081 11.6427 0)
(-209.368 3.88268 0)
)
;
    }
    stirrerWall
    {
        type            calculated;
        value           nonuniform List<vector> 
100
(
(-0.775973 41.8739 0)
(-2.32686 41.817 0)
(-3.87457 41.7025 0)
(-5.41696 41.5307 0)
(-6.95191 41.3017 0)
(-8.4773 41.0159 0)
(-9.99103 40.6737 0)
(-11.491 40.2755 0)
(-12.9752 39.8219 0)
(-14.4415 39.3135 0)
(-15.8879 38.751 0)
(-17.3124 38.1352 0)
(-18.7131 37.4669 0)
(-20.088 36.7471 0)
(-21.4352 35.9768 0)
(-22.7529 35.1569 0)
(-24.0393 34.2887 0)
(-25.2925 33.3733 0)
(-26.5109 32.4121 0)
(-27.6927 31.4062 0)
(-29.3359 32.0508 0)
(-31.4591 34.3677 0)
(-33.5823 36.6846 0)
(-35.7055 39.0016 0)
(-37.8287 41.3185 0)
(-39.9519 43.6354 0)
(-42.0751 45.9523 0)
(-44.1983 48.2693 0)
(-46.3215 50.5862 0)
(-48.4447 52.9031 0)
(-50.5679 55.22 0)
(-52.6911 57.537 0)
(-54.8142 59.8539 0)
(-56.9374 62.1708 0)
(-59.0606 64.4877 0)
(-61.1838 66.8047 0)
(-63.307 69.1216 0)
(-65.4302 71.4385 0)
(-67.5534 73.7554 0)
(-69.6766 76.0724 0)
(-70.9005 77.0685 0)
(-71.2251 76.7439 0)
(-71.5498 76.4192 0)
(-71.8744 76.0946 0)
(-72.199 75.77 0)
(-72.5237 75.4453 0)
(-72.8483 75.1207 0)
(-73.1729 74.7961 0)
(-73.4976 74.4715 0)
(-73.8222 74.1468 0)
(-74.1468 73.8222 0)
(-74.4715 73.4976 0)
(-74.7961 73.1729 0)
(-75.1207 72.8483 0)
(-75.4453 72.5237 0)
(-75.77 72.199 0)
(-76.0946 71.8744 0)
(-76.4192 71.5498 0)
(-76.7439 71.2251 0)
(-77.0685 70.9005 0)
(-76.0724 69.6766 0)
(-73.7554 67.5534 0)
(-71.4385 65.4302 0)
(-69.1216 63.307 0)
(-66.8047 61.1838 0)
(-64.4877 59.0606 0)
(-62.1708 56.9374 0)
(-59.8539 54.8142 0)
(-57.537 52.6911 0)
(-55.22 50.5679 0)
(-52.9031 48.4447 0)
(-50.5862 46.3215 0)
(-48.2693 44.1983 0)
(-45.9523 42.0751 0)
(-43.6354 39.9519 0)
(-41.3185 37.8287 0)
(-39.0016 35.7055 0)
(-36.6846 33.5823 0)
(-34.3677 31.4591 0)
(-32.0508 29.3359 0)
(-31.4062 27.6927 0)
(-32.4121 26.5109 0)
(-33.3733 25.2925 0)
(-34.2887 24.0393 0)
(-35.1569 22.7529 0)
(-35.9768 21.4352 0)
(-36.7471 20.088 0)
(-37.4669 18.7131 0)
(-38.1352 17.3124 0)
(-38.751 15.8879 0)
(-39.3135 14.4415 0)
(-39.8219 12.9752 0)
(-40.2755 11.491 0)
(-40.6737 9.99103 0)
(-41.0159 8.4773 0)
(-41.3017 6.95191 0)
(-41.5307 5.41696 0)
(-41.7025 3.87457 0)
(-41.817 2.32686 0)
(-41.8739 0.775973 0)
)
;
    }
    top
    {
        type            empty;
    }
    bottom
    {
        type            empty;
    }
}


// ************************************************************************* //
