/*--------------------------------*- C++ -*----------------------------------*\
  =========                 |
  \\      /  F ield         | OpenFOAM: The Open Source CFD Toolbox
   \\    /   O peration     | Website:  https://openfoam.org
    \\  /    A nd           | Version:  10
     \\/     M anipulation  |
\*---------------------------------------------------------------------------*/
FoamFile
{
    format      ascii;
    class       volVectorField;
    location    "800";
    object      Urel;
}
// * * * * * * * * * * * * * * * * * * * * * * * * * * * * * * * * * * * * * //

dimensions      [0 1 -1 0 0 0 0];

internalField   nonuniform List<vector> 
2000
(
(4.94968 -3.56906 2.24502e-17)
(2.12817 4.02001 1.34993e-17)
(3.36832 8.27159 -1.07993e-17)
(4.87445 11.2464 0)
(6.22683 13.3675 0)
(7.44108 14.5124 3.72366e-16)
(8.3925 14.7688 -4.48699e-16)
(9.0928 14.2757 -5.33599e-16)
(9.31269 13.1543 6.35527e-16)
(9.12728 11.5079 7.7254e-16)
(8.40289 9.53098 9.65502e-16)
(7.18444 7.70366 0)
(5.7127 6.97847 1.59708e-15)
(5.30374 6.81344 2.04777e-15)
(4.05792 5.00303 2.83986e-15)
(2.65624 1.03046 3.31559e-15)
(2.15341 -4.7542 -2.25353e-15)
(1.51327 -10.0173 8.75137e-16)
(1.12968 -14.7849 7.61836e-16)
(0.900998 -18.9408 2.90123e-15)
(4.72522 -2.53217 -1.19039e-16)
(0.308767 4.18951 -3.24094e-18)
(1.8338 7.61638 -2.02372e-16)
(2.8502 10.3768 -7.49485e-16)
(4.28134 12.3703 1.37152e-16)
(5.85167 13.4991 -1.67933e-15)
(7.26926 13.9093 9.15666e-16)
(8.41656 13.7125 1.6721e-15)
(9.07701 12.9811 6.33171e-16)
(9.18682 11.7896 7.48157e-16)
(8.72306 10.3125 -1.79172e-15)
(7.71046 8.9 -1.08002e-15)
(6.37628 7.9943 -1.4041e-15)
(5.73655 7.26387 -1.74648e-15)
(5.84561 5.575 -7.7661e-15)
(5.28086 2.69942 -4.5816e-15)
(4.73132 -3.66759 7.63681e-15)
(3.86126 -9.14035 -5.6439e-15)
(3.32306 -14.1185 0)
(3.02136 -18.5172 -4.39378e-15)
(4.64393 -2.95612 7.67372e-17)
(0.440415 3.69669 -1.19829e-16)
(2.07045 7.06781 1.90092e-16)
(2.92102 9.60933 6.99207e-16)
(4.21365 11.4339 1.3522e-15)
(5.72685 12.5592 3.68326e-16)
(7.14103 13.112 9.77189e-16)
(8.32193 13.1886 -1.64567e-15)
(9.11623 12.8214 -1.29202e-15)
(9.44818 12.1186 -1.48425e-15)
(9.31919 11.0906 1.72751e-15)
(8.75199 10.041 0)
(8.04105 9.06269 -4.72901e-15)
(7.76571 7.92259 0)
(7.90698 6.08331 0)
(7.42098 3.77652 0)
(6.66845 -1.89687 6.3833e-15)
(5.97975 -7.86545 -8.04723e-15)
(5.43699 -13.1321 0)
(5.14162 -17.7905 3.01675e-15)
(4.58378 -3.31143 1.00485e-17)
(0.755588 2.86843 2.41738e-16)
(2.5466 6.37688 0)
(3.53622 8.72218 1.3262e-15)
(4.72738 10.389 4.98699e-16)
(6.11883 11.4893 2.14105e-16)
(7.44347 12.1396 -1.77603e-17)
(8.57868 12.434 3.23928e-15)
(9.41554 12.4015 0)
(9.90364 12.0556 1.29477e-15)
(10.0393 11.429 1.50904e-15)
(9.795 10.6553 3.59741e-15)
(9.45032 9.69302 4.23933e-15)
(9.32053 8.50111 1.00613e-14)
(9.4022 6.69334 -6.20115e-15)
(9.34883 4.41796 -5.07661e-16)
(8.4755 -0.0478235 2.24381e-14)
(8.06806 -6.34029 8.4618e-15)
(7.55584 -11.8733 6.99687e-15)
(7.29865 -16.7713 6.13587e-15)
(4.55841 -3.70078 0)
(0.855081 1.86691 -5.15013e-16)
(2.81707 5.52541 -4.52201e-16)
(4.00509 7.77731 -1.64541e-15)
(5.18695 9.35419 -2.19007e-15)
(6.50662 10.4331 7.37748e-16)
(7.76478 11.1433 -1.98933e-15)
(8.85499 11.5865 -3.22375e-15)
(9.71778 11.7988 -1.14028e-15)
(10.3224 11.7592 1.29754e-16)
(10.634 11.4714 -2.82835e-15)
(10.6084 10.9282 -3.37083e-15)
(10.4784 10.0638 -3.67576e-15)
(10.4509 8.9697 -4.38378e-15)
(10.6622 7.33816 0)
(10.9573 5.20208 2.27721e-16)
(9.9883 1.77764 2.69735e-16)
(10.1063 -4.79651 -7.8129e-15)
(9.7132 -10.4965 -1.98955e-14)
(9.49143 -15.5192 5.41536e-15)
(4.5934 -4.04916 0)
(0.714911 0.796822 2.77247e-16)
(2.8322 4.49484 0)
(4.21631 6.7519 1.05259e-15)
(5.45358 8.32286 2.69293e-15)
(6.74601 9.42049 0)
(7.95681 10.183 3.81043e-15)
(9.0115 10.722 6.48705e-15)
(9.88542 11.0963 0)
(10.57 11.2904 -2.31198e-15)
(11.0057 11.2854 5.76543e-15)
(11.1402 10.9749 2.86032e-16)
(11.1373 10.2909 3.72904e-15)
(11.204 9.31774 -3.67181e-15)
(11.5061 7.83085 0)
(12.1657 5.97747 -1.1941e-14)
(11.2687 3.64709 -9.2431e-15)
(11.929 -3.07031 0)
(11.7044 -8.90103 1.22677e-14)
(11.5378 -13.997 -2.09261e-14)
(4.6972 -4.28602 2.02083e-16)
(0.512902 -0.225145 -3.17514e-19)
(2.65408 3.29154 -8.48131e-16)
(4.20997 5.57551 -4.0623e-16)
(5.53131 7.21575 -1.51607e-16)
(6.81795 8.39588 -1.88321e-15)
(7.98272 9.23503 3.63319e-15)
(9.00017 9.84635 -6.34848e-15)
(9.86171 10.3216 -6.96929e-15)
(10.5824 10.675 4.77783e-15)
(11.0991 10.8822 -2.9037e-15)
(11.3565 10.828 -2.93582e-15)
(11.4824 10.3472 2.9089e-15)
(11.6627 9.54069 -6.64086e-15)
(11.9688 8.1632 0)
(12.7218 6.35682 2.13669e-14)
(12.3225 4.58848 -3.0449e-14)
(13.2817 -1.40767 1.2101e-14)
(13.3724 -7.2292 1.12185e-14)
(13.3015 -12.3009 4.00423e-16)
(4.8469 -4.42422 3.7809e-17)
(0.30085 -1.10353 -3.09145e-16)
(2.37932 1.99092 1.21084e-15)
(4.04226 4.23846 -1.67681e-15)
(5.44063 5.98683 -2.87623e-15)
(6.72701 7.30484 0)
(7.8433 8.26135 -3.91435e-15)
(8.80503 8.95516 0)
(9.6189 9.49737 4.63293e-15)
(10.3441 9.94089 0)
(10.8855 10.2869 0)
(11.2477 10.4062 -4.47825e-16)
(11.5115 10.2222 1.1075e-14)
(11.872 9.63579 6.38539e-15)
(12.2792 8.3817 6.23684e-16)
(13.0755 6.54623 -8.53079e-15)
(13.2292 4.94354 0)
(14.0876 0.00455052 0)
(14.5743 -5.63475 9.67887e-15)
(14.5961 -10.545 1.83231e-14)
(5.00756 -4.44519 -1.77046e-16)
(0.113908 -1.76235 -3.75201e-16)
(2.08345 0.691271 8.17933e-16)
(3.75299 2.77349 -7.52095e-16)
(5.18798 4.61926 -1.65866e-15)
(6.4654 6.10499 1.45539e-15)
(7.53159 7.21725 2.05492e-15)
(8.42234 8.02404 -1.87297e-15)
(9.15657 8.63268 0)
(9.81586 9.11949 -4.77689e-15)
(10.3452 9.52489 4.40307e-15)
(10.7751 9.81803 -4.9873e-15)
(11.1563 9.78541 0)
(11.703 9.36747 1.01266e-16)
(12.2488 8.42351 5.5275e-16)
(13.0705 6.6159 8.4842e-15)
(13.5785 5.19069 -2.03373e-14)
(14.3514 1.12733 9.68205e-15)
(15.1299 -4.18373 -9.19477e-15)
(15.2297 -8.82645 -8.5999e-15)
(5.15314 -4.35514 0)
(0.0235616 -2.28908 -3.551e-17)
(1.87194 -0.505178 -1.64345e-15)
(3.34707 1.2737 1.38965e-16)
(4.76728 3.12111 0)
(6.00391 4.75618 0)
(7.01227 6.04362 -5.63428e-15)
(7.83071 6.9995 1.84422e-15)
(8.48176 7.6946 -8.5447e-15)
(9.03218 8.21271 -4.95611e-16)
(9.51403 8.62677 8.83086e-15)
(9.95742 8.99488 -4.26304e-15)
(10.4185 9.15027 4.75236e-16)
(11.0829 8.74641 5.71268e-16)
(11.7279 8.13182 -5.68064e-15)
(12.5884 6.40987 0)
(13.1492 5.12133 -9.52377e-15)
(13.9296 1.74227 3.72847e-14)
(14.8982 -3.03111 -1.5987e-14)
(15.0675 -7.2794 7.7885e-15)
(5.25404 -4.16511 4.52489e-17)
(-0.00819121 -2.72341 6.01691e-16)
(1.77751 -1.54369 1.60122e-15)
(2.89979 -0.176943 1.0688e-15)
(4.17589 1.56398 1.36731e-15)
(5.3168 3.24546 0)
(6.23248 4.68126 1.8826e-15)
(6.97582 5.8033 1.8465e-15)
(7.53744 6.62593 -4.07008e-15)
(7.95635 7.19206 8.48752e-15)
(8.31428 7.57312 4.49201e-15)
(8.75563 7.92923 -4.47601e-15)
(9.26968 8.16097 8.83812e-15)
(10.0002 8.03659 4.60265e-15)
(10.7554 7.39222 5.97446e-15)
(11.5887 5.90812 8.51592e-16)
(12.3251 4.76206 -7.81841e-15)
(12.9304 1.93743 -4.87623e-16)
(13.8749 -2.20011 -1.64505e-14)
(13.894 -5.96664 -9.03701e-15)
(5.28128 -3.87694 0)
(-0.0363871 -3.05032 -5.53187e-16)
(1.65025 -2.41171 5.42476e-16)
(2.43675 -1.48706 -1.42287e-15)
(3.43806 0.0366972 3.34417e-15)
(4.40295 1.66245 -1.71044e-15)
(5.16238 3.11647 0)
(5.77717 4.35988 0)
(6.23281 5.32932 4.41911e-15)
(6.51739 5.98546 0)
(6.72288 6.34208 -2.32159e-18)
(7.0935 6.61652 -8.38105e-15)
(7.63354 6.87606 4.11025e-15)
(8.40135 6.84434 -4.84907e-15)
(9.24022 6.35174 0)
(10.0647 5.11528 6.30266e-15)
(10.7314 4.12416 0)
(11.2958 1.77245 -8.36927e-15)
(12.0039 -1.73025 -1.59061e-14)
(11.9927 -4.97137 1.44136e-14)
(5.24936 -3.49292 7.51766e-17)
(-0.138445 -3.27241 -7.74138e-16)
(1.33766 -3.09514 0)
(1.80348 -2.57545 -2.29713e-15)
(2.49804 -1.41078 -1.37858e-15)
(3.15676 0.027255 -1.84214e-15)
(3.77231 1.44602 0)
(4.15933 2.66725 0)
(4.46844 3.73825 4.41689e-15)
(4.59266 4.51571 0)
(4.60994 4.86505 4.64541e-15)
(4.85801 4.99207 -4.14329e-15)
(5.39043 5.16902 -4.14973e-15)
(6.16551 5.15678 6.22594e-16)
(7.03698 4.7754 -1.65031e-14)
(7.84623 3.76788 5.35181e-15)
(8.41836 2.93661 -7.57093e-15)
(8.7803 1.06114 0)
(9.04979 -1.73822 -7.45074e-15)
(8.60266 -4.38338 2.41258e-14)
(5.14964 -3.00293 -2.11966e-16)
(-0.382758 -3.36546 1.51557e-15)
(0.766732 -3.60686 -5.45796e-16)
(0.955129 -3.51821 2.26555e-15)
(1.33931 -2.72708 3.30354e-15)
(1.596 -1.58115 -4.7296e-15)
(1.96985 -0.210808 1.05135e-14)
(2.14634 0.918076 -1.07924e-14)
(2.20174 1.96673 -4.40794e-16)
(2.07823 2.82457 -5.37835e-15)
(1.83747 3.13627 1.48869e-14)
(1.89724 3.00788 -9.77792e-15)
(2.3886 2.92281 4.99063e-15)
(3.16961 2.8599 0)
(3.97926 2.53697 0)
(4.64951 1.69238 0)
(4.99748 0.951762 9.53454e-15)
(4.87632 -0.328803 8.4673e-16)
(4.53099 -2.32471 -7.91632e-15)
(3.85502 -4.33811 -9.00614e-15)
(4.97495 -2.38382 1.41965e-17)
(-0.796778 -3.28995 -1.86803e-15)
(-0.00811338 -3.88263 -9.12692e-16)
(-0.187663 -4.26474 8.92992e-16)
(-0.208134 -3.9939 1.70394e-15)
(-0.149398 -3.22785 -1.96502e-15)
(0.120282 -2.02164 0)
(0.376586 -0.784761 0)
(-0.0971193 0.314141 0)
(-0.715387 1.23365 0)
(-1.46925 1.5115 -1.31894e-14)
(-1.8166 1.05961 1.97024e-14)
(-1.51315 0.494434 -5.9532e-15)
(-0.821485 0.136086 0)
(-0.218555 -0.242083 0)
(0.0206688 -0.943462 0)
(-0.319881 -1.68422 1.92597e-14)
(-1.15547 -2.1269 1.10142e-15)
(-2.06982 -3.13477 1.27644e-15)
(-2.24346 -4.7737 0)
(4.72867 -1.61315 0)
(-1.32528 -3.02916 4.0499e-15)
(-0.864404 -3.858 -9.8529e-16)
(-1.40668 -4.59391 5.53969e-15)
(-2.01652 -4.7762 -6.05631e-15)
(-2.73993 -4.51851 0)
(-3.07634 -3.99265 0)
(-2.51836 -3.4795 1.50292e-14)
(-2.2239 -2.34016 0)
(-3.02835 -0.955414 0)
(-3.38584 -0.333195 -1.95863e-14)
(-3.2215 -0.72583 3.24552e-14)
(-3.75977 -1.77851 -9.80007e-15)
(-4.39677 -2.47374 -4.25113e-14)
(-4.91209 -2.6834 -2.80462e-15)
(-5.71061 -2.95631 -3.21952e-15)
(-7.04577 -3.66614 5.54182e-14)
(-8.2432 -4.46414 3.21847e-14)
(-8.47605 -6.61639 0)
(-5.0499 -8.28824 -4.15621e-14)
(4.36306 -0.793061 0)
(-1.86441 -2.61416 -2.24211e-15)
(-1.61332 -3.53399 3.77444e-15)
(-2.40017 -4.42905 -3.2338e-15)
(-3.44034 -4.86601 4.47889e-15)
(-4.76979 -4.76553 0)
(-6.11059 -4.4121 0)
(-7.23725 -4.08937 1.34349e-15)
(-7.74441 -3.86084 -6.94847e-15)
(-8.43781 -3.07354 6.89796e-15)
(-8.91994 -2.32674 1.54343e-14)
(-9.34215 -1.42347 -1.72533e-14)
(-8.48653 -1.1234 -4.43012e-14)
(-6.4547 -2.17686 4.89264e-14)
(-5.49712 -3.15892 2.89582e-14)
(-5.98975 -3.01941 -3.63632e-14)
(-6.53913 -2.12994 -1.30157e-15)
(-6.21916 -1.89529 -3.05122e-14)
(-4.33912 -3.72982 -3.12208e-14)
(-1.65634 -6.92172 5.59112e-14)
(3.85281 0.0440105 0)
(-2.28297 -2.09121 2.78395e-15)
(-2.05491 -2.94238 -4.04642e-15)
(-2.86259 -3.85225 4.20911e-15)
(-3.91622 -4.42507 1.55195e-15)
(-5.20343 -4.46555 0)
(-6.61651 -3.96719 0)
(-8.0641 -2.98959 -4.58406e-15)
(-9.16087 -1.85012 -6.63338e-16)
(-10.3494 -0.549857 6.43819e-15)
(-10.5527 0.494559 0)
(-9.7628 0.788045 0)
(-8.08959 0.220318 1.93013e-14)
(-7.43651 0.479233 2.2036e-16)
(-7.98138 1.72919 2.43707e-14)
(-7.97305 2.4673 -2.25159e-14)
(-6.80241 2.32272 0)
(-4.64541 1.0925 0)
(-1.22819 -2.72371 0)
(1.23209 -6.62772 0)
(3.18657 0.711161 2.81199e-16)
(-2.25264 -1.5856 -6.20266e-15)
(-1.88379 -2.23262 6.54937e-15)
(-2.5641 -3.05785 -8.14317e-15)
(-3.31362 -3.76118 -5.01877e-15)
(-3.92142 -4.16734 1.5655e-14)
(-4.24622 -4.23568 0)
(-4.20593 -4.03244 -1.41757e-14)
(-3.84046 -3.53045 -9.01404e-15)
(-3.34854 -2.71699 8.93603e-15)
(-2.38525 -1.73556 3.22582e-14)
(-1.18993 -0.792865 -3.42606e-14)
(-0.166676 -0.0925452 5.09249e-14)
(0.162026 0.455021 -2.39549e-14)
(0.422422 0.915327 2.79356e-14)
(1.46386 1.1921 -6.03479e-14)
(2.76178 1.62988 3.73419e-14)
(3.57154 2.01532 -3.97201e-14)
(4.79516 -0.345851 0)
(3.32372 -3.08227 0)
(1.76162 1.05155 0)
(-1.72094 -0.576679 1.87816e-15)
(-0.895502 -0.554854 -3.79486e-15)
(-0.99813 -0.722416 0)
(-1.12 -1.01613 0)
(-1.1597 -1.28096 -1.00362e-14)
(-1.10619 -1.3718 -6.81512e-15)
(-1.01692 -1.16405 6.85576e-15)
(-0.874714 -0.488624 0)
(-0.699073 0.697986 0)
(-0.386226 2.27778 -2.40715e-14)
(0.0945148 3.87495 0)
(0.653134 5.23155 -3.23656e-14)
(1.3017 6.00096 -3.48172e-14)
(2.27429 5.99895 6.52412e-14)
(3.42132 5.47511 3.41689e-14)
(4.19693 4.75273 0)
(4.66749 4.22152 3.61351e-14)
(5.14154 2.83349 3.85222e-14)
(3.77822 0.744406 -4.28328e-14)
(0.859796 -22.4137 -1.32215e-15)
(0.996718 -25.1561 -2.42465e-17)
(1.21241 -27.1752 1.18577e-15)
(1.25329 -28.7969 -1.17712e-15)
(1.0755 -30.5885 1.07064e-15)
(0.924256 -32.5937 -1.05798e-15)
(0.854868 -34.5737 9.61149e-16)
(0.808491 -36.5506 9.46851e-16)
(0.783363 -38.6162 -8.54859e-16)
(0.782912 -40.7847 -1.65122e-15)
(0.806386 -43.0392 -3.16256e-15)
(0.837145 -45.3597 1.45307e-15)
(0.884304 -47.7877 0)
(0.928565 -50.304 0)
(0.939057 -52.9527 -2.62114e-15)
(1.174 -55.8645 0)
(0.568814 -58.1456 0)
(2.71204 -63.0452 1.13332e-15)
(-4.08904 -60.0796 -1.09083e-15)
(15.6405 -78.2694 3.6134e-15)
(2.91354 -22.2041 -2.79145e-15)
(2.9673 -25.0597 -1.38523e-15)
(3.09724 -27.0433 -5.05802e-17)
(3.05263 -28.5506 -2.33687e-15)
(2.80971 -30.2963 -4.52002e-15)
(2.64212 -32.3332 4.10452e-15)
(2.56891 -34.3537 7.98551e-17)
(2.52401 -36.367 -3.65833e-15)
(2.50842 -38.4644 -3.52052e-15)
(2.53031 -40.6594 -1.73343e-15)
(2.59006 -42.9344 4.63448e-15)
(2.6666 -45.2696 2.91618e-15)
(2.77635 -47.7048 8.48795e-15)
(2.87976 -50.226 0)
(2.98066 -52.8727 7.87254e-15)
(3.27974 -55.7802 -5.13988e-15)
(2.77189 -58.0796 9.49834e-15)
(5.0393 -62.9552 4.53247e-15)
(-1.83499 -60.2607 -4.36526e-15)
(18.3915 -77.5268 8.86111e-19)
(5.00949 -21.6938 -5.69384e-15)
(5.00015 -24.6691 5.10959e-15)
(5.03718 -26.6351 1.25442e-14)
(4.87917 -28.0711 -2.27648e-15)
(4.55173 -29.8157 0)
(4.35087 -31.9032 -8.65955e-17)
(4.26738 -33.9745 3.921e-15)
(4.22388 -36.0335 0)
(4.22336 -38.1728 3.54158e-15)
(4.27191 -40.4025 -6.81724e-15)
(4.36872 -42.703 6.15816e-15)
(4.49048 -45.0576 -5.98183e-15)
(4.66266 -47.5023 1.39225e-16)
(4.82405 -50.0364 -5.34635e-15)
(5.01771 -52.6828 -5.2529e-15)
(5.37861 -55.5952 0)
(4.97835 -57.9076 -4.81286e-15)
(7.37307 -62.7457 0)
(0.429503 -60.3368 -8.9469e-15)
(21.2243 -76.7047 0)
(7.15871 -20.8723 1.29332e-16)
(7.07218 -23.9547 -5.04085e-15)
(6.9788 -25.913 -9.77272e-15)
(6.67159 -27.322 0)
(6.24271 -29.1153 -9.07386e-15)
(6.00225 -31.2865 4.03283e-15)
(5.90608 -33.4323 3.98489e-15)
(5.86674 -35.558 7.51708e-15)
(5.88614 -37.7591 -7.07432e-15)
(5.9681 -40.0402 6.81095e-15)
(6.10961 -42.3779 2.85131e-16)
(6.28376 -44.7591 -5.84404e-15)
(6.52272 -47.2146 0)
(6.74593 -49.766 1.09608e-14)
(7.03661 -52.4042 -1.07801e-14)
(7.46064 -55.3278 -2.60861e-16)
(7.17665 -57.6401 -9.90409e-15)
(9.6971 -62.4345 8.8145e-15)
(2.71651 -60.339 9.52714e-15)
(24.0448 -75.7534 3.04856e-16)
(9.31918 -19.7388 2.13049e-14)
(9.12397 -22.8899 -1.4754e-14)
(8.85986 -24.8463 4.5644e-15)
(8.37359 -26.2757 0)
(7.8378 -28.1811 0)
(7.56306 -30.4818 -8.49458e-15)
(7.45953 -32.7334 1.56378e-14)
(7.43202 -34.9492 -1.5112e-14)
(7.4821 -37.2279 6.58527e-15)
(7.60945 -39.5703 1.29963e-14)
(7.80633 -41.951 1.28571e-14)
(8.04205 -44.364 -1.19522e-14)
(8.35321 -46.8318 1.11486e-14)
(8.64451 -49.406 5.26264e-18)
(9.03433 -52.0288 1.07823e-14)
(9.52352 -54.9728 2.54289e-16)
(9.36042 -57.2706 -9.91161e-15)
(12.0028 -62.0225 1.74723e-14)
(4.98361 -60.2588 -1.78721e-14)
(26.8304 -74.6791 -1.46018e-14)
(11.3469 -18.2858 5.1448e-15)
(11.036 -21.4637 -4.28648e-15)
(10.5727 -23.4181 2.30757e-16)
(9.88976 -24.9287 0)
(9.26242 -27.0257 0)
(8.97847 -29.5076 -1.68116e-14)
(8.88884 -31.8952 1.53398e-14)
(8.89303 -34.2204 3.00591e-14)
(8.99233 -36.5886 -2.07655e-14)
(9.1809 -38.9998 -1.35565e-14)
(9.44548 -41.4291 2.51031e-14)
(9.75323 -43.8793 -4.77442e-14)
(10.1425 -46.3607 1.08658e-14)
(10.5109 -48.9633 1.06847e-14)
(11.0021 -51.5627 1.07861e-14)
(11.5631 -54.5377 -9.77888e-15)
(11.5242 -56.802 0)
(14.2866 -61.5168 1.81386e-14)
(7.26147 -60.0992 1.90163e-14)
(29.56 -73.4883 1.52432e-14)
(13.0967 -16.5669 -9.18608e-15)
(12.6542 -19.7066 0)
(11.9692 -21.6563 1.81656e-14)
(11.0997 -23.3246 -1.71352e-14)
(10.4355 -25.702 0)
(10.1971 -28.4094 0)
(10.1605 -30.9534 -7.80875e-15)
(10.2272 -33.4001 -2.96145e-14)
(10.4003 -35.8647 1.39873e-14)
(10.6685 -38.3484 0)
(11.0142 -40.8275 0)
(11.406 -43.3158 1.19233e-14)
(11.8806 -45.8087 -1.14063e-14)
(12.3381 -48.4423 -1.09413e-14)
(12.9316 -51.009 -2.15831e-14)
(13.5758 -54.0275 1.95561e-14)
(13.6597 -56.236 5.34896e-16)
(16.5424 -60.9279 5.07139e-16)
(9.53845 -59.8549 -1.78234e-14)
(32.2192 -72.1886 -1.466e-14)
(14.3674 -14.6749 -8.25257e-15)
(13.7848 -17.6978 -1.75318e-14)
(12.8784 -19.6378 -8.83966e-16)
(11.8805 -21.5515 2.54479e-14)
(11.2864 -24.2911 0)
(11.178 -27.2454 1.61492e-14)
(11.2499 -29.9501 -1.58718e-14)
(11.4203 -32.5211 1.41301e-14)
(11.698 -35.0831 1.36254e-14)
(12.0682 -37.6379 -1.35169e-14)
(12.511 -40.1638 1.22319e-14)
(13.0003 -42.6872 0)
(13.5665 -45.1868 -2.33759e-14)
(14.1257 -47.8515 4.37835e-14)
(14.8174 -50.3746 -4.16032e-14)
(15.5596 -53.4487 0)
(15.7593 -55.5752 -1.33653e-17)
(18.7663 -60.2611 -1.77323e-14)
(11.8117 -59.5213 3.63251e-14)
(34.798 -70.791 -4.34846e-14)
(14.9582 -12.7172 -4.92569e-16)
(14.2282 -15.5419 2.48933e-14)
(13.1316 -17.4841 -1.65561e-14)
(12.1369 -19.7477 -8.64684e-15)
(11.7783 -22.9024 1.66682e-14)
(11.9017 -26.0856 -3.27727e-14)
(12.1438 -28.933 1.51468e-14)
(12.4637 -31.6189 0)
(12.88 -34.2716 3.01316e-16)
(13.3769 -36.8915 -1.29047e-14)
(13.9346 -39.4583 -2.56375e-14)
(14.5358 -42.0111 2.32713e-14)
(15.1997 -44.5112 -2.3393e-14)
(15.874 -47.2034 2.19008e-14)
(16.656 -49.6715 2.21654e-14)
(17.5157 -52.8096 -1.95566e-14)
(17.8173 -54.824 5.87237e-14)
(20.9588 -59.5243 -1.72434e-14)
(14.0783 -59.0917 -3.5533e-14)
(37.2908 -69.3068 -1.62039e-17)
(14.7008 -10.8195 -8.05173e-15)
(13.8189 -13.3737 3.30455e-14)
(12.622 -15.3805 1.06683e-15)
(11.8617 -18.1128 -3.44951e-14)
(11.9403 -21.6758 -1.77977e-14)
(12.3844 -25.0178 3.19228e-14)
(12.8485 -27.9639 0)
(13.3581 -30.7374 1.51206e-14)
(13.9447 -33.4601 -2.76033e-14)
(14.5918 -36.1292 0)
(15.2818 -38.7242 -2.50336e-14)
(16.0096 -41.2969 2.3838e-14)
(16.7768 -43.7896 0)
(17.5816 -46.5025 4.38043e-14)
(18.4432 -48.9064 -2.11235e-14)
(19.4465 -52.1128 0)
(19.8277 -53.9854 -5.88524e-14)
(23.122 -58.7211 5.35618e-14)
(16.3332 -58.5572 3.63051e-14)
(39.6947 -67.7479 5.9016e-14)
(13.4196 -9.09746 1.49726e-14)
(12.4678 -11.3768 8.69413e-15)
(11.3562 -13.5928 -1.68708e-14)
(11.1743 -16.8939 -1.81059e-14)
(11.8736 -20.759 3.39065e-14)
(12.6835 -24.1385 -3.22858e-14)
(13.4066 -27.1178 1.55605e-14)
(14.1359 -29.9321 -3.03797e-14)
(14.9155 -32.6878 4.14058e-14)
(15.729 -35.3775 2.71323e-14)
(16.5624 -37.9792 -2.44433e-14)
(17.4269 -40.5555 5.75867e-16)
(18.3 -43.0292 -2.23116e-14)
(19.2491 -45.7513 -6.63155e-14)
(20.1758 -48.0851 4.23177e-14)
(21.355 -51.3565 1.04664e-15)
(21.7815 -53.0642 3.94818e-14)
(25.2576 -57.8517 0)
(18.5691 -57.909 -3.54437e-14)
(42.0081 -66.1282 2.95714e-14)
(11.2478 -7.63989 0)
(10.1061 -9.75061 0)
(9.54541 -12.4458 -1.91155e-14)
(10.3379 -16.3105 -1.21615e-15)
(11.7283 -20.243 5.17391e-14)
(12.8821 -23.5086 -1.60663e-14)
(13.8815 -26.4445 1.64908e-14)
(14.8457 -29.2408 -2.90673e-14)
(15.8295 -31.9826 0)
(16.8161 -34.6574 2.65281e-14)
(17.7964 -37.2392 2.51726e-14)
(18.8019 -39.7982 0)
(19.7789 -42.2392 -2.34983e-14)
(20.8825 -44.9542 4.33298e-14)
(21.8557 -47.2157 4.29513e-14)
(23.2462 -50.5369 -1.85129e-14)
(23.67 -52.0823 -7.71024e-14)
(27.3662 -56.9187 0)
(20.779 -57.1436 0)
(44.2218 -64.4659 5.15707e-18)
(7.71379 -6.62279 -1.64248e-14)
(6.92847 -8.82944 0)
(7.69299 -12.2878 8.57728e-16)
(9.69917 -16.4198 2.01044e-14)
(11.648 -20.0898 -3.49518e-14)
(13.0675 -23.1095 0)
(14.3353 -25.9295 1.59023e-14)
(15.5258 -28.6489 0)
(16.7118 -31.3329 0)
(17.8709 -33.9618 -2.67189e-14)
(18.9966 -36.5012 0)
(20.1441 -39.0249 2.4576e-14)
(21.2207 -41.4223 -6.89026e-14)
(22.4863 -44.1123 4.39459e-14)
(23.486 -46.3052 -2.06973e-14)
(25.1248 -49.648 8.03352e-14)
(25.488 -51.0511 0)
(29.4506 -55.9337 -3.54886e-14)
(22.9575 -56.2485 0)
(46.3287 -62.7828 5.92939e-14)
(3.14712 -6.31812 0)
(3.80651 -9.11719 1.06011e-15)
(6.63855 -13.2857 1.95857e-15)
(9.50491 -17.0565 -5.92792e-14)
(11.7326 -20.1981 1.76206e-14)
(13.3319 -22.9133 -1.71301e-14)
(14.8452 -25.5599 -1.62544e-14)
(16.2301 -28.1496 3.13229e-14)
(17.5972 -30.7333 -2.79061e-14)
(18.9139 -33.2871 -5.44518e-14)
(20.1765 -35.7633 2.46767e-14)
(21.4612 -38.234 2.40284e-14)
(22.6305 -40.579 2.30266e-14)
(24.0623 -43.2248 2.2008e-14)
(25.0701 -45.3597 0)
(26.991 -48.684 1.06327e-15)
(27.228 -49.9677 -7.75795e-14)
(31.5208 -54.9014 -8.26001e-16)
(25.0743 -55.2139 3.47071e-14)
(48.3436 -61.1037 -5.93586e-14)
(-1.44649 -7.44432 2.99944e-14)
(2.34833 -11.3177 2.92343e-14)
(6.85985 -15.1416 2.38952e-14)
(9.75005 -17.9158 -2.1934e-14)
(12.0673 -20.4574 1.75289e-14)
(13.7755 -22.8631 3.61703e-14)
(15.4826 -25.2884 -1.55013e-14)
(17.0082 -27.7128 -6.24422e-14)
(18.5218 -30.1674 -1.53944e-15)
(19.9703 -32.624 -1.37451e-15)
(21.3525 -35.0202 2.47914e-14)
(22.7641 -37.4229 -4.82133e-14)
(24.0158 -39.7094 0)
(25.613 -42.2905 2.31817e-14)
(26.6129 -44.3854 -8.53614e-14)
(28.8422 -47.6403 3.91284e-14)
(28.8798 -48.8486 3.94215e-14)
(33.59 -53.7964 0)
(27.085 -54.0511 -3.56791e-14)
(50.3024 -59.4343 0)
(-0.396072 -10.1605 1.61675e-15)
(3.99662 -13.7575 1.2478e-15)
(8.12391 -16.5972 2.34433e-14)
(10.3655 -18.6224 -6.47455e-14)
(12.7402 -20.7054 5.62566e-14)
(14.4516 -22.84 1.78567e-14)
(16.2719 -25.025 -1.66368e-14)
(17.8749 -27.2801 3.02453e-14)
(19.4951 -29.5976 2.82897e-14)
(21.0479 -31.9488 2.65089e-17)
(22.5289 -34.2573 0)
(24.056 -36.5813 -6.1673e-16)
(25.3796 -38.8081 2.25354e-14)
(27.1367 -41.3052 4.53054e-14)
(28.1191 -43.3861 2.2415e-15)
(30.673 -46.5126 -7.93685e-14)
(30.4432 -47.71 4.06595e-14)
(35.6737 -52.591 -6.97337e-14)
(29.0026 -52.7888 3.57908e-14)
(52.195 -57.7745 0)
(2.51101 -11.35 0)
(6.24315 -14.8084 -2.34142e-14)
(9.78842 -17.0391 -2.15005e-14)
(11.4136 -18.9531 0)
(13.7437 -20.7624 5.87563e-14)
(15.3515 -22.7146 -5.27884e-14)
(17.2049 -24.6861 -6.77994e-14)
(18.8293 -26.7987 -9.17429e-16)
(20.5176 -28.9888 0)
(22.1484 -31.2376 1.24539e-17)
(23.7079 -33.4586 2.56872e-14)
(25.3371 -35.6981 0)
(26.7219 -37.869 4.75819e-14)
(28.6276 -40.2647 -8.84852e-14)
(29.5897 -42.3647 4.17069e-14)
(32.4711 -45.299 -1.33869e-17)
(31.9207 -46.5742 -3.96569e-14)
(37.7908 -51.3048 3.52935e-14)
(30.7821 -51.4414 -3.74491e-14)
(54.0141 -56.1549 5.81841e-14)
(4.58415 -11.0387 0)
(8.11947 -14.9822 0)
(11.4872 -16.796 -4.26865e-14)
(12.6621 -18.8737 7.92071e-14)
(14.937 -20.4629 -7.37608e-14)
(16.4181 -22.3682 1.77573e-14)
(18.2419 -24.1989 6.68031e-14)
(19.8578 -26.2218 3.21738e-14)
(21.5846 -28.3118 -2.84623e-14)
(23.2723 -30.4729 2.74066e-14)
(24.8911 -32.6144 -5.2165e-14)
(26.6076 -34.7684 2.36714e-14)
(28.0435 -36.8902 4.76939e-14)
(30.0792 -39.1681 4.66608e-14)
(31.0213 -41.3202 -4.17719e-14)
(34.208 -43.9885 3.92781e-14)
(33.2742 -45.4659 7.9535e-14)
(39.9564 -49.8798 -3.42596e-14)
(32.3603 -49.9858 0)
(55.8126 -54.6553 0)
(6.7785 -8.46601 0)
(9.86593 -14.6481 2.34028e-14)
(13.3151 -15.8775 -2.00125e-14)
(14.0544 -18.4437 -4.07296e-14)
(16.2255 -19.8624 1.62396e-14)
(17.6037 -21.797 3.40738e-14)
(19.3744 -23.5086 3.02455e-18)
(20.9634 -25.4756 0)
(22.6937 -27.4906 0)
(24.4138 -29.5865 5.54381e-14)
(26.072 -31.669 1.35524e-15)
(27.8595 -33.7483 -4.80839e-14)
(29.3384 -35.8368 0)
(31.4815 -37.9789 -8.88688e-14)
(32.4109 -40.2139 4.40541e-14)
(35.8436 -42.5329 -1.20067e-13)
(34.4637 -44.4652 3.96786e-14)
(42.1376 -48.1285 3.6136e-14)
(33.5798 -48.5558 -7.31752e-14)
(57.6728 -53.4878 5.77206e-14)
(9.61621 -4.18771 -9.24577e-16)
(11.8332 -14.9163 -2.29447e-14)
(15.5363 -14.5332 -2.07017e-14)
(16.0192 -17.6267 1.95813e-14)
(18.0709 -18.8545 3.74113e-14)
(19.2404 -20.7516 -3.31117e-14)
(20.8472 -22.3808 -3.20874e-14)
(22.2759 -24.2946 3.09817e-14)
(23.9171 -26.2797 -2.74647e-14)
(25.6245 -28.3807 -2.72302e-14)
(27.2813 -30.4664 4.9998e-14)
(29.1265 -32.531 6.206e-16)
(30.6454 -34.644 -4.65725e-14)
(32.8544 -36.6304 4.22791e-14)
(33.8054 -39.0106 0)
(37.3683 -40.8681 3.96074e-14)
(35.7714 -43.5065 1.17909e-15)
(44.2094 -45.8025 -3.35721e-14)
(34.3398 -47.42 0)
(59.5294 -52.8543 -5.64773e-14)
(12.3521 -1.45994 2.35644e-14)
(11.8063 -11.6966 -9.34821e-17)
(16.6727 -12.3113 1.70954e-14)
(17.2619 -15.5394 -3.23678e-14)
(19.4359 -17.0586 -4.88547e-16)
(20.55 -19.2075 1.48433e-14)
(22.0899 -21.0577 4.37218e-16)
(23.4624 -23.155 2.22544e-17)
(25.0528 -25.2783 -2.42542e-14)
(26.6833 -27.4586 -2.27012e-14)
(28.2944 -29.6331 6.56146e-16)
(30.0661 -31.6968 -2.02308e-14)
(31.5712 -33.8857 0)
(33.7343 -35.7792 7.39604e-14)
(34.751 -38.3359 0)
(38.1822 -39.8116 -3.42775e-14)
(36.8775 -43.1292 3.30249e-14)
(45.1391 -44.0904 2.972e-14)
(35.1816 -47.498 -4.68847e-16)
(60.2723 -51.3865 3.4098e-16)
(12.6712 -1.68778 0)
(11.7967 -11.577 1.49464e-14)
(16.8233 -12.2486 0)
(17.349 -15.3918 1.31772e-14)
(19.5554 -16.9275 0)
(20.6463 -19.0354 -2.39048e-14)
(22.1845 -20.8861 3.64728e-16)
(23.5598 -22.9647 -3.24953e-16)
(25.1632 -25.0809 2.00051e-14)
(26.8052 -27.2545 1.86857e-14)
(28.43 -29.4351 -1.78525e-14)
(30.2062 -31.4967 3.37138e-14)
(31.727 -33.7014 0)
(33.8764 -35.5726 -3.14564e-14)
(34.935 -38.1704 4.92558e-16)
(38.3144 -39.5613 2.4954e-17)
(37.0699 -43.0358 -4.30246e-16)
(45.259 -43.7229 -2.57426e-14)
(35.437 -47.584 -2.32234e-14)
(60.4417 -51.0605 -1.8918e-14)
(12.8443 -2.20892 2.73445e-16)
(11.7551 -11.4084 -2.25312e-16)
(16.9937 -12.1579 0)
(17.485 -15.1834 1.36807e-14)
(19.7113 -16.7595 1.21331e-14)
(20.7779 -18.8404 2.35697e-14)
(22.312 -20.7073 7.1039e-16)
(23.6911 -22.7749 1.84099e-17)
(25.306 -24.8888 -3.03989e-16)
(26.9558 -27.0558 -3.73824e-14)
(28.59 -29.2422 1.34404e-17)
(30.365 -31.3022 -3.37407e-14)
(31.9006 -33.523 2.45696e-16)
(34.0306 -35.3747 -5.04076e-16)
(35.1337 -38.0115 -3.0182e-14)
(38.4453 -39.3203 2.95368e-14)
(37.3206 -42.9427 4.54866e-16)
(45.3634 -43.3593 -3.84087e-16)
(35.7416 -47.6716 2.35567e-14)
(60.6053 -50.6671 3.80767e-14)
(12.9448 -2.75082 0)
(11.7553 -11.2152 0)
(17.1683 -12.048 1.37502e-14)
(17.6382 -14.9515 -1.32689e-14)
(19.8635 -16.5803 -1.21198e-14)
(20.9046 -18.6431 -3.59155e-16)
(22.4325 -20.5302 -2.24039e-14)
(23.8189 -22.589 -6.69634e-16)
(25.4473 -24.6996 3.04053e-16)
(27.1062 -26.8583 1.86949e-14)
(28.7502 -29.0486 3.51416e-14)
(30.5226 -31.1071 9.37184e-18)
(32.0736 -33.3423 1.61432e-14)
(34.1823 -35.1774 0)
(35.3321 -37.8484 3.01653e-14)
(38.5718 -39.0832 4.4895e-16)
(37.5787 -42.8377 2.81244e-14)
(45.4668 -42.9867 2.55056e-14)
(36.0566 -47.7364 3.8447e-16)
(60.7963 -50.2559 -1.91492e-14)
(13.0331 -3.27863 1.6155e-14)
(11.8096 -11.0325 -1.63441e-17)
(17.3369 -11.9471 2.50288e-16)
(17.787 -14.7286 -4.27691e-16)
(19.9956 -16.4132 -1.21806e-14)
(21.012 -18.4607 -1.20285e-14)
(22.5351 -20.3677 2.24397e-14)
(23.9331 -22.4166 3.25955e-16)
(25.5778 -24.5207 1.99913e-14)
(27.2481 -26.6681 0)
(28.9036 -28.8594 -1.75692e-14)
(30.6741 -30.9154 3.34784e-14)
(32.2425 -33.1623 -1.61504e-14)
(34.3295 -34.9829 0)
(35.5296 -37.6826 -4.92612e-16)
(38.693 -38.8532 -2.91708e-14)
(37.8446 -42.7203 -2.81061e-14)
(45.5657 -42.6173 -2.51627e-14)
(36.3801 -47.7865 -3.59986e-16)
(61.0066 -49.8328 3.01868e-16)
(13.1359 -3.77617 -3.2538e-14)
(11.9087 -10.8581 1.5302e-14)
(17.493 -11.858 2.79712e-17)
(17.9218 -14.5205 2.01963e-16)
(20.1021 -16.262 2.5159e-14)
(21.0966 -18.2966 1.16701e-14)
(22.6178 -20.222 -2.21162e-14)
(24.0324 -22.2595 -3.26168e-16)
(25.6964 -24.354 -1.99999e-14)
(27.3802 -26.4868 -2.99377e-16)
(29.0493 -28.6758 2.66973e-16)
(30.8188 -30.7279 -1.67414e-14)
(32.4064 -32.9837 -1.58841e-14)
(34.4717 -34.7917 -2.39696e-16)
(35.7257 -37.5142 3.06461e-14)
(38.8095 -38.6277 2.96642e-14)
(38.1172 -42.5948 2.85076e-14)
(45.6562 -42.2547 -3.86897e-16)
(36.7134 -47.8227 -2.37815e-14)
(61.2305 -49.397 2.8916e-16)
(13.2644 -4.24004 1.58525e-14)
(12.0432 -10.6928 -1.53165e-14)
(17.6323 -11.7835 -2.75259e-14)
(18.037 -14.3318 0)
(20.1795 -16.1307 1.19185e-17)
(21.1564 -18.1535 -3.8488e-16)
(22.6799 -20.0952 2.32069e-14)
(24.1162 -22.1194 3.44349e-16)
(25.8025 -24.2011 -3.03817e-16)
(27.502 -26.316 0)
(29.1865 -28.4992 0)
(30.9562 -30.5457 1.67302e-14)
(32.5648 -32.8072 1.61496e-14)
(34.6089 -34.6043 3.15471e-14)
(35.9198 -37.3436 -6.17992e-14)
(38.922 -38.4077 4.50721e-16)
(38.3948 -42.4629 -2.80383e-14)
(45.7372 -41.8991 0)
(37.0568 -47.8478 2.40499e-17)
(61.4645 -48.9486 -1.95909e-14)
(13.4209 -4.67759 1.58334e-14)
(12.2022 -10.539 1.58951e-14)
(17.75 -11.7258 1.37519e-14)
(18.1269 -14.1665 1.34332e-14)
(20.2245 -16.0226 -2.56551e-14)
(21.1897 -18.0339 -1.13428e-14)
(22.721 -19.9889 1.92566e-17)
(24.1841 -21.9977 -2.17887e-14)
(25.8957 -24.0633 0)
(27.6129 -26.157 1.86286e-14)
(29.3146 -28.3307 -2.81181e-16)
(31.0858 -30.3698 -1.62098e-14)
(32.7173 -32.6337 -2.45709e-16)
(34.741 -34.4211 -4.81372e-18)
(36.1115 -37.1715 3.06606e-14)
(39.0306 -38.1938 0)
(38.6768 -42.325 0)
(45.8086 -41.5508 -2.5828e-14)
(37.4103 -47.8643 2.3717e-17)
(61.7056 -48.4881 -3.51424e-17)
(13.6034 -5.09642 -3.19008e-14)
(12.3753 -10.3979 -1.56334e-14)
(17.8406 -11.6878 -1.37906e-14)
(18.186 -14.0283 -1.34365e-14)
(20.2346 -15.9411 2.52918e-14)
(21.1958 -17.94 0)
(22.7413 -19.9044 0)
(24.2362 -21.8955 4.81693e-18)
(25.9758 -23.9419 0)
(27.7125 -26.011 -1.86152e-14)
(29.4331 -28.1714 -1.72214e-14)
(31.2075 -30.2011 -1.69749e-14)
(32.8636 -32.464 -1.64051e-14)
(34.8682 -34.2427 -6.2945e-14)
(36.3005 -36.9981 0)
(39.1353 -37.9859 0)
(38.963 -42.1811 0)
(45.8705 -41.2102 2.59e-14)
(37.7742 -47.8726 4.65631e-14)
(61.9512 -48.0158 1.97669e-14)
(13.8083 -5.50428 1.58014e-14)
(12.5524 -10.2707 0)
(17.8984 -11.673 1.3762e-14)
(18.2092 -13.9214 4.31355e-16)
(20.2075 -15.8892 -1.30469e-14)
(21.1745 -17.8732 0)
(22.7415 -19.8429 0)
(24.273 -21.8134 2.15091e-14)
(26.0428 -23.8377 3.20371e-16)
(27.8006 -25.8791 -5.80575e-16)
(29.5418 -28.0224 1.77541e-14)
(31.3211 -30.0403 1.67171e-14)
(33.0034 -32.2986 1.61492e-14)
(34.9905 -34.0695 3.11084e-14)
(36.4866 -36.824 -2.62156e-17)
(39.2353 -37.7835 4.52699e-16)
(39.253 -42.0312 0)
(45.9226 -40.8778 0)
(38.1496 -47.8753 -2.32426e-14)
(62.2002 -47.5326 0)
(14.0312 -5.9085 1.5769e-14)
(12.724 -10.1591 0)
(17.9171 -11.6848 1.37927e-14)
(18.1922 -13.8496 -4.31872e-16)
(20.1426 -15.8695 -1.23063e-14)
(21.1267 -17.8348 0)
(22.7222 -19.805 0)
(24.2944 -21.7522 2.13258e-14)
(26.0964 -23.7519 -1.67919e-17)
(27.8773 -25.7623 5.81791e-16)
(29.6407 -27.8845 1.72001e-14)
(31.4266 -29.8882 1.67066e-14)
(33.1366 -32.1383 1.61477e-14)
(35.1081 -33.9018 3.21415e-14)
(36.6698 -36.6494 -4.67343e-16)
(39.3351 -37.5852 0)
(39.545 -41.8736 0)
(45.9646 -40.5547 0)
(38.5382 -47.8709 -2.31592e-14)
(62.4522 -47.0331 0)
(14.2684 -6.3173 -3.12026e-14)
(12.8807 -10.0668 -1.56555e-14)
(17.8906 -11.7274 -1.37686e-14)
(18.1314 -13.8161 -1.35106e-14)
(20.04 -15.8838 2.54401e-14)
(21.0539 -17.8253 0)
(22.6856 -19.7903 0)
(24.3018 -21.7116 1.70042e-17)
(26.1369 -23.6848 0)
(27.9419 -25.6619 -1.88007e-14)
(29.7298 -27.7584 -1.77401e-14)
(31.5241 -29.7455 -1.64433e-14)
(33.2635 -31.9835 -1.58883e-14)
(35.2213 -33.7401 -6.35482e-14)
(36.8506 -36.4747 0)
(39.4356 -37.392 0)
(39.8441 -41.706 0)
(45.9958 -40.2417 2.61694e-14)
(38.9419 -47.86 4.62077e-14)
(62.7053 -46.5194 2.00183e-14)
(14.517 -6.72738 1.56808e-14)
(13.0135 -9.99143 1.53628e-14)
(17.813 -11.8055 1.37986e-14)
(18.025 -13.8235 1.35137e-14)
(19.9014 -15.9333 -2.51473e-14)
(20.9593 -17.8442 -1.31015e-14)
(22.635 -19.7969 -1.94038e-17)
(24.2977 -21.6897 -2.17134e-14)
(26.1659 -23.6352 0)
(27.9949 -25.578 1.87244e-14)
(29.8091 -27.6448 5.48326e-16)
(31.614 -29.6126 -1.72095e-14)
(33.384 -31.8347 2.45683e-16)
(35.3303 -33.5847 -9.77158e-19)
(37.0291 -36.2999 3.07061e-14)
(39.5332 -37.2066 0)
(40.1523 -41.528 0)
(46.0152 -39.9396 -2.62431e-14)
(39.3623 -47.8431 -2.90575e-17)
(62.9579 -45.9902 3.77697e-17)
(14.7715 -7.14446 1.55476e-14)
(13.1124 -9.93986 -1.57926e-14)
(17.6797 -11.9221 -2.75925e-14)
(17.8733 -13.873 0)
(19.7302 -16.0173 -2.4472e-17)
(20.8475 -17.8891 -2.45072e-17)
(22.5737 -19.8228 2.40021e-14)
(24.2843 -21.6847 -6.945e-16)
(26.185 -23.6019 3.15531e-16)
(28.038 -25.5097 0)
(29.8785 -27.5447 2.84691e-16)
(31.6966 -29.4897 1.64541e-14)
(33.4985 -31.692 1.61436e-14)
(35.4355 -33.4358 3.16817e-14)
(37.2049 -36.1258 -6.09291e-14)
(39.6281 -37.032 -4.54972e-16)
(40.4635 -41.3406 -2.78583e-14)
(46.0224 -39.6495 0)
(39.8008 -47.8204 -3.15474e-17)
(63.2102 -45.4432 -2.00574e-14)
(15.0227 -7.57071 -3.01814e-14)
(13.1685 -9.91456 1.57476e-14)
(17.4872 -12.0791 -2.12309e-17)
(17.679 -13.9645 -2.05812e-16)
(19.5322 -16.1331 2.58438e-14)
(20.7237 -17.9577 1.28542e-14)
(22.5055 -19.8652 -2.44466e-14)
(24.264 -21.6944 3.405e-16)
(26.1959 -23.5831 -2.09439e-14)
(28.0724 -25.4559 3.12335e-16)
(29.9391 -27.4576 -2.73733e-16)
(31.7722 -29.3776 -1.68229e-14)
(33.6074 -31.5555 -1.63973e-14)
(35.5374 -33.2936 2.40843e-16)
(37.3772 -35.9524 3.07147e-14)
(39.7151 -36.8687 3.00257e-14)
(40.7773 -41.144 2.73901e-14)
(46.0178 -39.3742 3.9684e-16)
(40.2584 -47.7915 -2.24744e-14)
(63.464 -44.8758 -2.94983e-16)
(15.2606 -8.00807 1.51216e-14)
(13.1752 -9.91718 1.35037e-17)
(17.2352 -12.2775 -2.5116e-16)
(17.4482 -14.0958 4.36402e-16)
(19.3152 -16.2771 -1.33712e-14)
(20.5941 -18.0464 -1.25576e-14)
(22.4345 -19.9211 2.42688e-14)
(24.24 -21.716 -3.42582e-16)
(26.2008 -23.5766 2.10722e-14)
(28.0997 -25.4154 0)
(29.9927 -27.3822 -1.82204e-14)
(31.8416 -29.2763 3.39979e-14)
(33.7114 -31.4255 -1.6133e-14)
(35.6367 -33.1582 0)
(37.546 -35.7798 -4.94032e-16)
(39.8032 -36.7152 -2.95893e-14)
(41.0932 -40.9382 -2.78086e-14)
(46.0029 -39.1185 -2.69126e-14)
(40.7363 -47.7556 3.52048e-16)
(63.7213 -44.2844 -3.1441e-16)
(15.4827 -8.46349 0)
(13.1273 -9.94456 0)
(16.9291 -12.5187 1.38664e-14)
(17.1901 -14.2635 -1.37219e-14)
(19.0899 -16.4463 -1.30961e-14)
(20.4657 -18.1522 -4.38164e-17)
(22.3655 -19.988 -2.39219e-14)
(24.2152 -21.7471 3.62459e-16)
(26.2023 -23.58 -3.2328e-16)
(28.1221 -25.3861 1.98763e-14)
(30.0409 -27.3175 3.68298e-14)
(31.9062 -29.1848 2.79343e-16)
(33.8113 -31.3019 1.58793e-14)
(35.7333 -33.0288 0)
(37.7127 -35.6087 3.11831e-14)
(39.8894 -36.5686 -4.5553e-16)
(41.4147 -40.7303 2.77912e-14)
(45.9574 -38.8792 2.65691e-14)
(41.2431 -47.7178 -3.7739e-16)
(63.9797 -43.6594 -2.01736e-14)
(15.6939 -8.94356 -2.348e-16)
(13.0211 -9.99924 2.30754e-16)
(16.5773 -12.798 0)
(16.9173 -14.4644 1.33252e-14)
(18.8642 -16.6357 1.35288e-14)
(20.3447 -18.2709 2.57397e-14)
(22.3036 -20.0633 -3.65941e-16)
(24.1943 -21.7859 -3.63595e-16)
(26.205 -23.5923 3.24905e-16)
(28.1437 -25.367 -3.99896e-14)
(30.0867 -27.2634 1.21941e-17)
(31.9687 -29.1027 -3.4369e-14)
(33.9089 -31.1852 -2.45335e-16)
(35.8279 -32.9051 5.0705e-16)
(37.879 -35.4403 -3.11515e-14)
(39.971 -36.4265 3.00282e-14)
(41.7292 -40.53 -4.51043e-16)
(45.8877 -38.6401 4.00075e-16)
(41.8009 -47.6947 2.24463e-14)
(64.2279 -42.9803 4.03197e-14)
(15.8317 -9.39755 0)
(12.8005 -10.0598 1.54533e-14)
(16.1335 -13.0775 0)
(16.5712 -14.6608 1.39413e-14)
(18.613 -16.8074 0)
(20.2149 -18.3759 -2.5434e-14)
(22.2391 -20.1277 -3.85764e-16)
(24.1732 -21.8191 3.45735e-16)
(26.2078 -23.6037 2.09984e-14)
(28.1661 -25.352 2.03055e-14)
(30.1323 -27.2156 -1.83397e-14)
(32.032 -29.0292 3.45257e-14)
(34.0061 -31.0752 0)
(35.9252 -32.7904 -3.16324e-14)
(38.045 -35.2744 -4.93048e-16)
(40.0586 -36.2979 -4.89478e-17)
(42.0467 -40.3297 4.24118e-16)
(45.8131 -38.4107 -2.63033e-14)
(42.4126 -47.6887 -2.27054e-14)
(64.4753 -42.2558 -2.0114e-14)
(15.5455 -9.65187 1.79635e-14)
(12.3893 -10.0862 6.18895e-17)
(15.4959 -13.34 1.77148e-14)
(16.2035 -14.8547 -3.45404e-14)
(18.3506 -16.9545 5.17952e-16)
(20.0832 -18.4676 1.48406e-14)
(22.1671 -20.1754 -4.59586e-16)
(24.1446 -21.834 -2.07201e-17)
(26.2007 -23.5927 -2.46742e-14)
(28.1811 -25.3203 -2.31084e-14)
(30.1688 -27.156 -6.8532e-16)
(32.0899 -28.9526 -2.0216e-14)
(34.0928 -30.9623 0)
(36.025 -32.6823 7.4375e-14)
(38.1929 -35.0996 0)
(40.1767 -36.1973 -3.49059e-14)
(42.3042 -40.079 3.22214e-14)
(45.8324 -38.2791 3.15288e-14)
(42.9386 -47.5936 4.47114e-16)
(64.8247 -41.6578 -3.54083e-16)
(13.4881 -11.6636 2.13618e-17)
(12.1077 -13.0384 -2.54524e-14)
(14.9502 -15.8055 -2.19479e-14)
(16.6899 -17.1085 2.0447e-14)
(18.8313 -18.5815 -3.93087e-14)
(20.7502 -19.7105 3.51457e-14)
(22.7394 -20.9403 -3.34355e-14)
(24.6885 -22.2601 -3.16235e-14)
(26.6679 -23.7311 2.79958e-14)
(28.5773 -25.2389 2.74902e-14)
(30.5113 -26.8739 -5.0433e-14)
(32.4135 -28.521 4.69206e-14)
(34.4208 -30.3393 4.61777e-14)
(36.4164 -32.0427 -4.22996e-14)
(38.5857 -34.1424 4.26842e-14)
(40.7509 -35.5695 1.05956e-15)
(42.776 -38.6219 -7.62742e-14)
(46.6445 -38.3705 3.45727e-14)
(42.9457 -45.6526 0)
(65.1158 -40.7591 9.38537e-17)
(8.2103 -9.3707 0)
(11.3966 -11.3047 -2.68312e-14)
(14.3321 -13.279 2.29894e-14)
(16.728 -15.0552 4.39775e-14)
(18.9419 -16.7109 2.17046e-14)
(21.038 -18.265 -3.57773e-14)
(23.1083 -19.786 -4.38096e-17)
(25.1688 -21.3032 0)
(27.2366 -22.8277 0)
(29.29 -24.3663 -6.67031e-16)
(31.3426 -25.9462 -1.27853e-15)
(33.4134 -27.5763 -6.16607e-16)
(35.5192 -29.2631 0)
(37.7099 -31.0121 -8.90637e-14)
(39.8701 -32.8219 -4.38628e-14)
(42.3963 -34.6647 -4.18589e-14)
(43.8287 -36.5762 3.91794e-14)
(48.8821 -38.0859 -3.71012e-14)
(42.4765 -42.017 7.25404e-14)
(68.9898 -39.6781 1.4313e-15)
(8.99041 -11.2915 0)
(11.9987 -12.5222 0)
(14.731 -13.913 4.61724e-14)
(17.2099 -15.2864 -8.35528e-14)
(19.5108 -16.6025 -9.3293e-16)
(21.7056 -17.9031 1.815e-14)
(23.8381 -19.22 6.76896e-14)
(25.9408 -20.5695 -3.23268e-14)
(28.0357 -21.9523 2.8758e-14)
(30.1232 -23.374 2.75309e-14)
(32.2175 -24.8473 -2.58368e-14)
(34.3432 -26.3742 0)
(36.5087 -27.9609 -4.77238e-14)
(38.7705 -29.6047 4.22908e-14)
(40.9844 -31.3183 4.16448e-14)
(43.5996 -33.0585 1.23335e-13)
(45.0616 -34.9104 -7.86346e-14)
(50.2304 -36.2772 3.51871e-14)
(43.4536 -39.9149 0)
(71.1967 -37.2407 0)
(9.71967 -11.6609 0)
(12.57 -12.7784 -2.31386e-14)
(15.2701 -13.9698 -2.16645e-14)
(17.7766 -15.1611 0)
(20.1264 -16.3345 -1.98706e-14)
(22.3713 -17.514 1.69739e-14)
(24.5489 -18.709 7.9163e-16)
(26.6947 -19.9382 -6.16644e-14)
(28.8324 -21.201 0)
(30.9661 -22.504 6.662e-18)
(33.1104 -23.8565 2.58011e-14)
(35.2921 -25.2639 0)
(37.5184 -26.7338 -4.78039e-14)
(39.845 -28.2657 8.9282e-14)
(42.1224 -29.871 -4.16801e-14)
(44.8094 -31.4927 -2.7827e-17)
(46.3198 -33.2571 -3.92795e-14)
(51.5722 -34.4258 -8.8437e-16)
(44.7523 -37.9974 7.43725e-14)
(72.9142 -34.6518 -5.75146e-14)
(10.7364 -12.1262 -4.78672e-14)
(13.4599 -13.0254 4.39654e-14)
(16.0835 -14.0003 2.09796e-14)
(18.5551 -14.9924 2.0665e-14)
(20.8922 -15.9988 -1.77234e-14)
(23.1347 -17.0284 1.75287e-14)
(25.3203 -18.0869 -1.64529e-14)
(27.4827 -19.1908 9.31928e-14)
(29.643 -20.3379 -2.82458e-14)
(31.8076 -21.5317 1.03195e-17)
(33.9914 -22.7764 0)
(36.2196 -24.0756 4.9216e-14)
(38.4979 -25.4372 -2.26528e-14)
(40.8768 -26.8571 -4.56797e-14)
(43.2117 -28.3584 -2.23422e-15)
(45.958 -29.8517 -1.09448e-15)
(47.5478 -31.5515 0)
(52.8368 -32.4715 -3.6246e-14)
(46.0549 -36.2122 3.68968e-14)
(74.3614 -31.935 0)
(11.7386 -12.2608 2.27646e-14)
(14.3754 -13.0532 2.17423e-14)
(16.9357 -13.8874 2.05631e-14)
(19.3711 -14.7382 5.90016e-14)
(21.6874 -15.6081 -5.40341e-14)
(23.923 -16.506 -3.52318e-14)
(26.1114 -17.4387 4.79434e-14)
(28.2851 -18.4209 7.13951e-16)
(30.4636 -19.4519 1.3309e-15)
(32.6539 -20.5338 1.29132e-15)
(34.8717 -21.6675 -2.48213e-14)
(37.1392 -22.8566 -4.84112e-14)
(39.4608 -24.1083 0)
(41.885 -25.4154 -6.77567e-14)
(44.2705 -26.8108 8.52618e-14)
(47.0692 -28.1759 -3.95606e-14)
(48.7325 -29.8073 7.94026e-14)
(54.0568 -30.494 -3.51525e-14)
(47.3284 -34.4505 -3.69593e-14)
(75.633 -29.1232 0)
(12.7604 -12.1925 0)
(15.3427 -12.9004 -4.29095e-14)
(17.8477 -13.6294 -8.5755e-16)
(20.2398 -14.3663 1.90088e-14)
(22.5238 -15.1162 -1.76194e-14)
(24.7385 -15.8979 -1.70029e-14)
(26.9163 -16.7164 -1.6052e-14)
(29.0905 -17.5852 -3.08624e-14)
(31.2783 -18.5065 2.7739e-14)
(33.4878 -19.4808 6.39738e-16)
(35.7342 -20.5079 -2.46987e-14)
(38.0352 -21.5902 2.41177e-14)
(40.3928 -22.7347 2.30875e-14)
(42.8566 -23.9302 2.21512e-14)
(45.2887 -25.2203 0)
(48.1325 -26.4576 -8.2159e-14)
(49.8682 -28.0243 -1.05149e-15)
(55.2127 -28.4789 7.3081e-14)
(48.5576 -32.6898 -3.603e-14)
(76.7642 -26.2215 2.17167e-17)
(13.7518 -11.9586 -2.14452e-14)
(16.2975 -12.5953 0)
(18.7607 -13.2377 -4.00513e-14)
(21.1128 -13.8781 1.79213e-14)
(23.3673 -14.5283 -4.19091e-16)
(25.5592 -15.2098 0)
(27.7219 -15.924 1.58529e-14)
(29.8905 -16.6865 0)
(32.0818 -17.5034 0)
(34.3058 -18.3743 -2.65554e-14)
(36.5752 -19.2986 0)
(38.9037 -20.2761 -2.46219e-14)
(41.2914 -21.3158 2.30198e-14)
(43.7883 -22.4015 -4.41728e-14)
(46.2621 -23.5884 2.06608e-14)
(49.1463 -24.6996 8.09355e-14)
(50.9515 -26.2024 0)
(56.3006 -26.4261 -3.60772e-14)
(49.7488 -30.9249 0)
(77.7682 -23.227 2.17517e-17)
(14.6913 -11.5887 0)
(17.2164 -12.1636 0)
(19.6508 -12.7278 2.00368e-14)
(21.9717 -13.2833 8.21717e-16)
(24.2005 -13.8498 -1.76512e-14)
(26.3709 -14.4413 1.63148e-14)
(28.5161 -15.0577 -4.78756e-14)
(30.6752 -15.7206 2.89665e-14)
(32.8664 -16.439 0)
(35.1007 -17.2118 2.64135e-14)
(37.3874 -18.0373 2.50978e-14)
(39.7372 -18.9139 0)
(42.1506 -19.8514 2.35181e-14)
(44.6756 -20.8293 5.50868e-16)
(47.1854 -21.9158 -5.58383e-16)
(50.1044 -22.9036 -6.21651e-14)
(51.9654 -24.3393 -1.00827e-15)
(57.3166 -24.3375 0)
(50.9041 -29.1632 0)
(78.6437 -20.1037 -5.86935e-14)
(15.5732 -11.1163 2.11022e-14)
(18.0909 -11.6275 -1.02636e-14)
(20.5049 -12.1175 0)
(22.8049 -12.5987 1.88519e-14)
(25.013 -13.0895 -3.50112e-14)
(27.1638 -13.5967 -3.67189e-16)
(29.2911 -14.1209 1.56245e-14)
(31.4389 -14.6901 3.0116e-14)
(33.6276 -15.3155 -1.32744e-14)
(35.8681 -15.9948 -2.69278e-14)
(38.1672 -16.7248 2.44153e-14)
(40.5324 -17.5034 -4.83155e-14)
(42.9661 -18.3412 2.23086e-14)
(45.5136 -19.2133 -2.1404e-14)
(48.0541 -20.2026 -4.22181e-14)
(51.0011 -21.0698 -1.05381e-15)
(52.9131 -22.435 7.70933e-14)
(58.2553 -22.2251 0)
(52.0412 -27.3827 -3.66165e-14)
(79.3413 -16.871 2.9402e-14)
(16.4027 -10.5606 -1.07858e-14)
(18.9207 -11.0038 -4.53171e-16)
(21.3212 -11.4237 -8.49406e-16)
(23.6065 -11.8369 3.66632e-14)
(25.7985 -12.2542 -1.66726e-14)
(27.9315 -12.6799 3.4238e-16)
(30.0404 -13.117 -1.58894e-14)
(32.175 -13.5976 -6.42979e-16)
(34.3589 -14.1345 -3.07595e-16)
(36.6027 -14.7238 0)
(38.9101 -15.3613 -2.4925e-14)
(41.2859 -16.0444 2.37965e-14)
(43.7345 -16.7849 0)
(46.2983 -17.554 4.38107e-14)
(48.8646 -18.4488 -2.10528e-14)
(51.8325 -19.1957 0)
(53.7872 -20.4918 -1.88108e-14)
(59.1098 -20.0942 -5.40337e-14)
(53.1517 -25.5137 1.088e-13)
(79.8599 -13.8533 -6.57642e-18)
(17.1828 -9.93401 4.34376e-14)
(19.7062 -10.3084 -5.06954e-14)
(22.0988 -10.6604 1.87952e-14)
(24.3722 -11.0048 -9.12564e-15)
(26.5516 -11.3491 1.73017e-14)
(28.6682 -11.6952 3.38587e-16)
(30.7584 -12.0488 -1.51613e-14)
(32.8785 -12.4448 0)
(35.0555 -12.8968 -2.79206e-14)
(37.2995 -13.3992 1.27734e-14)
(39.6115 -13.947 0)
(41.9937 -14.5372 0)
(44.4527 -15.1832 0)
(47.0268 -15.8522 -4.42676e-14)
(49.6148 -16.6544 4.14615e-14)
(52.5966 -17.2801 0)
(54.5872 -18.5104 1.87752e-14)
(59.8949 -17.9249 1.73737e-14)
(54.1976 -23.5596 -1.74778e-14)
(80.2405 -10.7806 -1.41223e-14)
(17.9119 -9.24826 -1.04491e-14)
(20.4459 -9.55407 2.06553e-14)
(22.8336 -9.83373 8.24407e-16)
(25.0978 -10.1056 -8.69391e-15)
(27.2668 -10.3775 0)
(29.368 -10.6457 1.63287e-14)
(31.4386 -10.9187 1.57707e-14)
(33.5428 -11.2334 1.52141e-14)
(35.7109 -11.6037 -1.34679e-14)
(37.9523 -12.0223 1.33439e-14)
(40.2658 -12.483 -1.21092e-14)
(42.6508 -12.9832 0)
(45.1165 -13.5371 2.3266e-14)
(47.6956 -14.1093 -4.36323e-14)
(50.3017 -14.8196 -5.3774e-16)
(53.2899 -15.3257 0)
(55.3138 -16.4988 -6.69625e-18)
(60.6113 -15.7287 -1.78491e-14)
(55.1993 -21.5236 -7.72787e-16)
(80.4455 -7.80435 -1.53273e-14)
(18.5914 -8.51291 -1.07005e-14)
(21.1387 -8.74471 0)
(23.5233 -8.94369 -1.94698e-14)
(25.7801 -9.14135 1.77051e-14)
(27.9395 -9.34134 0)
(30.0251 -9.53337 0)
(32.0747 -9.7287 -7.70431e-15)
(34.1612 -9.96533 -2.90988e-14)
(36.3182 -10.2572 1.37451e-14)
(38.5545 -10.5947 0)
(40.8663 -10.9708 0)
(43.2506 -11.3837 1.18232e-14)
(45.7196 -11.8479 -1.13351e-14)
(48.2993 -12.3261 -1.08919e-14)
(50.9204 -12.9443 2.14713e-14)
(53.9075 -13.335 -1.94789e-14)
(55.9635 -14.4597 -3.90507e-14)
(61.2399 -13.5019 1.69202e-14)
(56.0795 -19.3789 -4.19204e-16)
(80.5492 -5.17614 -1.47061e-14)
(19.2209 -7.73038 -1.62923e-14)
(21.7852 -7.87668 -5.46495e-15)
(24.1699 -7.9901 1.88196e-14)
(26.4188 -8.11351 0)
(28.5683 -8.24243 0)
(30.636 -8.36031 0)
(32.6624 -8.48054 -4.81952e-18)
(34.7284 -8.64263 -3.2228e-16)
(36.8715 -8.85882 6.55803e-15)
(39.0993 -9.11764 1.33093e-14)
(41.4059 -9.41183 -2.47372e-14)
(43.7857 -9.74029 7.36548e-19)
(46.255 -10.1169 1.18737e-14)
(48.8317 -10.5038 -1.06115e-14)
(51.4653 -11.0293 -1.07227e-14)
(54.4451 -11.3099 9.73094e-15)
(56.5345 -12.3845 0)
(61.7707 -11.2165 -1.82105e-14)
(56.8229 -17.2371 1.70399e-14)
(80.6485 -2.41173 4.36281e-14)
(19.8069 -6.90152 -2.2522e-16)
(22.3966 -6.95263 2.50952e-14)
(24.7803 -6.97922 -2.37047e-14)
(27.0154 -7.02555 8.80793e-15)
(29.1529 -7.08498 0)
(31.2006 -7.12827 8.28004e-15)
(33.2001 -7.1747 1.5994e-16)
(35.2418 -7.26589 1.53961e-16)
(37.3674 -7.40913 7.02136e-15)
(39.5828 -7.59234 0)
(41.88 -7.8077 -1.26556e-14)
(44.2513 -8.05489 3.54068e-14)
(46.7176 -8.34613 -1.1038e-14)
(49.2878 -8.64481 -8.53118e-18)
(51.9316 -9.077 0)
(54.9001 -9.25268 9.99008e-15)
(57.0257 -10.2651 9.87281e-15)
(62.1997 -8.88655 2.51592e-16)
(57.4973 -15.2089 -3.72985e-14)
(80.6948 0.990294 -6.08869e-16)
(20.3687 -6.04513 -1.07944e-14)
(22.9849 -5.99266 4.90578e-15)
(25.3581 -5.92264 -9.47008e-15)
(27.5694 -5.88682 0)
(29.6882 -5.86635 8.70671e-15)
(31.7141 -5.83511 -1.19916e-14)
(33.6836 -5.81102 3.84692e-15)
(35.6969 -5.8352 7.26435e-15)
(37.802 -5.90882 -6.86829e-15)
(40.0018 -6.01967 -6.65997e-15)
(42.2867 -6.15992 -2.89534e-16)
(44.6464 -6.33002 5.76393e-15)
(47.1063 -6.53876 0)
(49.6661 -6.75294 1.08705e-14)
(52.3165 -7.09164 0)
(55.2716 -7.16775 -9.98403e-15)
(57.4384 -8.10534 0)
(62.53 -6.54052 -1.79645e-14)
(58.211 -13.0322 8.48876e-15)
(80.4808 4.30919 -3.10473e-16)
(20.9152 -5.18785 0)
(23.5388 -4.98249 0)
(25.8853 -4.78058 7.07823e-15)
(28.0663 -4.65437 2.24322e-15)
(30.1672 -4.56494 0)
(32.1611 -4.47297 8.18484e-15)
(34.0936 -4.38957 -3.75491e-15)
(36.0751 -4.35047 0)
(38.1558 -4.35863 3.45017e-15)
(40.3388 -4.40151 6.67334e-15)
(42.6106 -4.47085 -6.05328e-15)
(44.9567 -4.56752 -5.9193e-15)
(47.4071 -4.69576 -5.67028e-15)
(49.954 -4.82934 0)
(52.6093 -5.07656 -5.2306e-15)
(55.5508 -5.06267 0)
(57.758 -5.92518 -4.80232e-15)
(62.7576 -4.19626 0)
(58.8409 -10.8409 -1.84527e-14)
(80.0699 7.23803 7.00509e-15)
(21.5352 -4.16434 2.69444e-15)
(24.1202 -3.75079 -1.14241e-15)
(26.3755 -3.38291 -4.65921e-15)
(28.5003 -3.18473 -2.23428e-15)
(30.5923 -3.1117 0)
(32.5657 -3.01206 0)
(34.4489 -2.89486 -7.78999e-15)
(36.3818 -2.80838 3.57448e-15)
(38.4232 -2.76366 -3.45021e-15)
(40.5785 -2.74912 4.98341e-15)
(42.8286 -2.75359 -1.47954e-15)
(45.1561 -2.78044 8.95023e-15)
(47.5959 -2.83186 2.89944e-15)
(50.1297 -2.89312 0)
(52.7871 -3.05132 7.84608e-15)
(55.7178 -2.95045 5.12875e-15)
(57.9606 -3.7302 1.2089e-16)
(62.8975 -1.86023 -4.5397e-15)
(59.321 -8.52399 4.37509e-15)
(79.5665 9.94745 -7.22594e-15)
(22.2562 -1.40716 -1.30253e-15)
(24.9717 -1.09998 1.25258e-15)
(27.0904 -0.737904 -2.43742e-15)
(28.8605 -0.585529 1.06527e-15)
(30.7154 -0.726305 -4.45719e-17)
(32.709 -0.87472 -1.0861e-15)
(34.6633 -0.932915 -8.22259e-17)
(36.6236 -0.963427 8.58241e-16)
(38.6739 -0.986424 -3.82341e-17)
(40.8298 -1.00354 -8.36395e-16)
(43.0746 -1.01135 -1.55458e-15)
(45.3897 -1.0197 0)
(47.8157 -1.02693 -1.45395e-15)
(50.3321 -1.03545 -1.46416e-15)
(52.9756 -1.10941 -1.40573e-15)
(55.8967 -0.941973 -6.3928e-17)
(58.1402 -1.64156 -6.41858e-17)
(63.0464 0.374936 -1.19136e-15)
(59.8248 -6.28584 -1.48382e-16)
(78.8921 12.7015 5.33143e-15)
(5.00017 -1.75448 -4.2461e-14)
(4.17507 -8.01759 0)
(5.52857 -9.92112 0)
(6.76566 -10.7645 5.01801e-14)
(7.92993 -11.3182 -2.41706e-14)
(9.04591 -11.5216 0)
(10.1176 -11.5018 -1.155e-14)
(11.1321 -11.3166 3.4596e-14)
(12.0752 -10.9952 2.18747e-14)
(12.943 -10.5735 -1.23861e-14)
(13.749 -10.0711 1.11469e-14)
(14.5014 -9.5022 -1.11891e-14)
(15.1955 -8.88081 2.2604e-14)
(15.8302 -8.217 2.93141e-16)
(16.4049 -7.51548 -2.21807e-14)
(16.9227 -6.77962 5.35568e-15)
(17.4066 -6.03071 5.62636e-15)
(17.8824 -5.32167 2.8172e-15)
(18.4378 -4.49844 -4.17154e-15)
(18.9181 -1.5549 4.2088e-15)
(-1.0448 -2.71996 -4.60689e-14)
(0.0816962 -8.13495 0)
(2.13458 -9.26688 0)
(3.75312 -10.1627 -2.66773e-14)
(5.08492 -10.6441 0)
(6.30334 -10.8474 9.54243e-16)
(7.41751 -10.8424 -1.15484e-14)
(8.44046 -10.682 -1.15552e-14)
(9.37322 -10.3902 -2.37693e-14)
(10.2182 -10.002 -2.37237e-14)
(10.9869 -9.5379 -2.2426e-14)
(11.6845 -9.01135 -1.16137e-14)
(12.3042 -8.43974 1.1626e-14)
(12.8454 -7.83517 1.20365e-14)
(13.3085 -7.20331 1.21295e-14)
(13.6923 -6.54882 -1.82037e-14)
(14.0201 -5.89386 5.99258e-15)
(14.3335 -5.31055 0)
(14.6975 -4.66548 0)
(14.9357 -1.56687 -2.29128e-15)
(-4.40659 -3.41127 -3.63841e-14)
(-3.4119 -8.63497 -2.60894e-14)
(-0.958763 -9.21469 0)
(0.846675 -9.82378 -2.56572e-14)
(2.30326 -10.1276 2.44319e-14)
(3.58671 -10.2534 7.15026e-16)
(4.7181 -10.2179 7.34636e-16)
(5.73747 -10.0541 0)
(6.65897 -9.77042 -1.1936e-14)
(7.47982 -9.39661 -1.03625e-16)
(8.20142 -8.95649 4.83325e-14)
(8.83195 -8.45724 1.17228e-14)
(9.36271 -7.9138 0)
(9.78063 -7.33638 1.20584e-14)
(10.0762 -6.73671 0)
(10.2404 -6.13488 -6.47983e-15)
(10.2953 -5.5554 6.55596e-15)
(10.3215 -5.06007 -6.46974e-15)
(10.3483 -4.58459 -4.90969e-15)
(10.3534 -1.46414 2.59596e-15)
(-6.19864 -3.79751 0)
(-6.03026 -9.06589 2.60017e-14)
(-3.64545 -9.39506 0)
(-1.81619 -9.65212 -1.38351e-15)
(-0.327607 -9.73363 4.70282e-14)
(0.961085 -9.73266 2.42117e-14)
(2.08203 -9.62618 1.32699e-14)
(3.08277 -9.4238 -1.19802e-14)
(3.98079 -9.12699 0)
(4.77293 -8.75471 -1.18554e-14)
(5.45409 -8.32577 -1.29548e-14)
(6.03559 -7.83578 -2.54246e-14)
(6.50347 -7.29274 0)
(6.81823 -6.70032 -2.66595e-14)
(6.94724 -6.0741 -6.92077e-15)
(6.86179 -5.45155 2.18869e-16)
(6.56101 -4.8844 1.4665e-14)
(6.14406 -4.42593 4.10824e-15)
(5.63334 -3.99152 5.89608e-15)
(5.27596 -1.18569 -2.07395e-15)
(-6.54817 -3.97767 2.848e-14)
(-7.8557 -9.30656 -4.2807e-14)
(-5.87552 -9.58531 -2.15866e-14)
(-4.16469 -9.56873 -2.42667e-14)
(-2.73576 -9.43942 -2.31288e-15)
(-1.49583 -9.28656 0)
(-0.424084 -9.07595 0)
(0.521229 -8.80497 1.08712e-14)
(1.36367 -8.46921 1.22392e-14)
(2.11071 -8.07577 1.08246e-15)
(2.75582 -7.63769 0)
(3.30959 -7.13837 1.38679e-14)
(3.75885 -6.56586 -1.32436e-14)
(4.04755 -5.90933 2.94582e-14)
(4.1175 -5.17239 -1.52157e-14)
(3.90628 -4.4007 2.59248e-16)
(3.34117 -3.68411 -3.51957e-16)
(2.45263 -3.06202 0)
(1.26572 -2.46686 -7.70156e-15)
(0.154062 -0.626428 4.11301e-15)
(-6.47064 -4.01828 2.40645e-14)
(-9.03313 -9.32867 2.08746e-14)
(-7.66072 -9.73568 2.17106e-14)
(-6.15542 -9.52987 2.00684e-14)
(-4.83904 -9.21537 -2.40276e-15)
(-3.68994 -8.91353 0)
(-2.70361 -8.59157 0)
(-1.84846 -8.23915 -3.60042e-14)
(-1.09921 -7.8499 0)
(-0.434708 -7.42353 1.31531e-14)
(0.146267 -6.96429 -1.23868e-14)
(0.662056 -6.4483 6.99864e-16)
(1.10459 -5.83218 7.03686e-16)
(1.42051 -5.08053 0)
(1.559 -4.21083 0)
(1.4143 -3.22544 0)
(0.886062 -2.26904 -1.00756e-14)
(-0.0451433 -1.47056 0)
(-1.69572 -0.271288 -3.16255e-15)
(-3.58922 1.4145 2.83797e-15)
(-6.05774 -3.87589 -2.43991e-14)
(-9.66608 -9.09652 -1.58577e-14)
(-8.9964 -9.73439 -1.37447e-15)
(-7.77969 -9.50635 3.57303e-14)
(-6.63393 -9.04194 -4.11445e-14)
(-5.59455 -8.58748 0)
(-4.70182 -8.16112 0)
(-3.9383 -7.72809 1.26657e-15)
(-3.27365 -7.28669 -1.17071e-14)
(-2.68102 -6.8434 1.1868e-14)
(-2.16729 -6.38797 1.27776e-15)
(-1.72526 -5.87891 5.62831e-16)
(-1.34787 -5.23034 1.44371e-14)
(-1.0441 -4.43871 -1.49769e-14)
(-0.902319 -3.52742 -8.09036e-15)
(-1.01775 -2.40864 -9.80632e-15)
(-1.33628 -1.29847 2.41459e-14)
(-2.08191 0.0798354 0)
(-3.75393 2.20773 -2.80882e-15)
(-5.44003 3.8453 2.22552e-15)
(-5.38808 -3.56783 -2.15469e-14)
(-9.88062 -8.66493 2.89924e-14)
(-9.92899 -9.72963 1.35559e-14)
(-9.03311 -9.38944 -3.26642e-14)
(-8.0673 -8.86954 -8.1809e-15)
(-7.20054 -8.34312 -8.85416e-15)
(-6.42819 -7.81511 1.00903e-14)
(-5.76317 -7.30176 -9.72107e-15)
(-5.17735 -6.82292 1.06324e-14)
(-4.62964 -6.38883 2.18596e-14)
(-4.12093 -5.96824 7.76131e-16)
(-3.65831 -5.5285 0)
(-3.27663 -5.0025 2.59998e-14)
(-2.94424 -4.34934 6.83304e-15)
(-2.75518 -3.59344 8.93993e-15)
(-2.68283 -2.55022 -9.70577e-15)
(-2.56117 -1.44248 1.22706e-14)
(-3.0573 0.24714 -1.19857e-14)
(-4.24444 2.63077 -2.36652e-15)
(-5.56862 4.48475 1.81654e-15)
(-4.59893 -3.1475 0)
(-9.55874 -8.06719 -2.00395e-14)
(-10.507 -9.4644 0)
(-9.96453 -9.29802 -1.33e-14)
(-9.13619 -8.75571 2.16884e-14)
(-8.36052 -8.17943 2.4254e-14)
(-7.67962 -7.67702 -1.68946e-14)
(-7.09808 -7.21257 -8.65385e-15)
(-6.57529 -6.7727 -1.89226e-14)
(-6.0627 -6.41149 -1.0299e-14)
(-5.56422 -6.10899 -1.00611e-14)
(-5.05287 -5.79646 -1.15163e-14)
(-4.54987 -5.41808 -7.87681e-16)
(-4.02092 -4.89897 -7.50151e-15)
(-3.59327 -4.12438 7.76507e-16)
(-2.97405 -2.79702 -1.15208e-14)
(-3.25343 -0.781447 1.05298e-14)
(-4.33164 1.91533 0)
(-5.36513 4.36411 -1.54419e-15)
(-6.50134 6.17393 -6.50879e-17)
(-3.76823 -2.65355 -3.70627e-14)
(-8.89092 -7.21692 1.76141e-14)
(-10.9669 -8.9526 0)
(-10.7608 -9.00884 1.07803e-14)
(-10.0904 -8.60432 -1.11692e-14)
(-9.35108 -8.08532 -1.25818e-14)
(-8.67771 -7.592 2.63483e-14)
(-8.08308 -7.1682 6.41113e-16)
(-7.52819 -6.83207 3.945e-16)
(-6.97179 -6.56885 9.66667e-15)
(-6.43907 -6.32681 1.9129e-14)
(-5.96354 -5.97158 9.92661e-15)
(-5.62895 -5.39787 0)
(-5.42565 -4.5519 -6.8939e-15)
(-5.52238 -3.17232 1.46646e-14)
(-5.77789 -1.19892 -6.87835e-15)
(-6.5684 1.28939 2.81025e-15)
(-7.20445 3.75793 2.53629e-15)
(-7.93751 5.90168 -2.19383e-15)
(-8.73309 7.52541 2.96914e-18)
(-2.9413 -2.13571 0)
(-7.83342 -6.16796 4.78885e-15)
(-10.7548 -8.21208 4.03401e-15)
(-11.4714 -8.62467 3.96441e-15)
(-11.1407 -8.36197 0)
(-10.5142 -7.87922 0)
(-9.91362 -7.38261 -5.54532e-15)
(-9.41215 -6.92777 0)
(-9.0033 -6.51482 0)
(-8.66969 -6.10525 1.25973e-14)
(-8.41828 -5.64678 -8.63805e-16)
(-8.27025 -5.03846 -7.70111e-15)
(-8.2779 -4.18516 0)
(-8.36454 -3.01977 8.30388e-15)
(-8.55928 -1.40145 -4.40998e-15)
(-9.0633 0.657075 2.14148e-16)
(-9.60726 2.91897 1.86211e-15)
(-10.1189 5.07876 -1.81684e-15)
(-10.6417 6.96868 8.48138e-16)
(-11.1155 8.41848 8.49595e-16)
(-2.16997 -1.62092 0)
(-6.50673 -5.00028 -5.26252e-15)
(-10.0694 -7.11692 -7.44751e-16)
(-11.6995 -7.89446 -3.95135e-15)
(-12.0625 -7.82305 0)
(-11.8242 -7.403 0)
(-11.4026 -6.89861 -4.0127e-16)
(-11.0085 -6.39131 4.10824e-15)
(-10.7339 -5.88474 4.56764e-15)
(-10.5845 -5.34456 -4.87288e-15)
(-10.5553 -4.70729 -1.03567e-14)
(-10.6418 -3.89335 0)
(-10.85 -2.84722 5.95209e-15)
(-11.1081 -1.52675 -9.66791e-15)
(-11.3639 0.134349 0)
(-11.8859 2.11439 -1.48622e-15)
(-12.2805 4.15252 0)
(-12.6265 6.06669 -1.38952e-15)
(-12.9415 7.67758 6.6932e-16)
(-13.11 8.80273 6.91393e-16)
(-1.47524 -1.14055 6.53774e-15)
(-5.01177 -3.7824 -8.96854e-15)
(-8.80979 -5.73223 -4.24046e-15)
(-11.1748 -6.73433 -3.91019e-16)
(-12.3573 -6.89398 5.83298e-15)
(-12.7908 -6.5949 0)
(-12.8737 -6.09518 -6.24001e-15)
(-12.7353 -5.52695 0)
(-12.6003 -4.90356 0)
(-12.5468 -4.21969 1.67444e-15)
(-12.6145 -3.43698 1.78757e-15)
(-12.8061 -2.50107 -1.9155e-15)
(-13.1017 -1.38047 0)
(-13.4211 -0.0557659 -7.16015e-15)
(-13.7319 1.53934 7.62109e-15)
(-14.1398 3.34264 -3.50074e-15)
(-14.4052 5.10014 3.32734e-15)
(-14.5513 6.71551 -1.61051e-15)
(-14.6182 8.06496 1.61511e-15)
(-14.5183 8.92228 -4.90286e-16)
(-0.881094 -0.731408 -6.84407e-15)
(-3.5073 -2.61712 0)
(-7.10208 -4.23408 0)
(-9.86627 -5.29414 0)
(-11.719 -5.63345 0)
(-12.861 -5.46715 0)
(-13.5187 -5.02579 5.10222e-15)
(-13.9055 -4.44162 0)
(-14.167 -3.75581 0)
(-14.3487 -2.97196 1.38092e-15)
(-14.5296 -2.08718 -4.65699e-15)
(-14.7623 -1.0842 1.78825e-15)
(-15.0446 0.0403418 -3.56995e-15)
(-15.311 1.28725 3.65989e-15)
(-15.5602 2.7246 3.84067e-15)
(-15.7684 4.2669 -1.88646e-15)
(-15.8278 5.71508 -7.62784e-18)
(-15.7917 6.97906 8.94374e-16)
(-15.6149 8.01576 8.37268e-16)
(-15.2553 8.60747 -3.01446e-16)
(-0.419282 -0.419227 -1.06443e-14)
(-2.1577 -1.5895 9.35682e-15)
(-5.18449 -2.76982 0)
(-7.94834 -3.71145 0)
(-10.1578 -4.14201 0)
(-11.8234 -4.1019 -9.10641e-16)
(-13.0274 -3.75247 -2.40749e-15)
(-13.9077 -3.21236 -9.36117e-16)
(-14.5495 -2.54088 -9.70733e-16)
(-15.0356 -1.76664 0)
(-15.4216 -0.890374 0)
(-15.7389 0.0851549 1.14874e-15)
(-16.034 1.1464 0)
(-16.2502 2.27002 -1.67096e-15)
(-16.4339 3.49771 0)
(-16.4854 4.75337 6.54639e-16)
(-16.3931 5.88962 1.78942e-16)
(-16.1535 6.84509 3.16303e-16)
(-15.7736 7.60065 -1.49308e-15)
(-15.2015 7.88044 4.711e-16)
(-0.102118 -0.18441 0)
(-1.08752 -0.731238 -3.14333e-15)
(-3.35332 -1.45259 8.38418e-16)
(-5.78827 -2.14825 3.23711e-15)
(-8.01034 -2.56634 -3.37179e-15)
(-9.89324 -2.6164 1.03306e-15)
(-11.42 -2.37393 1.79751e-15)
(-12.6457 -1.92853 -6.49649e-16)
(-13.6359 -1.33858 1.78728e-15)
(-14.4294 -0.638321 7.71789e-16)
(-15.0526 0.155494 0)
(-15.5253 1.03071 -1.1919e-15)
(-15.8571 1.96378 -2.22266e-15)
(-16.0681 2.90689 -7.08084e-17)
(-16.1625 3.88971 2.3306e-15)
(-16.1076 4.84835 -1.84731e-15)
(-15.8913 5.68003 4.31073e-16)
(-15.5105 6.35197 1.1552e-15)
(-14.9692 6.85487 1.1868e-16)
(-14.2255 6.83898 0)
(0.114124 0.0596362 0)
(-0.309501 0.0340592 -3.80436e-15)
(-1.85286 -0.268776 1.76509e-15)
(-3.78092 -0.696651 -1.8403e-15)
(-5.74485 -1.05457 2.7009e-15)
(-7.54948 -1.17719 4.13362e-16)
(-9.11603 -1.05531 1.31139e-15)
(-10.4447 -0.738967 -1.21412e-15)
(-11.5652 -0.278685 -8.41042e-16)
(-12.501 0.285245 5.70859e-16)
(-13.2598 0.926533 9.47413e-17)
(-13.8475 1.62451 -4.95837e-16)
(-14.2602 2.35518 -1.27237e-15)
(-14.5119 3.07193 -3.23057e-16)
(-14.5878 3.82434 8.66616e-16)
(-14.4693 4.54408 -1.38109e-15)
(-14.1706 5.13759 1.11496e-15)
(-13.6998 5.58632 5.7712e-16)
(-13.0438 5.86396 -6.38291e-16)
(-12.2084 5.58857 1.50153e-30)
(0.285802 0.358976 -4.17189e-15)
(0.176957 0.768902 1.38206e-15)
(-0.834516 0.83014 -9.2531e-16)
(-2.17473 0.610758 8.1703e-16)
(-3.64519 0.331682 -4.70729e-16)
(-5.06061 0.156237 -4.88603e-16)
(-6.36643 0.153828 -9.8917e-17)
(-7.54396 0.343074 0)
(-8.58495 0.677847 1.74772e-16)
(-9.48599 1.10702 8.43748e-16)
(-10.2383 1.59304 -8.18873e-16)
(-10.8287 2.10822 5.46483e-16)
(-11.2414 2.63715 7.74432e-16)
(-11.4789 3.15052 -6.27537e-16)
(-11.5493 3.66811 0)
(-11.4326 4.04238 -3.72921e-16)
(-11.1281 4.32646 0)
(-10.6392 4.49387 1.39165e-16)
(-9.95589 4.50392 -1.64802e-16)
(-9.14961 4.02702 -9.92417e-18)
(0.666595 0.500763 2.33874e-15)
(0.944554 1.18377 3.04043e-15)
(0.258239 1.05997 -1.22548e-15)
(-0.776205 0.543587 1.13825e-15)
(-1.91582 0.0636238 -1.95514e-15)
(-2.97633 -0.162706 8.19897e-16)
(-3.92084 -0.119805 -4.36749e-16)
(-4.81028 0.0774028 1.76259e-16)
(-5.64367 0.381905 -2.15528e-16)
(-6.39134 0.741272 1.70864e-16)
(-7.01987 1.10902 5.13666e-17)
(-7.49993 1.44482 1.26201e-16)
(-7.80452 1.71589 -1.64993e-16)
(-7.8948 1.92087 -7.26404e-17)
(-7.72608 2.1014 1.08257e-16)
(-7.32606 2.2177 -2.22981e-16)
(-6.73099 2.27482 8.48946e-17)
(-5.94219 2.29986 -8.01744e-17)
(-5.05296 2.25388 -1.36067e-17)
(-4.38818 1.96801 1.28155e-17)
(3.06739 2.38798 0)
(4.68462 3.78759 1.21654e-16)
(5.08435 3.38549 1.66647e-16)
(5.1472 2.70502 0)
(5.03467 2.36025 0)
(4.68221 2.28645 -1.92778e-16)
(4.25778 2.45659 -4.16353e-16)
(3.82858 2.79848 3.51285e-16)
(3.42339 3.22834 0)
(3.04038 3.67056 7.0847e-17)
(2.70635 4.07043 0)
(2.43979 4.38902 -2.35842e-16)
(2.25075 4.59908 -1.02853e-16)
(2.13261 4.69382 2.59164e-16)
(2.13249 4.70086 0)
(2.28116 4.65215 0)
(2.57891 4.58402 -7.77404e-17)
(3.03598 4.53577 1.06135e-16)
(3.6406 4.54901 -1.22372e-16)
(4.40705 4.62785 4.05094e-17)
)
;

boundaryField
{
    right
    {
        type            cyclic;
    }
    left
    {
        type            cyclic;
    }
    outerWall
    {
        type            noSlip;
    }
    stirrerWall
    {
        type            noSlip;
    }
    top
    {
        type            empty;
    }
    bottom
    {
        type            empty;
    }
}


// ************************************************************************* //
