/*--------------------------------*- C++ -*----------------------------------*\
  =========                 |
  \\      /  F ield         | OpenFOAM: The Open Source CFD Toolbox
   \\    /   O peration     | Website:  https://openfoam.org
    \\  /    A nd           | Version:  10
     \\/     M anipulation  |
\*---------------------------------------------------------------------------*/
FoamFile
{
    format      ascii;
    class       volScalarField;
    location    "60000";
    object      yPlus;
}
// * * * * * * * * * * * * * * * * * * * * * * * * * * * * * * * * * * * * * //

dimensions      [0 0 0 0 0 0 0];

internalField   uniform 0;

boundaryField
{
    right
    {
        type            cyclic;
    }
    left
    {
        type            cyclic;
    }
    outerWall
    {
        type            calculated;
        value           nonuniform List<scalar> 0();
    }
    stirrerWall
    {
        type            calculated;
        value           nonuniform List<scalar> 
398
(
0.460336
0.278331
0.173648
0.131491
0.114009
0.106762
0.103163
0.100957
0.0995288
0.0990461
0.0997814
0.101834
0.105173
0.10971
0.115412
0.122176
0.129928
0.138652
0.148152
0.158406
0.16921
0.180539
0.192232
0.204128
0.216076
0.227889
0.239378
0.250334
0.260508
0.269667
0.277624
0.284223
0.289473
0.293362
0.2959
0.297322
0.297808
0.29729
0.295753
0.293683
0.291215
0.286237
0.27862
0.270027
0.260768
0.250726
0.240191
0.229957
0.21976
0.209716
0.199844
0.190254
0.181019
0.172143
0.163582
0.155262
0.147057
0.139051
0.131369
0.124051
0.117098
0.11049
0.104198
0.0981655
0.092452
0.0868167
0.0814062
0.0760879
0.0709462
0.0659754
0.0612164
0.0568834
0.0532432
0.0503612
0.0480371
0.0456774
0.0422032
0.0362212
0.0263599
0.00762048
0.00762048
0.0203236
0.00870747
0.0123589
0.0156305
0.0203541
0.0250985
0.0292765
0.0323444
0.0344309
0.0356588
0.0361436
0.0360169
0.0354043
0.034413
0.0331317
0.0316343
0.0299363
0.0282294
0.0264814
0.0248473
0.0233574
0.0219682
0.0206576
0.0194274
0.0182907
0.0172805
0.016439
0.0158209
0.0155048
0.0156001
0.0163688
0.0180526
0.020666
0.0241152
0.0281347
0.0324241
0.0367869
0.0410579
0.0453718
0.0497183
0.0541407
0.0585808
0.0631469
0.0678141
0.0727829
0.0779614
0.0837841
0.0913362
0.101528
0.113812
0.129192
0.147452
0.168398
0.192959
0.221838
0.254837
0.291902
0.333025
0.378205
0.427414
0.480832
0.538974
0.602669
0.67291
0.750666
0.83723
0.934553
1.04548
1.17376
1.32365
1.49903
1.70249
1.93458
2.19314
2.46538
2.73464
2.99264
3.23383
3.46161
3.66746
3.8507
4.01247
4.15456
4.27895
4.38928
4.48915
4.58199
4.67151
4.7602
4.84918
4.93841
5.02807
5.11735
5.20007
5.26751
5.3254
5.37653
5.41524
5.44193
5.45332
5.45634
5.45225
5.4409
5.42197
5.39596
5.36322
5.32222
5.27261
5.21443
5.14764
5.07209
4.98752
4.89384
4.79077
4.6777
4.55386
4.42924
4.29909
4.16174
4.01659
3.86379
3.70392
3.53784
3.36668
3.1919
3.01552
2.84001
0.0310626
0.0394553
0.0252942
0.0251838
0.0453328
0.0918479
0.170993
0.251694
0.318234
0.364469
0.390866
0.399905
0.394026
0.373237
0.341622
0.305049
0.27898
0.253888
0.227665
0.20085
0.174712
0.150274
0.128133
0.108493
0.0912685
0.076373
0.0640273
0.0545538
0.0473759
0.0438936
0.0532369
0.106709
0.234805
0.364642
0.438193
0.470512
0.470164
0.453829
0.455477
0.482767
0.531266
0.587811
0.642848
0.689881
0.728561
0.769606
0.826036
0.939079
1.14777
1.6266
3.05907
5.58898
8.54131
10.8647
11.6313
11.4723
10.1978
11.99
11.5307
11.8051
12.0643
12.5589
12.7024
11.3553
12.4299
10.9392
11.4301
11.303
12.2662
13.2886
11.3659
11.5529
11.8382
12.1249
12.4114
12.6903
12.9575
13.2143
13.4617
13.7005
13.9319
14.1565
14.3751
14.5886
14.7976
15.0033
15.2067
15.4098
15.6118
15.8127
16.0129
16.2128
16.4126
16.6129
16.8138
17.0156
17.2186
17.423
17.6291
17.8377
18.0491
18.2629
18.4795
18.6993
18.9226
19.1497
19.3809
19.6167
19.8574
20.1032
0.0310626
0.0917537
0.140915
0.194731
0.199358
0.191971
0.185246
0.172326
0.199603
0.241155
0.294946
0.361426
0.44129
0.534876
0.641576
0.760208
0.889122
1.02675
1.1712
1.32042
1.47257
1.62615
1.78049
1.93583
2.09347
2.25718
2.4283
2.59191
2.74869
2.89913
3.04476
3.18519
3.32018
3.45268
3.58713
3.72542
3.86793
4.00884
4.16793
4.31514
4.41861
4.53774
4.67193
4.8289
5.01826
5.24168
5.51723
5.87305
6.34856
7.001
7.87654
8.7993
9.85196
11.0829
10.6778
11.1175
11.3912
11.5684
10.2214
10.0176
10.081
10.2072
10.3468
10.0187
11.3779
11.5282
11.2445
12.2237
12.2444
12.0772
11.6811
9.69183
10.6277
11.1299
7.75927
3.39064
1.10896
0.761965
0.730073
0.630988
)
;
    }
    top
    {
        type            empty;
    }
    bottom
    {
        type            empty;
    }
    procBoundary1to0
    {
        type            processor;
        value           uniform 0;
    }
}


// ************************************************************************* //
