/*--------------------------------*- C++ -*----------------------------------*\
  =========                 |
  \\      /  F ield         | OpenFOAM: The Open Source CFD Toolbox
   \\    /   O peration     | Website:  https://openfoam.org
    \\  /    A nd           | Version:  10
     \\/     M anipulation  |
\*---------------------------------------------------------------------------*/
FoamFile
{
    format      ascii;
    class       volScalarField;
    location    "400";
    object      omega;
}
// * * * * * * * * * * * * * * * * * * * * * * * * * * * * * * * * * * * * * //

dimensions      [0 0 -1 0 0 0 0];

internalField   nonuniform List<scalar> 
420
(
21252.7
3634.98
1349.17
792.345
568.928
452.941
389.644
365.136
378.269
422.766
21253.7
3631.93
1296.57
750.034
537.76
430.299
376.012
365.917
401.231
465.891
21254.2
3597.37
1255.89
697.362
496.382
400.636
360.475
372.304
426.865
519.448
21254
3570.44
1237.2
663.475
465.66
379.328
355.315
385.252
461.885
587.341
21253.2
3571.9
1250.69
676.427
473.269
386.749
365.378
401.396
501.416
675.023
21251.7
3619.42
1348.83
782.422
564.709
458.948
417.086
443.574
559.68
804.405
21249.7
3809.73
1689.46
1129.04
866.418
702.158
607.373
595.541
700.716
1038.18
21247.1
4689.52
2887.7
2244.23
1813.8
1487.65
1257.09
1145.02
1182.18
1590.06
21243.8
10331.9
8047.67
6680
5523.41
4613.87
3917
3432.42
3163.93
3457.61
78643.9
60596.7
48114.3
39124.4
32436.5
27327.1
23335.9
20159.1
17589.3
15481.3
479.559
506.206
462.773
372.625
317.492
308.299
349.699
578.106
1338.58
3581.27
538.093
566.241
500.875
383.894
318.279
306.369
339.511
535.939
1264.34
3581.17
615.361
645.195
547.735
397.141
320.185
306.581
335.714
514.513
1229.98
3581.13
721.312
750.241
603.553
410.882
322.624
307.815
336.041
507.522
1214.81
3581.18
870.011
891.076
667.293
423.425
325.196
309.64
338.064
506.491
1197.8
3581.3
1096.43
1080.7
734.928
434.564
326.699
311.536
340.418
507.217
1182.51
3581.49
1470.66
1334.78
807.521
440.767
326.973
313.503
343.22
509.56
1169.14
3581.76
2167.79
1688.37
871.262
437.664
325.798
315.55
346.61
513.752
1159.33
3582.1
3740.46
2174.2
897.656
420.543
323.158
317.741
350.693
519.865
1156.43
3582.51
7994.67
2739.65
837.981
388.264
319.618
319.835
355.533
528.625
1167.89
3582.99
21359.1
2930.92
649.061
349.732
314.765
319.202
359.072
541.538
1201.18
3575.63
21359.1
2347.72
550.411
341.64
314.156
319.097
360.499
548.355
1199.83
3575.63
4107.25
1080.21
440.026
337.201
316.656
322.041
364.504
556.475
1192.06
3582.99
875.709
456.669
357.038
333.577
320.096
326.28
372.354
570.707
1207.53
3582.51
398.707
352.764
345.213
334.882
321.329
328.054
379.488
589.299
1243.73
3582.1
335.324
343.295
348.857
337.738
322.37
329.481
387.23
611.49
1290.06
3581.76
332.23
350.489
356.17
340.724
322.972
330.513
395.132
637.95
1354.77
3581.49
341.812
362.864
364.777
343.189
322.682
330.868
402.522
667.581
1437.29
3581.3
356.444
378.348
374.358
344.855
321.102
329.519
407.285
700.572
1534.6
3581.18
374.77
396.738
385.285
346.285
318.939
325.438
404.987
724.803
1640.32
3581.13
398.825
420.319
400.437
349.208
315.853
318.283
391.885
719.705
1685.23
3581.17
431.879
454.517
423.909
356.23
314.584
311.028
368.452
664.24
1558.2
3581.27
15481.3
1940.9
547.141
348.122
319.199
321.392
331.803
346.296
365.319
390.006
17589.3
2641.12
753.529
405.22
332.984
321.059
324.94
333.362
345.37
361.039
20159.1
3605.76
1088.85
544.671
397.858
355.541
347.653
348.325
353.201
361.471
23335.9
4633.04
1684.31
853.506
562.787
449.612
408.571
394.006
390.291
393.232
27327.1
5446.44
2196.65
1214.36
813.446
625.363
527.144
480.787
462.483
459.9
32436.5
6252.85
2574.07
1493.01
1033.43
801.002
671.675
606.125
580.314
577.023
39124.4
7260.44
2916.36
1714.04
1223.78
982.631
856.805
804.994
794.257
800.949
48114.3
8720.48
3455.36
2106.29
1623.11
1426.25
1351.68
1345.11
1361.88
1371.16
60596.7
11161.7
5325.87
4079.22
3708.29
3621.68
3615.13
3633.89
3634.92
3627.04
78643.9
21243.8
21247.1
21249.7
21251.7
21253.2
21254
21254.2
21253.7
21252.7
)
;

boundaryField
{
    right
    {
        type            cyclic;
    }
    left
    {
        type            cyclic;
    }
    outerWall
    {
        beta1           0.075;
        blended         0;
        type            omegaWallFunction;
        value           nonuniform List<scalar> 
22
(
3581.27
3581.17
3581.13
3581.18
3581.3
3581.49
3581.76
3582.1
3582.51
3582.99
3575.63
3575.63
3582.99
3582.51
3582.1
3581.76
3581.49
3581.3
3581.18
3581.13
3581.17
3581.27
)
;
    }
    stirrerWall
    {
        beta1           0.075;
        blended         0;
        type            omegaWallFunction;
        value           nonuniform List<scalar> 
42
(
21252.7
21253.7
21254.2
21254
21253.2
21251.7
21249.7
21247.1
21243.8
78643.9
78643.9
60596.7
48114.3
39124.4
32436.5
27327.1
23335.9
20159.1
17589.3
15481.3
21359.1
21359.1
15481.3
17589.3
20159.1
23335.9
27327.1
32436.5
39124.4
48114.3
60596.7
78643.9
78643.9
21243.8
21247.1
21249.7
21251.7
21253.2
21254
21254.2
21253.7
21252.7
)
;
    }
    top
    {
        type            empty;
    }
    bottom
    {
        type            empty;
    }
}


// ************************************************************************* //
