/*--------------------------------*- C++ -*----------------------------------*\
  =========                 |
  \\      /  F ield         | OpenFOAM: The Open Source CFD Toolbox
   \\    /   O peration     | Website:  https://openfoam.org
    \\  /    A nd           | Version:  10
     \\/     M anipulation  |
\*---------------------------------------------------------------------------*/
FoamFile
{
    format      ascii;
    class       surfaceScalarField;
    location    "400";
    object      phi;
}
// * * * * * * * * * * * * * * * * * * * * * * * * * * * * * * * * * * * * * //

dimensions      [0 3 -1 0 0 0 0];

internalField   nonuniform List<scalar> 
3880
(
1.29567e-06
-3.9288e-05
5.80517e-06
-2.49457e-05
1.66993e-05
-7.52591e-06
2.84874e-05
1.76608e-05
3.88558e-05
3.94002e-05
4.6839e-05
5.19726e-05
5.28454e-05
5.61506e-05
5.73532e-05
5.41326e-05
6.06352e-05
4.7311e-05
6.29979e-05
3.70422e-05
6.47019e-05
2.44813e-05
6.58178e-05
1.03981e-05
6.63062e-05
-4.37939e-06
6.62806e-05
-1.95812e-05
6.56665e-05
-3.53638e-05
6.43853e-05
-4.95068e-05
6.35674e-05
-6.01033e-05
6.37661e-05
-7.06191e-05
6.25748e-05
-8.29938e-05
-9.4285e-05
5.83965e-05
-4.9247e-07
-3.8734e-05
2.53218e-06
-2.79e-05
1.32017e-05
-1.81439e-05
2.65277e-05
4.36219e-06
3.88542e-05
2.71663e-05
4.86426e-05
4.22167e-05
5.61045e-05
4.87403e-05
6.16291e-05
4.85909e-05
6.55785e-05
4.34073e-05
6.81598e-05
3.45167e-05
6.94907e-05
2.3122e-05
6.97908e-05
1.0132e-05
6.92775e-05
-3.7712e-06
6.83201e-05
-1.85947e-05
6.66834e-05
-3.37634e-05
6.4362e-05
-4.72351e-05
6.27364e-05
-5.85375e-05
6.07308e-05
-6.86609e-05
5.59765e-05
-7.82947e-05
-8.67481e-05
4.84348e-05
-9.92341e-07
-3.78299e-05
-3.60651e-07
-2.85049e-05
5.85222e-06
-2.43775e-05
1.82797e-05
-8.15286e-06
3.23767e-05
1.31591e-05
4.47405e-05
2.99075e-05
5.45152e-05
3.90131e-05
6.18507e-05
4.13185e-05
6.70803e-05
3.82689e-05
7.0333e-05
3.128e-05
7.19254e-05
2.15059e-05
7.23764e-05
9.70312e-06
7.18444e-05
-3.24473e-06
7.05138e-05
-1.73112e-05
6.79934e-05
-3.12766e-05
6.43386e-05
-4.3593e-05
5.97189e-05
-5.39283e-05
5.33706e-05
-6.2315e-05
4.44874e-05
-6.94416e-05
-7.60003e-05
3.36936e-05
-6.11173e-07
-3.71143e-05
-7.98205e-07
-2.82698e-05
2.47684e-06
-2.75607e-05
1.10656e-05
-1.66621e-05
2.37999e-05
4.06785e-07
3.72079e-05
1.64936e-05
4.87099e-05
2.7519e-05
5.76731e-05
3.23413e-05
6.41388e-05
3.18383e-05
6.83545e-05
2.71076e-05
7.0699e-05
1.92064e-05
7.13817e-05
9.06842e-06
7.05334e-05
-2.4026e-06
6.83696e-05
-1.51452e-05
6.4369e-05
-2.72345e-05
5.81804e-05
-3.73893e-05
4.96989e-05
-4.54531e-05
3.88526e-05
-5.14756e-05
2.6173e-05
-5.67223e-05
-6.33869e-05
1.36048e-05
-2.76858e-08
-3.71815e-05
4.49653e-09
-2.83023e-05
1.65332e-06
-2.91492e-05
6.40747e-06
-2.1325e-05
1.57676e-05
-8.94336e-06
2.78402e-05
4.45838e-06
3.96214e-05
1.57994e-05
4.93796e-05
2.25996e-05
5.66239e-05
2.45521e-05
6.13749e-05
2.23168e-05
6.38468e-05
1.67813e-05
6.42316e-05
8.78143e-06
6.26751e-05
-8.01728e-07
5.89631e-05
-1.13972e-05
5.23843e-05
-2.05885e-05
4.25483e-05
-2.74966e-05
2.95161e-05
-3.23636e-05
1.47952e-05
-3.66911e-05
6.61721e-07
-4.25558e-05
-5.25137e-05
-1.02273e-05
3.807e-07
-3.75254e-05
8.02158e-07
-2.86306e-05
1.85864e-06
-3.01988e-05
4.71572e-06
-2.4237e-05
1.03327e-05
-1.45637e-05
1.89757e-05
-4.19028e-06
2.90511e-05
5.70861e-06
3.81621e-05
1.34907e-05
4.50983e-05
1.7617e-05
4.94555e-05
1.79782e-05
5.11692e-05
1.51127e-05
5.02299e-05
9.76333e-06
4.67148e-05
2.76144e-06
4.00915e-05
-4.6962e-06
2.95635e-05
-9.99138e-06
1.53734e-05
-1.32936e-05
-1.32218e-06
-1.57276e-05
-1.6947e-05
-2.11442e-05
-2.78074e-05
-3.17591e-05
-4.83027e-05
-3.20581e-05
5.72093e-07
-3.80851e-05
1.31645e-06
-2.94113e-05
2.63917e-06
-3.15198e-05
4.74584e-06
-2.63207e-05
7.98059e-06
-1.7698e-05
1.28087e-05
-9.00292e-06
1.94586e-05
-9.3533e-07
2.62942e-05
6.64774e-06
3.14911e-05
1.24009e-05
3.41571e-05
1.53167e-05
3.38013e-05
1.54902e-05
3.00249e-05
1.35378e-05
2.26463e-05
1.01638e-05
1.16051e-05
6.36812e-06
-3.94748e-06
5.49549e-06
-2.17835e-05
4.40538e-06
-3.77203e-05
8.82653e-08
-4.78605e-05
-1.10356e-05
-5.10144e-05
-2.85595e-05
-5.23512e-05
-4.69348e-05
5.19287e-07
-3.86105e-05
1.34383e-06
-3.02156e-05
2.83426e-06
-3.28904e-05
4.80315e-06
-2.81849e-05
7.31883e-06
-2.01332e-05
9.62135e-06
-1.138e-05
1.27554e-05
-4.10241e-06
1.62959e-05
3.04326e-06
1.85249e-05
1.01253e-05
1.8284e-05
1.55366e-05
1.46338e-05
1.9122e-05
6.58707e-06
2.15428e-05
-7.02122e-06
2.3754e-05
-2.45011e-05
2.38251e-05
-4.44716e-05
2.5405e-05
-6.28745e-05
2.27587e-05
-7.08423e-05
8.08836e-06
-6.70872e-05
-1.47027e-05
-5.81131e-05
-3.74977e-05
-6.10045e-05
-4.95251e-05
2.57937e-07
-3.88216e-05
8.48684e-07
-3.07119e-05
2.25371e-06
-3.41769e-05
4.26187e-06
-3.01903e-05
6.38763e-06
-2.2248e-05
7.74462e-06
-1.27653e-05
8.48687e-06
-4.77503e-06
9.53805e-06
1.99946e-06
8.57153e-06
1.10911e-05
4.99869e-06
1.91042e-05
-2.32314e-06
2.64074e-05
-1.44371e-05
3.36171e-05
-3.42915e-05
4.36565e-05
-5.8367e-05
4.80005e-05
-7.50813e-05
4.21943e-05
-7.94792e-05
2.72005e-05
-7.45876e-05
3.26011e-06
-6.76379e-05
-2.16445e-05
-5.98688e-05
-4.53422e-05
-6.89556e-05
-5.20312e-05
-1.82728e-07
-3.85796e-05
-5.95874e-09
-3.08199e-05
9.91353e-07
-3.50886e-05
2.73591e-06
-3.19828e-05
4.85272e-06
-2.43272e-05
5.90012e-06
-1.3736e-05
5.44378e-06
-4.22432e-06
5.47493e-06
1.97345e-06
2.60296e-06
1.39261e-05
-3.18668e-06
2.48572e-05
-1.27889e-05
3.59992e-05
-2.75239e-05
4.84067e-05
-4.47396e-05
6.09764e-05
-6.07661e-05
6.40622e-05
-7.44086e-05
5.58025e-05
-8.19977e-05
3.47495e-05
-7.89448e-05
1.90889e-07
-6.9792e-05
-3.08156e-05
-6.00376e-05
-5.51098e-05
-7.79466e-05
-5.10545e-05
-7.94841e-07
-3.77514e-05
-1.30817e-06
-3.02858e-05
-9.84827e-07
-3.53297e-05
2.86697e-07
-3.32637e-05
2.31424e-06
-2.62918e-05
3.64519e-06
-1.49838e-05
3.35517e-06
-3.94724e-06
2.64762e-06
2.65333e-06
-8.67206e-08
1.66566e-05
-7.48309e-06
3.22236e-05
-1.91819e-05
4.76586e-05
-3.52386e-05
6.44865e-05
-5.27375e-05
7.84672e-05
-6.76168e-05
7.8839e-05
-7.56227e-05
6.37008e-05
-7.62434e-05
3.53265e-05
-6.88918e-05
-7.1144e-06
-6.1079e-05
-3.85548e-05
-5.41319e-05
-6.20059e-05
-8.47233e-05
-4.733e-05
-1.61541e-06
-3.61093e-05
-3.30919e-06
-2.85985e-05
-4.0204e-06
-3.45527e-05
-3.28708e-06
-3.39628e-05
-1.54075e-06
-2.79815e-05
2.76861e-08
-1.64926e-05
2.51541e-07
-4.22997e-06
-1.49183e-06
4.32778e-06
-3.88719e-06
1.90156e-05
-1.18089e-05
4.00705e-05
-2.31409e-05
5.89044e-05
-3.55647e-05
7.68608e-05
-4.68613e-05
8.97125e-05
-5.68706e-05
8.8779e-05
-6.36902e-05
7.04807e-05
-6.42085e-05
3.58673e-05
-5.86022e-05
-1.26404e-05
-5.27962e-05
-4.43287e-05
-4.62452e-05
-6.86219e-05
-9.11861e-05
-3.98758e-05
-2.57395e-06
-3.34983e-05
-5.61454e-06
-2.55798e-05
-7.53895e-06
-3.26013e-05
-7.83171e-06
-3.36579e-05
-6.83391e-06
-2.89927e-05
-5.5134e-06
-1.78496e-05
-5.05954e-06
-4.73962e-06
-6.63836e-06
5.83497e-06
-7.89906e-06
2.02084e-05
-1.33788e-05
4.55146e-05
-2.17168e-05
6.72466e-05
-3.17546e-05
8.68982e-05
-4.09435e-05
9.88604e-05
-4.73199e-05
9.50847e-05
-5.04741e-05
7.36095e-05
-4.7903e-05
3.32645e-05
-4.33333e-05
-1.72499e-05
-3.83597e-05
-4.9322e-05
-3.22038e-05
-7.47934e-05
-9.63707e-05
-2.70558e-05
-3.55676e-06
-2.99112e-05
-7.99927e-06
-2.1176e-05
-1.12447e-05
-2.93545e-05
-1.26515e-05
-3.22785e-05
-1.21036e-05
-2.95895e-05
-1.02353e-05
-1.97892e-05
-8.69603e-06
-6.31608e-06
-9.16972e-06
6.3334e-06
-1.07133e-05
2.17876e-05
-1.39952e-05
4.88185e-05
-1.87954e-05
7.20277e-05
-2.41976e-05
9.22374e-05
-2.81314e-05
0.000102712
-3.03171e-05
9.72529e-05
-2.95901e-05
7.29623e-05
-2.63324e-05
3.00673e-05
-2.44751e-05
-1.91439e-05
-2.03791e-05
-5.34957e-05
-1.47025e-05
-8.04721e-05
-9.99249e-05
-1.11331e-05
-4.43062e-06
-2.54681e-05
-1.01498e-05
-1.5504e-05
-1.49241e-05
-2.45708e-05
-1.7912e-05
-2.92974e-05
-1.84199e-05
-2.90794e-05
-1.61992e-05
-2.19651e-05
-1.26982e-05
-9.78804e-06
-1.09248e-05
4.53746e-06
-1.17369e-05
2.25449e-05
-1.19807e-05
4.90596e-05
-1.21293e-05
7.21959e-05
-1.10454e-05
9.1187e-05
-8.73562e-06
0.000100445
-5.08744e-06
9.36173e-05
-3.93679e-07
6.82326e-05
2.98172e-06
2.6683e-05
3.3959e-06
-1.95251e-05
6.56422e-06
-5.66666e-05
9.83604e-06
-8.37449e-05
-9.93089e-05
9.18949e-06
-5.08325e-06
-2.03773e-05
-1.16332e-05
-8.97134e-06
-1.79257e-05
-1.82283e-05
-2.29943e-05
-2.41685e-05
-2.60748e-05
-2.59982e-05
-2.59996e-05
-2.20481e-05
-2.30809e-05
-1.26723e-05
-1.99528e-05
1.46765e-06
-1.68595e-05
1.94203e-05
-1.14319e-05
4.35815e-05
-5.67504e-06
6.63815e-05
1.36131e-06
8.4118e-05
1.06672e-05
9.11562e-05
2.31773e-05
8.11013e-05
3.56252e-05
5.57924e-05
4.20787e-05
2.02949e-05
4.15966e-05
-1.89994e-05
4.1058e-05
-5.61939e-05
3.87332e-05
-8.14462e-05
-9.16636e-05
3.1079e-05
-5.31608e-06
-1.50448e-05
-1.164e-05
-2.61239e-06
-1.87509e-05
-1.10716e-05
-2.57118e-05
-1.71467e-05
-3.14916e-05
-2.01751e-05
-3.46981e-05
-1.88381e-05
-3.43369e-05
-1.3105e-05
-3.05086e-05
-2.4347e-06
-2.35679e-05
1.24463e-05
-1.24553e-05
3.25119e-05
5.66979e-08
5.39094e-05
1.47838e-05
6.94042e-05
3.31924e-05
7.27294e-05
5.30344e-05
6.12393e-05
6.98316e-05
3.90208e-05
7.90824e-05
1.10084e-05
7.99177e-05
-1.98975e-05
7.38231e-05
-5.01093e-05
6.13516e-05
-6.8926e-05
-7.31744e-05
4.28951e-05
-5.14835e-06
-9.86542e-06
-9.50056e-06
1.7954e-06
-1.56389e-05
-4.95599e-06
-2.33856e-05
-9.35855e-06
-3.12668e-05
-1.22686e-05
-3.74834e-05
-1.26037e-05
-4.04413e-05
-1.01842e-05
-3.82857e-05
-4.63759e-06
-3.08712e-05
5.0108e-06
-1.64709e-05
1.81073e-05
2.66944e-06
3.47446e-05
2.53102e-05
4.67153e-05
5.08477e-05
4.71483e-05
7.5021e-05
3.70515e-05
9.28527e-05
2.11239e-05
0.000101061
2.73122e-06
9.89987e-05
-1.7927e-05
8.56255e-05
-3.67586e-05
6.2458e-05
-4.57766e-05
-4.37784e-05
3.30357e-05
-5.29811e-06
-4.5438e-06
-5.30144e-06
1.85174e-06
-8.3441e-06
-1.89034e-06
-1.45587e-05
-3.1029e-06
-2.28317e-05
-3.98123e-06
-3.11241e-05
-4.31357e-06
-3.74059e-05
-3.92229e-06
-3.95766e-05
-2.43293e-06
-3.5715e-05
1.18213e-06
-2.3612e-05
5.98973e-06
-1.32918e-06
1.24427e-05
2.85819e-05
1.67542e-05
5.89816e-05
1.67111e-05
8.29911e-05
1.30114e-05
9.70418e-05
7.07592e-06
9.92896e-05
5.41074e-07
8.70058e-05
-5.56098e-06
5.99812e-05
-9.69566e-06
2.6495e-05
-1.23088e-05
-1.88893e-05
1.52405e-06
-4.55459e-06
-2.65941e-06
-4.52044e-06
-7.61441e-06
-1.1621e-05
-1.59501e-05
-1.98675e-05
-2.22826e-05
-2.11067e-05
-1.51414e-05
-2.72051e-06
1.39681e-05
3.06904e-05
4.36533e-05
5.07285e-05
5.12953e-05
4.57774e-05
3.61224e-05
2.38455e-05
4.98143e-06
5.16035e-05
-0.00010484
4.28868e-05
-0.000118167
3.37917e-05
-0.000133296
2.62197e-05
-0.000153511
2.16517e-05
-0.000181632
1.96918e-05
-0.000218118
1.84175e-05
-0.000260795
1.66415e-05
-0.000306173
1.44729e-05
-0.000352613
1.22888e-05
-0.000400308
1.02581e-05
-0.00044962
8.43441e-06
-0.000500621
6.80285e-06
-0.000553701
5.49434e-06
-0.000609067
4.32885e-06
-0.000666811
3.54802e-06
-0.000730948
2.9086e-06
-0.000788123
2.69892e-06
-0.000890341
4.66267e-06
-0.000864421
-0.00122214
3.91247e-05
-9.55541e-05
2.94512e-05
-0.000108497
2.1297e-05
-0.000125194
1.63595e-05
-0.000148651
1.47582e-05
-0.000180096
1.4848e-05
-0.000218258
1.47938e-05
-0.000260764
1.39193e-05
-0.000305296
1.249e-05
-0.000351182
1.08694e-05
-0.000398694
9.26157e-06
-0.000447985
7.78802e-06
-0.000499075
6.41107e-06
-0.000552259
5.28333e-06
-0.000607887
4.16149e-06
-0.000665674
3.35664e-06
-0.000730092
2.47941e-06
-0.000787175
1.77859e-06
-0.00088961
3.16644e-06
-0.000865783
-0.00121894
2.28669e-05
-8.47419e-05
1.37934e-05
-9.944e-05
8.2239e-06
-0.000119655
6.7536e-06
-0.00014718
8.01875e-06
-0.0001813
9.82992e-06
-0.000219996
1.07868e-05
-0.00026167
1.07057e-05
-0.000305183
1.00014e-05
-0.000350466
9.00869e-06
-0.00039772
7.90023e-06
-0.000446912
6.81394e-06
-0.000498034
5.71311e-06
-0.000551212
4.82627e-06
-0.000607019
3.82866e-06
-0.000664697
3.15189e-06
-0.000729408
2.26689e-06
-0.000786237
1.75034e-06
-0.000889063
3.18726e-06
-0.000867174
-0.00121573
3.57755e-06
-7.46851e-05
-2.35376e-06
-9.34915e-05
-3.62723e-06
-0.000118375
-1.30086e-06
-0.000149486
2.27151e-06
-0.000184822
5.22444e-06
-0.0002229
6.88458e-06
-0.000263316
7.45597e-06
-0.000305782
7.39241e-06
-0.00035047
6.97185e-06
-0.0003974
6.3437e-06
-0.000446377
5.66248e-06
-0.000497414
4.8631e-06
-0.000550459
4.23934e-06
-0.000606408
3.37752e-06
-0.00066385
2.88691e-06
-0.000728915
1.98973e-06
-0.000785325
1.52154e-06
-0.00088861
3.08586e-06
-0.00086876
-0.00121264
-1.57887e-05
-6.91583e-05
-1.62741e-05
-9.30338e-05
-1.28786e-05
-0.00012179
-7.63801e-06
-0.000154711
-2.71985e-06
-0.000189692
8.60816e-07
-0.000226438
3.03807e-06
-0.000265487
4.19251e-06
-0.000306957
4.73158e-06
-0.000351023
4.86904e-06
-0.000397528
4.71891e-06
-0.000446181
4.43832e-06
-0.000497068
3.9339e-06
-0.000549913
3.58259e-06
-0.000606003
2.86952e-06
-0.000663096
2.60377e-06
-0.000728629
1.71609e-06
-0.000784443
1.34348e-06
-0.000888272
3.13413e-06
-0.000870558
-0.00120949
-3.06173e-05
-7.06138e-05
-2.59566e-05
-9.76817e-05
-1.93508e-05
-0.000128384
-1.26137e-05
-0.00016144
-7.13899e-06
-0.000195144
-3.21637e-06
-0.000230319
-5.90511e-07
-0.000268074
1.11489e-06
-0.000308633
2.20875e-06
-0.000352077
2.84934e-06
-0.000398108
3.12514e-06
-0.000446382
3.20233e-06
-0.000497073
2.97229e-06
-0.000549636
2.89196e-06
-0.000605857
2.32724e-06
-0.000662471
2.31091e-06
-0.000728582
1.45185e-06
-0.000783576
1.27689e-06
-0.000888097
3.32293e-06
-0.000872576
-0.00120615
-3.93284e-05
-7.8238e-05
-3.11409e-05
-0.000105905
-2.33401e-05
-0.000136212
-1.64897e-05
-0.000168294
-1.09906e-05
-0.00020062
-6.82774e-06
-0.00023445
-3.77786e-06
-0.000271123
-1.57801e-06
-0.000310869
-1.16306e-08
-0.000353693
1.04871e-06
-0.000399217
1.68067e-06
-0.000447061
2.06261e-06
-0.000497505
2.07033e-06
-0.000549699
2.2398e-06
-0.000606027
1.79987e-06
-0.000662027
2.02973e-06
-0.000728821
1.20839e-06
-0.000782758
1.21833e-06
-0.000888091
3.53023e-06
-0.000874863
-0.0012026
-4.22019e-05
-8.56731e-05
-3.42644e-05
-0.000113948
-2.63817e-05
-0.000144159
-1.95816e-05
-0.000175123
-1.4095e-05
-0.000206122
-9.74761e-06
-0.00023883
-6.3407e-06
-0.000274587
-3.7481e-06
-0.000313522
-1.81767e-06
-0.000355669
-4.35821e-07
-0.000400627
4.70031e-07
-0.000447986
1.09741e-06
-0.000498143
1.30018e-06
-0.000549919
1.66926e-06
-0.000606375
1.32044e-06
-0.000661662
1.76833e-06
-0.000729267
1.02868e-06
-0.000782016
1.22186e-06
-0.00088825
3.77711e-06
-0.000877395
-0.00119881
-4.43792e-05
-9.34443e-05
-3.6313e-05
-0.00012211
-2.83532e-05
-0.000152166
-2.15925e-05
-0.000181883
-1.60799e-05
-0.000211613
-1.16379e-05
-0.000243265
-8.04949e-06
-0.000278175
-5.24507e-06
-0.000316304
-3.10429e-06
-0.000357753
-1.52409e-06
-0.000402124
-4.39787e-07
-0.000448993
3.51552e-07
-0.000498864
6.97717e-07
-0.000550207
1.21372e-06
-0.000606832
9.18811e-07
-0.000661333
1.5425e-06
-0.000729866
8.6445e-07
-0.000781312
1.25775e-06
-0.000888582
3.91943e-06
-0.000880025
-0.00119487
-4.31214e-05
-0.000101382
-3.54386e-05
-0.000129777
-2.81064e-05
-0.000159463
-2.19098e-05
-0.000188038
-1.66421e-05
-0.000216853
-1.22971e-05
-0.000247626
-8.74555e-06
-0.000281763
-5.95359e-06
-0.00031914
-3.78991e-06
-0.000359963
-2.16207e-06
-0.000403796
-1.00772e-06
-0.000450191
-1.39196e-07
-0.000499775
2.85131e-07
-0.000550666
8.92729e-07
-0.000607443
6.26646e-07
-0.000661062
1.42787e-06
-0.000730638
6.96122e-07
-0.000780534
1.36834e-06
-0.000889179
3.85075e-06
-0.000882474
-0.00119101
-4.05684e-05
-0.000108134
-3.35276e-05
-0.00013682
-2.65955e-05
-0.000166405
-2.07735e-05
-0.000193868
-1.58028e-05
-0.000221847
-1.17636e-05
-0.000251727
-8.47564e-06
-0.000285125
-5.89556e-06
-0.000321791
-3.87766e-06
-0.000362028
-2.33727e-06
-0.00040536
-1.21598e-06
-0.000451311
-3.4838e-07
-0.000500637
9.56263e-08
-0.000551119
7.35625e-07
-0.000608071
4.75349e-07
-0.000660779
1.44719e-06
-0.00073156
4.42802e-07
-0.000779468
1.43214e-06
-0.000890106
3.48464e-06
-0.000884501
-0.00118753
-3.42537e-05
-0.00011381
-2.86962e-05
-0.000142404
-2.28324e-05
-0.0001723
-1.78247e-05
-0.000198886
-1.34917e-05
-0.000226166
-1.00419e-05
-0.000255156
-7.26581e-06
-0.000287862
-5.08503e-06
-0.000323925
-3.36391e-06
-0.000363707
-2.04226e-06
-0.000406661
-1.06955e-06
-0.000452263
-2.97488e-07
-0.00050139
1.04478e-07
-0.000551521
7.11993e-07
-0.000608652
4.78985e-07
-0.000660503
1.54208e-06
-0.000732557
2.87837e-07
-0.000778153
1.55228e-06
-0.00089133
2.97812e-06
-0.00088592
-0.00118456
-2.40868e-05
-0.000116806
-2.11593e-05
-0.00014535
-1.68711e-05
-0.000176622
-1.30959e-05
-0.000202699
-9.79955e-06
-0.00022951
-7.24689e-06
-0.000257796
-5.22352e-06
-0.000290015
-3.63594e-06
-0.000325636
-2.35611e-06
-0.000365054
-1.36172e-06
-0.000407694
-6.28013e-07
-0.000453004
-3.33927e-08
-0.000501974
2.67535e-07
-0.000551819
7.82703e-07
-0.000609132
6.36018e-07
-0.000660308
1.7133e-06
-0.000733573
2.56212e-07
-0.000776668
1.80253e-06
-0.000892865
2.55895e-06
-0.000886709
-0.00118201
-1.14176e-05
-0.000116487
-1.14435e-05
-0.000145294
-9.13659e-06
-0.000178898
-7.0357e-06
-0.000204742
-5.14402e-06
-0.000231328
-3.71709e-06
-0.00025914
-2.57938e-06
-0.000291112
-1.68581e-06
-0.00032654
-9.44722e-07
-0.000365794
-3.6733e-07
-0.000408277
4.93596e-08
-0.000453416
3.96046e-07
-0.00050231
5.43595e-07
-0.000551964
8.77589e-07
-0.000609433
6.89287e-07
-0.000660082
1.67678e-06
-0.000734514
1.91419e-07
-0.000775181
2.07945e-06
-0.000894747
2.16276e-06
-0.00088682
-0.00117986
3.89959e-06
-0.000111198
2.83914e-07
-0.000141628
-2.6668e-08
-0.000178546
-4.55836e-08
-0.000204717
1.23289e-07
-0.000231551
2.41381e-07
-0.000259333
3.81153e-07
-0.000291315
5.27208e-07
-0.000326737
6.84385e-07
-0.000365964
8.02369e-07
-0.000408414
8.66579e-07
-0.000453483
9.26748e-07
-0.000502361
8.89425e-07
-0.000551917
9.89837e-07
-0.000609498
7.90243e-07
-0.000659848
1.47181e-06
-0.000735155
3.59295e-08
-0.000773743
2.23694e-06
-0.000896938
1.38494e-06
-0.000885973
-0.00117848
1.9829e-05
-9.99718e-05
1.26003e-05
-0.00013444
9.21876e-06
-0.000175201
6.92013e-06
-0.000202412
5.34483e-06
-0.000229949
4.20755e-06
-0.000258206
3.36763e-06
-0.000290518
2.79039e-06
-0.000326192
2.37645e-06
-0.000365557
2.03553e-06
-0.000408099
1.73979e-06
-0.0004532
1.49426e-06
-0.000502117
1.25247e-06
-0.000551674
1.08112e-06
-0.000609309
8.73868e-07
-0.000659624
1.11592e-06
-0.000735372
-1.48557e-07
-0.000772482
2.092e-06
-0.000899172
-4.77925e-07
-0.000883393
-0.00117894
2.63967e-05
-8.35128e-05
1.95105e-05
-0.000127625
1.5114e-05
-0.000170903
1.18712e-05
-0.000199261
9.34604e-06
-0.000227442
7.50166e-06
-0.000256342
6.01899e-06
-0.000289042
4.89968e-06
-0.000325077
3.99652e-06
-0.000364658
3.23912e-06
-0.000407366
2.60574e-06
-0.000452575
2.04834e-06
-0.000501558
1.59412e-06
-0.000551209
1.12594e-06
-0.000608822
9.11885e-07
-0.000659398
6.06817e-07
-0.000735026
-3.10745e-07
-0.000771548
1.90838e-06
-0.000901376
-3.13984e-06
-0.000878324
-0.00118206
1.9882e-05
-7.03997e-05
1.97745e-05
-0.000127538
1.74552e-05
-0.000168576
1.50189e-05
-0.000196811
1.24171e-05
-0.000224829
1.023e-05
-0.000254106
8.34371e-06
-0.000287135
6.79418e-06
-0.000323522
5.48329e-06
-0.000363366
4.3644e-06
-0.000406269
3.43188e-06
-0.000451645
2.55993e-06
-0.000500702
1.916e-06
-0.000550574
1.07024e-06
-0.000607961
9.32863e-07
-0.000659265
-2.26681e-07
-0.000733859
-3.26353e-07
-0.000771435
8.02951e-07
-0.000902477
-5.37592e-06
-0.000872131
-0.00118742
1.02677e-05
-7.92552e-05
1.81242e-05
-0.000135476
1.95103e-05
-0.000169944
1.73868e-05
-0.000194612
1.49394e-05
-0.00022234
1.24202e-05
-0.000251522
1.02868e-05
-0.00028498
8.414e-06
-0.000321623
6.83387e-06
-0.000361801
5.42457e-06
-0.000404873
4.28052e-06
-0.000450481
3.08329e-06
-0.000499495
2.37078e-06
-0.000549876
9.32869e-07
-0.000606535
1.28571e-06
-0.000659615
-1.5649e-06
-0.000730988
5.47947e-07
-0.000773544
-3.16416e-06
-0.000898751
-5.70592e-06
-0.000869583
-0.00119312
1.80959e-05
-9.2365e-05
2.22114e-05
-0.000139569
2.00172e-05
-0.000167719
1.72719e-05
-0.000191801
1.43081e-05
-0.000219348
1.18257e-05
-0.000248976
9.90027e-06
-0.000283065
8.37298e-06
-0.000320088
7.04929e-06
-0.000360502
5.81358e-06
-0.000403634
4.728e-06
-0.000449382
3.44026e-06
-0.000498221
2.64634e-06
-0.000549102
1.04191e-06
-0.000604947
1.32396e-06
-0.000659898
-1.93886e-06
-0.000727708
1.30493e-07
-0.000775608
-6.5648e-06
-0.00089202
-1.27891e-05
-0.000863374
-0.00120589
2.17582e-06
-9.45304e-05
5.48341e-07
-0.000137927
5.92462e-07
-0.00016775
-1.59551e-07
-0.000191025
-3.12344e-07
-0.000219185
-5.17408e-07
-0.000248756
-5.00614e-07
-0.000283087
-4.82131e-07
-0.000320101
-4.21116e-07
-0.000360557
-4.08561e-07
-0.000403644
-3.66329e-07
-0.000449422
-4.27408e-07
-0.000498169
-3.2748e-07
-0.000549215
-5.43426e-07
-0.000604731
-1.08818e-07
-0.000660328
-8.11031e-07
-0.00072701
5.27825e-07
-0.000776961
-1.66203e-06
-0.000889826
1.97047e-06
-0.000867012
-0.00120392
2.30362e-06
-9.68293e-05
5.43832e-07
-0.000136164
5.81662e-07
-0.000167788
-1.9713e-07
-0.000190241
-3.50102e-07
-0.000219029
-5.50512e-07
-0.000248553
-5.25784e-07
-0.000283115
-4.995e-07
-0.000320126
-4.30359e-07
-0.000360628
-4.07519e-07
-0.000403666
-3.55474e-07
-0.000449474
-4.08698e-07
-0.000498116
-3.06681e-07
-0.000549314
-5.27332e-07
-0.000604511
-9.29481e-08
-0.000660765
-8.37358e-07
-0.000726263
5.39248e-07
-0.000778336
-1.7267e-06
-0.000887558
1.9055e-06
-0.000870649
-0.00120201
2.18441e-06
-9.90112e-05
5.14731e-07
-0.00013449
4.91974e-07
-0.000167764
-2.79195e-07
-0.000189466
-4.38638e-07
-0.000218868
-6.2146e-07
-0.000248368
-5.84597e-07
-0.000283155
-5.437e-07
-0.000320167
-4.62943e-07
-0.000360712
-4.25209e-07
-0.000403703
-3.60908e-07
-0.000449538
-3.99361e-07
-0.000498078
-2.95336e-07
-0.000549416
-5.02951e-07
-0.000604303
-7.87873e-08
-0.000661192
-8.2184e-07
-0.000725518
5.56518e-07
-0.000779713
-1.71748e-06
-0.00088528
1.80304e-06
-0.000874174
-0.00120021
2.00672e-06
-0.000101016
4.40752e-07
-0.000132919
3.57492e-07
-0.000167677
-3.9689e-07
-0.000188707
-5.55888e-07
-0.000218708
-7.14516e-07
-0.000248209
-6.61784e-07
-0.00028321
-6.03554e-07
-0.000320225
-5.09124e-07
-0.000360811
-4.55075e-07
-0.000403757
-3.77484e-07
-0.000449615
-3.99114e-07
-0.000498057
-2.90753e-07
-0.000549523
-4.83867e-07
-0.00060411
-6.95129e-08
-0.000661607
-8.00368e-07
-0.000724785
5.79249e-07
-0.000781093
-1.70469e-06
-0.000882992
1.74601e-06
-0.000877629
-0.00119846
1.81526e-06
-0.00010283
3.44581e-07
-0.000131444
2.00866e-07
-0.00016753
-5.28678e-07
-0.000187974
-6.82522e-07
-0.000218555
-8.13851e-07
-0.000248076
-7.44935e-07
-0.000283281
-6.69506e-07
-0.000320299
-5.61601e-07
-0.000360922
-4.91401e-07
-0.000403827
-4.00776e-07
-0.000449704
-4.04809e-07
-0.000498053
-2.90803e-07
-0.000549635
-4.68658e-07
-0.000603931
-6.51806e-08
-0.000662009
-7.78217e-07
-0.000724069
6.01219e-07
-0.000782475
-1.69223e-06
-0.000880693
1.71865e-06
-0.000881043
-0.00119674
1.6224e-06
-0.000104451
2.31743e-07
-0.00013005
2.82648e-08
-0.000167326
-6.69521e-07
-0.000187273
-8.14313e-07
-0.000218412
-9.16385e-07
-0.000247974
-8.31613e-07
-0.000283367
-7.39332e-07
-0.000320389
-6.18292e-07
-0.000361046
-5.32275e-07
-0.000403914
-4.29131e-07
-0.000449806
-4.15313e-07
-0.000498066
-2.94883e-07
-0.000549755
-4.58292e-07
-0.000603768
-6.68978e-08
-0.0006624
-7.56097e-07
-0.000723376
6.21577e-07
-0.000783856
-1.6791e-06
-0.000878386
1.71824e-06
-0.000884444
-0.00119502
1.43084e-06
-0.000105881
1.05448e-07
-0.000128723
-1.56051e-07
-0.000167068
-8.15839e-07
-0.000186611
-9.48461e-07
-0.000218283
-1.02023e-06
-0.000247901
-9.20262e-07
-0.000283468
-8.11594e-07
-0.000320495
-6.77803e-07
-0.00036118
-5.76435e-07
-0.000404017
-4.61345e-07
-0.000449922
-4.29711e-07
-0.000498096
-3.02497e-07
-0.00054988
-4.50052e-07
-0.00060362
-7.1411e-08
-0.000662777
-7.34087e-07
-0.000722709
6.40393e-07
-0.000785236
-1.66599e-06
-0.000876074
1.74191e-06
-0.000887856
-0.00119327
1.23979e-06
-0.000107121
-3.16397e-08
-0.000127451
-3.47888e-07
-0.000166757
-9.64009e-07
-0.000185993
-1.08239e-06
-0.000218169
-1.12363e-06
-0.000247858
-1.00934e-06
-0.000283581
-8.84815e-07
-0.000320617
-7.38773e-07
-0.000361324
-6.22538e-07
-0.000404135
-4.96097e-07
-0.000450049
-4.47033e-07
-0.000498143
-3.13073e-07
-0.000550013
-4.43087e-07
-0.00060349
-7.80541e-08
-0.000663142
-7.12204e-07
-0.00072207
6.57737e-07
-0.000786613
-1.65371e-06
-0.000873758
1.78672e-06
-0.0008913
-0.00119149
1.05279e-06
-0.000108176
-1.76815e-07
-0.000126221
-5.42994e-07
-0.000166399
-1.11049e-06
-0.000185425
-1.21367e-06
-0.00021807
-1.22489e-06
-0.000247845
-1.0973e-06
-0.000283707
-9.57529e-07
-0.000320753
-7.9978e-07
-0.000361479
-6.69207e-07
-0.000404268
-5.32058e-07
-0.000450189
-4.66248e-07
-0.000498207
-3.25966e-07
-0.000550151
-4.37115e-07
-0.00060338
-8.67941e-08
-0.000663493
-6.90445e-07
-0.000721461
6.73454e-07
-0.000787984
-1.64248e-06
-0.000871438
1.85081e-06
-0.000894797
-0.00118964
8.71475e-07
-0.000109051
-3.27023e-07
-0.000125023
-7.37598e-07
-0.000165996
-1.25205e-06
-0.00018491
-1.33985e-06
-0.000217986
-1.32235e-06
-0.00024786
-1.18265e-06
-0.000283844
-1.02832e-06
-0.000320904
-8.59455e-07
-0.000361644
-7.15184e-07
-0.000404414
-5.68033e-07
-0.000450339
-4.86376e-07
-0.000498286
-3.40524e-07
-0.000550296
-4.3176e-07
-0.00060329
-9.75103e-08
-0.00066383
-6.68743e-07
-0.000720884
6.87156e-07
-0.000789349
-1.63213e-06
-0.000869116
1.93462e-06
-0.000898368
-0.0011877
6.96457e-07
-0.000109751
-4.78964e-07
-0.000123848
-9.27952e-07
-0.000165552
-1.38572e-06
-0.000184453
-1.4586e-06
-0.000217916
-1.41436e-06
-0.000247902
-1.26385e-06
-0.000283991
-1.09576e-06
-0.000321069
-9.16456e-07
-0.000361819
-7.59233e-07
-0.000404573
-6.0285e-07
-0.000450498
-5.06438e-07
-0.000498381
-3.56014e-07
-0.000550445
-4.26564e-07
-0.000603219
-1.10097e-07
-0.00066415
-6.46876e-07
-0.000720342
6.98182e-07
-0.000790702
-1.62104e-06
-0.000866796
2.04129e-06
-0.000902036
-0.00118566
5.29217e-07
-0.000110284
-6.28789e-07
-0.000122689
-1.1102e-06
-0.000165073
-1.50908e-06
-0.000184055
-1.56783e-06
-0.000217857
-1.49928e-06
-0.000247969
-1.33939e-06
-0.000284148
-1.15843e-06
-0.000321248
-9.69429e-07
-0.000362004
-8.00117e-07
-0.000404743
-6.35363e-07
-0.000450666
-5.25436e-07
-0.000498491
-3.71639e-07
-0.000550598
-4.20988e-07
-0.000603169
-1.23627e-07
-0.000664451
-6.23323e-07
-0.000719837
7.06015e-07
-0.00079204
-1.60846e-06
-0.00086448
2.16956e-06
-0.00090582
-0.00118349
3.71914e-07
-0.000110657
-7.72245e-07
-0.000121544
-1.28204e-06
-0.000164562
-1.62091e-06
-0.000183717
-1.66559e-06
-0.000217812
-1.57545e-06
-0.000248057
-1.4077e-06
-0.000284312
-1.21492e-06
-0.000321439
-1.01705e-06
-0.0003622
-8.36645e-07
-0.000404924
-6.64548e-07
-0.00045084
-5.42444e-07
-0.000498613
-3.86577e-07
-0.000550754
-4.14244e-07
-0.000603139
-1.32178e-07
-0.000664738
-5.91744e-07
-0.000719373
7.11365e-07
-0.000793351
-1.594e-06
-0.000862172
2.3204e-06
-0.00090974
-0.00118116
2.26777e-07
-0.000110884
-9.0642e-07
-0.000120407
-1.442e-06
-0.000164022
-1.71949e-06
-0.00018344
-1.74989e-06
-0.00021778
-1.64116e-06
-0.000248165
-1.46715e-06
-0.000284482
-1.26379e-06
-0.000321643
-1.05804e-06
-0.000362404
-8.67705e-07
-0.000405114
-6.89407e-07
-0.00045102
-5.56528e-07
-0.000498747
-3.99998e-07
-0.000550911
-4.05677e-07
-0.00060313
-1.3987e-07
-0.000665008
-5.48673e-07
-0.000718961
7.23129e-07
-0.00079463
-1.57779e-06
-0.000859868
2.49628e-06
-0.00091382
-0.00117866
9.44048e-08
-0.000110977
-1.02901e-06
-0.00011928
-1.58513e-06
-0.000163463
-1.8001e-06
-0.000183224
-1.81869e-06
-0.00021776
-1.69462e-06
-0.000248289
-1.51606e-06
-0.000284657
-1.30358e-06
-0.000321856
-1.09108e-06
-0.000362617
-8.92176e-07
-0.000405313
-7.08922e-07
-0.000451205
-5.66756e-07
-0.00049889
-4.10974e-07
-0.000551068
-3.9488e-07
-0.000603141
-1.4964e-07
-0.000665257
-5.04525e-07
-0.000718605
7.3246e-07
-0.000795874
-1.56082e-06
-0.00085757
2.70067e-06
-0.000918087
-0.00117596
-2.5696e-08
-0.00011095
-1.13451e-06
-0.000118167
-1.705e-06
-0.000162891
-1.8595e-06
-0.00018307
-1.86994e-06
-0.00021775
-1.73392e-06
-0.000248424
-1.55265e-06
-0.000284833
-1.33277e-06
-0.000322077
-1.1149e-06
-0.000362835
-9.0894e-07
-0.000405519
-7.22112e-07
-0.000451392
-5.72202e-07
-0.000499042
-4.18613e-07
-0.000551224
-3.81444e-07
-0.000603173
-1.62349e-07
-0.00066548
-4.61697e-07
-0.000718306
7.36778e-07
-0.00079708
-1.54364e-06
-0.000855284
2.93757e-06
-0.000922574
-0.00117303
-1.35445e-07
-0.000110815
-1.21515e-06
-0.000117084
-1.79655e-06
-0.000162311
-1.89449e-06
-0.000182972
-1.90172e-06
-0.000217744
-1.75692e-06
-0.000248568
-1.57518e-06
-0.000285009
-1.34986e-06
-0.000322304
-1.12827e-06
-0.000363058
-9.1693e-07
-0.00040573
-7.28153e-07
-0.000451581
-5.7191e-07
-0.0004992
-4.22268e-07
-0.000551376
-3.64473e-07
-0.000603227
-1.74916e-07
-0.000665674
-4.15341e-07
-0.000718067
7.29121e-07
-0.000798232
-1.52341e-06
-0.000853025
3.21004e-06
-0.000927312
-0.00116982
-2.32359e-07
-0.000110584
-1.25841e-06
-0.000116057
-1.85451e-06
-0.000161716
-1.90237e-06
-0.000182926
-1.91224e-06
-0.000217737
-1.76172e-06
-0.000248719
-1.58227e-06
-0.000285182
-1.3537e-06
-0.000322534
-1.13043e-06
-0.000363284
-9.15395e-07
-0.000405947
-7.26394e-07
-0.000451771
-5.64997e-07
-0.000499364
-4.21519e-07
-0.000551522
-3.4324e-07
-0.000603303
-1.891e-07
-0.000665834
-3.72683e-07
-0.000717886
6.87508e-07
-0.0007993
-1.49745e-06
-0.000850836
3.52082e-06
-0.000932334
-0.0011663
-3.08501e-07
-0.000110276
-1.26244e-06
-0.000115103
-1.8705e-06
-0.000161106
-1.88161e-06
-0.000182916
-1.89798e-06
-0.000217722
-1.74709e-06
-0.000248869
-1.57348e-06
-0.000285348
-1.34521e-06
-0.000322763
-1.12249e-06
-0.000363508
-9.05626e-07
-0.000406165
-7.17572e-07
-0.00045196
-5.52409e-07
-0.000499529
-4.15878e-07
-0.000551662
-3.1918e-07
-0.000603401
-2.00636e-07
-0.000665958
-3.33112e-07
-0.000717753
6.28229e-07
-0.000800267
-1.47758e-06
-0.00084873
3.87952e-06
-0.000937695
-0.00116243
-4.03673e-07
-0.000109869
-1.15268e-06
-0.00011435
-1.82891e-06
-0.000160426
-1.80222e-06
-0.000182944
-1.84417e-06
-0.00021768
-1.70139e-06
-0.000249011
-1.54405e-06
-0.000285499
-1.32218e-06
-0.000322986
-1.10406e-06
-0.000363729
-8.86992e-07
-0.000406385
-7.01034e-07
-0.000452146
-5.3112e-07
-0.000499696
-4.03768e-07
-0.000551792
-2.84098e-07
-0.000603528
-2.08483e-07
-0.000666039
-2.59296e-07
-0.000717692
5.48797e-07
-0.000801074
-1.34422e-06
-0.000846851
4.04114e-06
-0.000943088
-0.00115838
-1.70667e-05
-8.58557e-05
-6.93461e-06
-1.23313e-05
-0.000119044
-2.10872e-05
-0.000151648
-2.12432e-05
-0.000182818
-2.37345e-05
-0.00021522
-2.35547e-05
-0.000249205
-2.33246e-05
-0.00028574
-2.17612e-05
-0.000324526
-1.99635e-05
-0.000365531
-1.7665e-05
-0.000408712
-1.5539e-05
-0.000454289
-1.28887e-05
-0.000502364
-1.13665e-05
-0.000553342
-7.56535e-06
-0.000607353
-8.74822e-06
-0.000664886
6.14473e-07
-0.000727077
-1.30972e-05
-0.000787366
1.60312e-05
-0.000875989
-3.56764e-05
-0.000891455
-0.00119413
-2.66457e-05
-9.29331e-05
3.37557e-05
-2.28241e-05
-0.000122856
-2.17283e-05
-0.00015276
-2.0847e-05
-0.000183693
-2.03071e-05
-0.000215693
-1.96138e-05
-0.00024992
-1.87364e-05
-0.000286652
-1.74557e-05
-0.000325803
-1.59548e-05
-0.000367062
-1.42797e-05
-0.000410423
-1.25486e-05
-0.000456039
-1.07469e-05
-0.000504195
-9.08775e-06
-0.00055505
-7.23961e-06
-0.000609249
-6.14705e-06
-0.000666029
-3.89258e-06
-0.000729344
-4.81335e-06
-0.000786444
1.77111e-06
-0.000882559
-1.70597e-05
-0.000872584
-0.0012112
-3.56011e-05
-0.0001009
4.3577e-05
-3.05922e-05
-0.000127956
-2.70587e-05
-0.000156315
-2.4779e-05
-0.000186024
-2.30084e-05
-0.000217442
-2.15431e-05
-0.000251385
-2.0038e-05
-0.00028816
-1.83959e-05
-0.00032746
-1.66119e-05
-0.000368857
-1.47402e-05
-0.000412285
-1.28461e-05
-0.000457925
-1.10017e-05
-0.000506045
-9.20724e-06
-0.000556846
-7.54416e-06
-0.0006109
-5.93972e-06
-0.000667608
-4.59875e-06
-0.00073066
-3.09176e-06
-0.000787976
-2.62836e-06
-0.00088303
-8.63706e-06
-0.000866497
-0.00121977
-3.81532e-05
-0.000108556
4.58151e-05
-3.24315e-05
-0.000133785
-2.81558e-05
-0.000160656
-2.50348e-05
-0.000189142
-2.27355e-05
-0.000219728
-2.09438e-05
-0.000253179
-1.928e-05
-0.000289803
-1.75997e-05
-0.000329143
-1.58443e-05
-0.000370603
-1.40465e-05
-0.00041406
-1.22503e-05
-0.000459699
-1.05106e-05
-0.00050777
-8.84694e-06
-0.000558495
-7.28119e-06
-0.000612432
-5.79342e-06
-0.000669016
-4.3553e-06
-0.000732015
-3.48367e-06
-0.000788803
-2.5332e-06
-0.000883997
-4.70031e-06
-0.000864244
-0.0012244
-3.80077e-05
-0.000115238
4.46179e-05
-3.24778e-05
-0.000139332
-2.80574e-05
-0.000165095
-2.46441e-05
-0.000192529
-2.2106e-05
-0.000222261
-2.01369e-05
-0.000255139
-1.83953e-05
-0.000291542
-1.66748e-05
-0.000330864
-1.4925e-05
-0.000372337
-1.3176e-05
-0.000415791
-1.1455e-05
-0.000461403
-9.80638e-06
-0.00050941
-8.24365e-06
-0.000560049
-6.77319e-06
-0.000613874
-5.41742e-06
-0.000670333
-4.11751e-06
-0.000733276
-3.39096e-06
-0.000789511
-1.97933e-06
-0.000885407
-2.8617e-06
-0.000863311
-0.00122724
-3.52706e-05
-0.000120971
4.09202e-05
-3.02534e-05
-0.000144321
-2.60445e-05
-0.000169253
-2.27671e-05
-0.000195814
-2.03162e-05
-0.000224697
-1.84556e-05
-0.000256986
-1.6857e-05
-0.00029317
-1.5255e-05
-0.000332476
-1.36358e-05
-0.000373965
-1.20265e-05
-0.000417411
-1.04411e-05
-0.000462978
-8.9288e-06
-0.000510914
-7.4985e-06
-0.000561475
-6.15219e-06
-0.000615218
-4.94145e-06
-0.000671582
-3.73892e-06
-0.000734522
-2.95153e-06
-0.000790322
-1.438e-06
-0.000886915
-1.81185e-06
-0.000862949
-0.00122909
-3.06831e-05
-0.000125716
3.5424e-05
-2.63594e-05
-0.000148581
-2.26241e-05
-0.000172913
-1.96927e-05
-0.000198742
-1.75576e-05
-0.000226834
-1.60138e-05
-0.000258545
-1.46939e-05
-0.00029453
-1.33343e-05
-0.000333854
-1.19402e-05
-0.000375387
-1.05352e-05
-0.000418844
-9.14888e-06
-0.000464382
-7.82945e-06
-0.000512253
-6.57361e-06
-0.000562736
-5.3931e-06
-0.000616411
-4.31754e-06
-0.000672694
-3.21232e-06
-0.000735683
-2.54051e-06
-0.000791035
-1.04094e-06
-0.000888408
-1.1107e-06
-0.000862934
-0.00123024
-2.45475e-05
-0.00012943
2.83082e-05
-2.10506e-05
-0.00015201
-1.80088e-05
-0.000175942
-1.55839e-05
-0.000201134
-1.39353e-05
-0.000228491
-1.28682e-05
-0.000259642
-1.19528e-05
-0.000295459
-1.09584e-05
-0.000334857
-9.88435e-06
-0.000376477
-8.74647e-06
-0.000419967
-7.61199e-06
-0.000465512
-6.53601e-06
-0.00051336
-5.51381e-06
-0.000563793
-4.53815e-06
-0.000617388
-3.64689e-06
-0.00067359
-2.71243e-06
-0.000736629
-2.06787e-06
-0.000791694
-7.04381e-07
-0.000889749
-5.69672e-07
-0.000863129
-0.00123081
-1.71777e-05
-0.000132031
1.98383e-05
-1.46358e-05
-0.000154486
-1.239e-05
-0.000178188
-1.06373e-05
-0.000202873
-9.58777e-06
-0.000229531
-9.09595e-06
-0.000260137
-8.69648e-06
-0.000295837
-8.1614e-06
-0.000335393
-7.48398e-06
-0.000377171
-6.69483e-06
-0.000420738
-5.87607e-06
-0.000466308
-5.07219e-06
-0.000514146
-4.30824e-06
-0.000564576
-3.57371e-06
-0.000618122
-2.89106e-06
-0.000674264
-2.1334e-06
-0.000737356
-1.5253e-06
-0.000792293
-3.74839e-07
-0.000890874
-1.1933e-07
-0.000863427
-0.0012309
-8.86355e-06
-0.000133425
1.02965e-05
-7.39748e-06
-0.00015593
-6.01395e-06
-0.000179529
-5.03449e-06
-0.000203844
-4.67773e-06
-0.00022986
-4.83573e-06
-0.000259953
-5.0467e-06
-0.000295602
-5.04198e-06
-0.000335385
-4.80755e-06
-0.000377376
-4.42065e-06
-0.00042108
-3.97104e-06
-0.000466744
-3.49533e-06
-0.000514621
-3.00585e-06
-0.00056508
-2.52641e-06
-0.000618603
-2.06748e-06
-0.000674726
-1.50631e-06
-0.000737887
-1.05676e-06
-0.000792754
-6.55677e-08
-0.000891861
3.03353e-07
-0.000863815
-0.00123058
2.85027e-08
-0.000133588
1.22891e-07
4.12177e-07
-0.000156271
8.37492e-07
-0.000179926
1.00206e-06
-0.000203976
5.9878e-07
-0.000229426
-2.59292e-07
-0.000259051
-1.12585e-06
-0.000294721
-1.69553e-06
-0.000334812
-1.95487e-06
-0.000377087
-2.02199e-06
-0.000420994
-1.96704e-06
-0.000466808
-1.84523e-06
-0.000514772
-1.64809e-06
-0.000565296
-1.43572e-06
-0.000618826
-1.2173e-06
-0.000674975
-9.02283e-07
-0.000738203
-6.7858e-07
-0.000793035
1.04173e-07
-0.000892669
-4.91279e-08
-0.000863682
-0.00123066
9.1138e-06
-0.000132523
-1.01438e-05
8.42707e-06
-0.000155554
7.88421e-06
-0.000179398
7.20538e-06
-0.000203271
6.02292e-06
-0.000228239
4.44186e-06
-0.000257456
2.91115e-06
-0.000293204
1.75206e-06
-0.00033367
9.65788e-07
-0.000376292
4.18657e-07
-0.000420467
6.29737e-08
-0.000466484
-1.7552e-07
-0.000514581
-2.81951e-07
-0.000565211
-3.46342e-07
-0.000618781
-3.75523e-07
-0.000675002
-3.24788e-07
-0.000738284
-3.11333e-07
-0.000793129
2.58925e-07
-0.000893266
-6.91749e-07
-0.000862778
-0.0012314
1.78683e-05
-0.000130393
-1.99492e-05
1.62204e-05
-0.000153935
1.48136e-05
-0.000178009
1.32928e-05
-0.000201762
1.13631e-05
-0.000226316
9.08229e-06
-0.000255196
6.91018e-06
-0.000291068
5.1715e-06
-0.000331958
3.84304e-06
-0.00037499
2.8186e-06
-0.000419483
2.05534e-06
-0.000465746
1.4587e-06
-0.000514018
1.04068e-06
-0.000564795
6.9691e-07
-0.000618437
4.23318e-07
-0.000674768
2.16574e-07
-0.000738092
9.25844e-08
-0.000793061
5.38988e-07
-0.000893713
-1.08793e-06
-0.000861225
-0.00123252
2.62201e-05
-0.000127603
-2.90408e-05
2.3904e-05
-0.000151644
2.17325e-05
-0.000175848
1.9339e-05
-0.000199412
1.65743e-05
-0.000223556
1.35382e-05
-0.000252195
1.07268e-05
-0.000288291
8.42899e-06
-0.00032966
6.57906e-06
-0.000373158
5.09917e-06
-0.000418026
3.94193e-06
-0.000464588
2.99957e-06
-0.00051308
2.27587e-06
-0.000564053
1.66118e-06
-0.00061781
1.15408e-06
-0.000674296
7.21672e-07
-0.000737662
5.34265e-07
-0.000792904
8.04338e-07
-0.000893976
-1.58008e-06
-0.00085891
-0.00123408
3.39915e-05
-0.000124601
-3.70427e-05
3.13215e-05
-0.000148964
2.84765e-05
-0.000173044
2.52296e-05
-0.000196203
2.15624e-05
-0.000219878
1.77247e-05
-0.000248366
1.42632e-05
-0.000284819
1.13981e-05
-0.000326779
9.04906e-06
-0.000370819
7.15392e-06
-0.000416124
5.64079e-06
-0.000463046
4.37986e-06
-0.000511822
3.36779e-06
-0.000563045
2.503e-06
-0.000616958
1.78626e-06
-0.000673632
1.1738e-06
-0.000737058
9.84099e-07
-0.000792744
8.69108e-07
-0.000893902
-1.78254e-06
-0.000856334
-0.00123583
4.123e-05
-0.000121741
-4.40717e-05
3.83176e-05
-0.000146066
3.48129e-05
-0.000169587
3.06474e-05
-0.000192021
2.59842e-05
-0.000215177
2.13199e-05
-0.000243704
1.72375e-05
-0.000280738
1.38785e-05
-0.000323416
1.11126e-05
-0.000368055
8.86353e-06
-0.000413849
7.04289e-06
-0.000461189
5.50891e-06
-0.000510306
4.24881e-06
-0.000561812
3.17381e-06
-0.000615901
2.27162e-06
-0.000672782
1.47183e-06
-0.000736289
1.08876e-06
-0.000792434
4.6017e-07
-0.000893336
4.28673e-09
-0.000855941
-0.00123587
4.84757e-05
-0.00011938
-5.07968e-05
4.52656e-05
-0.000142886
4.09021e-05
-0.000165228
3.55547e-05
-0.00018665
2.96916e-05
-0.000209333
2.41395e-05
-0.000238183
1.94881e-05
-0.000276107
1.57403e-05
-0.000319661
1.26588e-05
-0.000364967
1.01335e-05
-0.000411302
8.07181e-06
-0.000459091
6.33419e-06
-0.000508561
4.88444e-06
-0.000560365
3.63808e-06
-0.000614672
2.56038e-06
-0.000671751
1.58972e-06
-0.000735297
1.0108e-06
-0.000791907
4.83031e-07
-0.000892861
1.03973e-06
-0.000856498
-0.00123488
5.71507e-05
-0.000117483
-5.90345e-05
5.31931e-05
-0.000138941
4.72776e-05
-0.000159347
4.01691e-05
-0.000179561
3.28466e-05
-0.000202024
2.63332e-05
-0.000231672
2.11699e-05
-0.000270928
1.71213e-05
-0.000315604
1.37971e-05
-0.000361647
1.10578e-05
-0.000408516
8.8064e-06
-0.000456766
6.89456e-06
-0.000506643
5.28141e-06
-0.00055876
3.91739e-06
-0.000613273
2.69203e-06
-0.000670534
1.50961e-06
-0.000734092
6.18975e-07
-0.000791009
1.55865e-08
-0.000892247
1.72696e-06
-0.000858189
-0.00123313
6.67428e-05
-0.000115514
-6.87244e-05
6.14236e-05
-0.000133675
5.32759e-05
-0.00015121
4.39224e-05
-0.000170158
3.52583e-05
-0.000193309
2.83438e-05
-0.000224732
2.30657e-05
-0.000265609
1.88466e-05
-0.000311319
1.52511e-05
-0.000358029
1.21706e-05
-0.000405438
9.6117e-06
-0.000454161
7.49015e-06
-0.00050448
5.71276e-06
-0.000556994
4.22776e-06
-0.000611783
2.91351e-06
-0.000669216
1.64093e-06
-0.000732814
3.63311e-07
-0.000789674
-9.13887e-07
-0.000890923
1.8664e-06
-0.000860995
-0.00123119
6.34321e-05
-6.72524e-05
5.66732e-05
4.79711e-05
3.89076e-05
3.18552e-05
2.72674e-05
2.37127e-05
2.02502e-05
1.68852e-05
1.38047e-05
1.11101e-05
8.86092e-06
7.02534e-06
5.52812e-06
4.28141e-06
3.2757e-06
2.48088e-06
2.29926e-06
4.1344e-06
-4.38961e-05
3.69883e-05
-6.5302e-05
5.51895e-05
-7.83272e-05
5.65582e-05
-8.81462e-05
5.55231e-05
-9.60378e-05
5.24663e-05
-0.000102515
4.74246e-05
-0.00010778
4.0739e-05
-0.000111862
3.24678e-05
-0.000114736
2.27475e-05
-0.000116268
1.18868e-05
-0.000116415
3.08029e-07
-0.000115174
-1.13927e-05
-0.000112625
-2.25266e-05
-0.000109175
-3.25071e-05
-0.000105297
-4.09268e-05
-0.000101645
-4.77458e-05
-9.9063e-05
-5.33935e-05
-9.82215e-05
-5.98748e-05
-9.89669e-05
-6.80277e-05
-6.77705e-05
-2.11491e-05
5.81311e-05
-4.24714e-05
7.64586e-05
-5.7837e-05
7.18939e-05
-6.91627e-05
6.68111e-05
-7.79693e-05
6.12457e-05
-8.50729e-05
5.45601e-05
-9.08606e-05
4.65682e-05
-9.55041e-05
3.7136e-05
-9.89854e-05
2.62532e-05
-0.00010122
1.41227e-05
-0.000102103
1.1906e-06
-0.000101496
-1.19709e-05
-9.93166e-05
-2.46926e-05
-9.5847e-05
-3.60127e-05
-9.13087e-05
-4.55111e-05
-8.65258e-05
-5.25168e-05
-8.25804e-05
-5.72699e-05
-8.091e-05
-6.15672e-05
-8.24784e-05
-6.64979e-05
-6.60765e-05
-9.76129e-06
6.7965e-05
-2.58882e-05
9.26365e-05
-3.97312e-05
8.57267e-05
-5.0757e-05
7.78822e-05
-5.95811e-05
7.00542e-05
-6.6842e-05
6.17984e-05
-7.28868e-05
5.26679e-05
-7.80267e-05
4.22865e-05
-8.2279e-05
3.05174e-05
-8.55927e-05
1.74437e-05
-8.78016e-05
3.40687e-06
-8.86128e-05
-1.11637e-05
-8.76383e-05
-2.5686e-05
-8.50842e-05
-3.85892e-05
-8.11439e-05
-4.94597e-05
-7.6553e-05
-5.70731e-05
-7.21187e-05
-6.16976e-05
-6.91571e-05
-6.45756e-05
-6.93096e-05
-6.63902e-05
-6.50375e-05
-1.82021e-06
6.97574e-05
-1.27278e-05
0.000103594
-2.38443e-05
9.68574e-05
-3.33181e-05
8.73324e-05
-4.11806e-05
7.79301e-05
-4.78364e-05
6.84879e-05
-5.35673e-05
5.84603e-05
-5.86811e-05
4.73857e-05
-6.32199e-05
3.5051e-05
-6.7148e-05
2.13692e-05
-7.02065e-05
6.4768e-06
-7.20018e-05
-9.3391e-06
-7.21142e-05
-2.55639e-05
-7.06298e-05
-4.01138e-05
-6.81121e-05
-5.20093e-05
-6.53093e-05
-5.98449e-05
-6.25893e-05
-6.44196e-05
-6.08337e-05
-6.63944e-05
-6.08379e-05
-6.64096e-05
-6.50143e-05
3.55797e-06
6.62313e-05
-1.76384e-06
0.000108872
-9.66404e-06
0.000104719
-1.68874e-05
9.45802e-05
-2.30818e-05
8.41887e-05
-2.84159e-05
7.38366e-05
-3.307e-05
6.31181e-05
-3.72653e-05
5.15815e-05
-4.10968e-05
3.89106e-05
-4.45531e-05
2.4838e-05
-4.73469e-05
9.2719e-06
-4.90415e-05
-7.6321e-06
-4.94798e-05
-2.51184e-05
-4.86288e-05
-4.09607e-05
-4.77039e-05
-5.28607e-05
-4.73557e-05
-6.0137e-05
-4.74257e-05
-6.43521e-05
-4.83908e-05
-6.54864e-05
-4.99629e-05
-6.4824e-05
-6.42472e-05
7.42762e-06
5.88019e-05
7.47425e-06
0.00010883
3.2267e-06
0.000108961
-1.64946e-06
9.94691e-05
-5.82513e-06
8.83823e-05
-9.28396e-06
7.73235e-05
-1.21743e-05
6.60423e-05
-1.45666e-05
5.40312e-05
-1.64949e-05
4.08612e-05
-1.78223e-05
2.61493e-05
-1.82156e-05
9.66957e-06
-1.77126e-05
-8.07022e-06
-1.79252e-05
-2.48346e-05
-1.95271e-05
-3.93083e-05
-2.26122e-05
-4.96742e-05
-2.63245e-05
-5.63995e-05
-2.98361e-05
-6.08791e-05
-3.27105e-05
-6.26373e-05
-3.48187e-05
-6.27265e-05
-6.31387e-05
1.02371e-05
4.85721e-05
1.58389e-05
0.000103211
1.512e-05
0.000109655
1.27452e-05
0.000101851
1.05424e-05
9.06255e-05
8.90068e-06
7.90388e-05
7.72694e-06
6.72349e-05
6.96144e-06
5.48226e-05
6.41441e-06
4.13923e-05
5.89153e-06
2.66551e-05
5.03598e-06
1.05578e-05
3.15729e-06
-6.10418e-06
9.9878e-08
-2.17169e-05
-3.7615e-06
-3.53969e-05
-7.81798e-06
-4.5615e-05
-1.1191e-05
-5.30501e-05
-1.40328e-05
-5.80403e-05
-1.63769e-05
-6.02994e-05
-1.83539e-05
-6.08273e-05
-6.19836e-05
1.04169e-05
3.81314e-05
2.12897e-05
9.23074e-05
2.50612e-05
0.000105877
2.58292e-05
0.000101117
2.55528e-05
9.09448e-05
2.53614e-05
7.92764e-05
2.54197e-05
6.71657e-05
2.56775e-05
5.45709e-05
2.58733e-05
4.11887e-05
2.56859e-05
2.68457e-05
2.46462e-05
1.16251e-05
2.23456e-05
-3.77864e-06
1.89232e-05
-1.83084e-05
1.45931e-05
-3.10659e-05
1.01122e-05
-4.11679e-05
6.05788e-06
-4.90152e-05
2.45141e-06
-5.43665e-05
-6.06158e-07
-5.72622e-05
-2.72084e-06
-5.87838e-05
-6.09009e-05
1.00048e-05
2.81034e-05
2.52622e-05
7.70441e-05
3.35761e-05
9.75627e-05
3.72955e-05
9.74297e-05
3.90352e-05
8.92335e-05
4.01468e-05
7.8178e-05
4.11494e-05
6.61679e-05
4.20887e-05
5.36393e-05
4.27442e-05
4.05239e-05
4.27929e-05
2.67835e-05
4.18393e-05
1.25882e-05
3.9625e-05
-1.55554e-06
3.62941e-05
-1.4986e-05
3.20075e-05
-2.68144e-05
2.7498e-05
-3.66448e-05
2.30684e-05
-4.45565e-05
1.89219e-05
-5.01806e-05
1.5403e-05
-5.37981e-05
1.29713e-05
-5.64071e-05
-5.94735e-05
8.81522e-06
1.92747e-05
2.62915e-05
5.95714e-05
3.89515e-05
8.48845e-05
4.61917e-05
9.01946e-05
5.05198e-05
8.4931e-05
5.31715e-05
7.5523e-05
5.50855e-05
6.42785e-05
5.65253e-05
5.21993e-05
5.74331e-05
3.96034e-05
5.75895e-05
2.66174e-05
5.67386e-05
1.34512e-05
5.47267e-05
4.68181e-07
5.16834e-05
-1.19118e-05
4.77022e-05
-2.28499e-05
4.33204e-05
-3.2216e-05
3.87368e-05
-3.99441e-05
3.43387e-05
-4.58373e-05
3.06944e-05
-5.0195e-05
2.80503e-05
-5.37755e-05
-5.76165e-05
7.36007e-06
1.1901e-05
2.53599e-05
4.15604e-05
4.16213e-05
6.85887e-05
5.23004e-05
7.94938e-05
5.90663e-05
7.8187e-05
6.36227e-05
7.09568e-05
6.66948e-05
6.12319e-05
6.87472e-05
5.01388e-05
6.99371e-05
3.83863e-05
7.02265e-05
2.63077e-05
6.95078e-05
1.41762e-05
6.76973e-05
2.29025e-06
6.48672e-05
-9.05427e-06
6.11927e-05
-1.91539e-05
5.70714e-05
-2.80371e-05
5.26752e-05
-3.55546e-05
4.84273e-05
-4.16446e-05
4.47637e-05
-4.65515e-05
4.1805e-05
-5.08231e-05
-5.51729e-05
5.71758e-06
6.16439e-06
2.20169e-05
2.52344e-05
4.02952e-05
5.02698e-05
5.46931e-05
6.50572e-05
6.43316e-05
6.8558e-05
7.08343e-05
6.44456e-05
7.53172e-05
5.67444e-05
7.81787e-05
4.72445e-05
7.98281e-05
3.66854e-05
8.03977e-05
2.57061e-05
7.99046e-05
1.46735e-05
7.83567e-05
3.86372e-06
7.58014e-05
-6.48242e-06
7.25076e-05
-1.58348e-05
6.87065e-05
-2.42338e-05
6.45933e-05
-3.14967e-05
6.05957e-05
-3.76253e-05
5.6918e-05
-4.28821e-05
5.35898e-05
-4.75746e-05
-5.21164e-05
3.9841e-06
2.15497e-06
1.69692e-05
1.2214e-05
3.49984e-05
3.22089e-05
5.19152e-05
4.81073e-05
6.48348e-05
5.56319e-05
7.37184e-05
5.55471e-05
7.99205e-05
5.05044e-05
8.41138e-05
4.30052e-05
8.65948e-05
3.41615e-05
8.77204e-05
2.45712e-05
8.76534e-05
1.47552e-05
8.65054e-05
5.03928e-06
8.43708e-05
-4.34004e-06
8.15187e-05
-1.2973e-05
7.80674e-05
-2.08168e-05
7.42736e-05
-2.77216e-05
7.03972e-05
-3.37223e-05
6.65516e-05
-3.90126e-05
6.26807e-05
-4.37068e-05
-4.81218e-05
2.40284e-06
-2.60584e-07
1.13616e-05
3.21918e-06
2.68361e-05
1.67308e-05
4.41585e-05
3.07819e-05
5.95952e-05
4.01837e-05
7.14382e-05
4.36893e-05
7.97664e-05
4.21467e-05
8.55308e-05
3.72144e-05
8.93439e-05
3.03359e-05
9.14916e-05
2.24357e-05
9.21681e-05
1.4095e-05
9.1616e-05
5.60663e-06
9.00301e-05
-2.75578e-06
8.76249e-05
-1.05801e-05
8.45107e-05
-1.77305e-05
8.09177e-05
-2.40941e-05
7.68588e-05
-2.97293e-05
7.24612e-05
-3.46396e-05
6.76398e-05
-3.88641e-05
-4.27798e-05
1.24624e-06
-1.49271e-06
6.41305e-06
-1.97889e-06
1.76239e-05
5.54551e-06
3.28293e-05
1.56001e-05
4.85066e-05
2.44957e-05
6.2332e-05
2.98643e-05
7.32511e-05
3.12268e-05
8.11766e-05
2.92709e-05
8.65621e-05
2.49452e-05
8.99501e-05
1.90525e-05
9.17331e-05
1.23003e-05
9.21025e-05
5.22054e-06
9.12172e-05
-1.88595e-06
8.92311e-05
-8.60078e-06
8.63118e-05
-1.47908e-05
8.25976e-05
-2.03587e-05
7.81447e-05
-2.53026e-05
7.29726e-05
-2.94769e-05
6.69107e-05
-3.28489e-05
-3.59213e-05
5.96517e-07
-2.05731e-06
3.16434e-06
-4.56923e-06
9.97136e-06
-1.19557e-06
2.10014e-05
4.6307e-06
3.42562e-05
1.12121e-05
4.75484e-05
1.65596e-05
5.9338e-05
1.94409e-05
6.89408e-05
1.96648e-05
7.623e-05
1.76639e-05
8.12563e-05
1.40264e-05
8.42595e-05
9.26756e-06
8.55494e-05
3.88911e-06
8.53454e-05
-1.73923e-06
8.38041e-05
-7.11254e-06
8.11467e-05
-1.21292e-05
7.7322e-05
-1.65983e-05
7.23765e-05
-2.03333e-05
6.60496e-05
-2.3192e-05
5.8396e-05
-2.52445e-05
-2.73371e-05
6.21313e-07
-2.64717e-06
2.37148e-06
-6.29694e-06
6.10267e-06
-4.87625e-06
1.23783e-05
-1.6218e-06
2.10664e-05
2.48411e-06
3.11266e-05
6.51299e-06
4.1231e-05
9.37208e-06
5.03689e-05
1.05728e-05
5.79547e-05
1.01259e-05
6.37224e-05
8.28753e-06
6.76303e-05
5.39184e-06
6.97701e-05
1.80777e-06
7.01532e-05
-2.10052e-06
6.87957e-05
-5.79775e-06
6.5901e-05
-9.24939e-06
6.14487e-05
-1.21624e-05
5.54216e-05
-1.42848e-05
4.778e-05
-1.56133e-05
3.90714e-05
-1.65778e-05
-1.77645e-05
1.19121e-06
-3.81706e-06
3.11949e-06
-8.15674e-06
5.26885e-06
-7.07183e-06
7.8524e-06
-4.28447e-06
1.16192e-05
-1.29918e-06
1.67592e-05
1.34697e-06
2.29094e-05
3.14652e-06
2.93193e-05
4.07171e-06
3.52021e-05
4.14666e-06
3.99636e-05
3.4145e-06
4.32873e-05
1.98697e-06
4.50049e-05
7.60294e-08
4.49692e-05
-2.06662e-06
4.31652e-05
-4.03018e-06
3.96192e-05
-5.73178e-06
3.44469e-05
-6.90391e-06
2.77312e-05
-7.53027e-06
2.02854e-05
-8.12211e-06
1.2891e-05
-9.20712e-06
-8.19933e-06
6.82237e-08
-3.87833e-06
-2.51121e-07
-7.77226e-06
-5.39896e-07
-6.75962e-06
-4.53784e-07
-4.352e-06
5.01645e-07
-2.1537e-06
2.44783e-06
-4.72114e-07
5.20241e-06
5.35856e-07
8.45993e-06
9.74869e-07
1.17507e-05
9.92758e-07
1.45097e-05
7.2842e-07
1.62266e-05
2.85598e-07
1.64554e-05
-1.81471e-07
1.49528e-05
-6.24042e-07
1.19036e-05
-1.03363e-06
7.46279e-06
-1.39107e-06
2.07513e-06
-1.65226e-06
-3.6187e-06
-1.9207e-06
-9.23076e-06
-2.54883e-06
-1.48593e-05
-3.69334e-06
-2.62089e-06
-3.8773e-06
-1.16819e-05
-1.84886e-05
-2.28746e-05
-2.50667e-05
-2.55956e-05
-2.51312e-05
-2.42228e-05
-2.32664e-05
-2.25344e-05
-2.22329e-05
-2.2424e-05
-2.30577e-05
-2.40246e-05
-2.53368e-05
-2.70298e-05
-2.88876e-05
-3.14308e-05
-3.50519e-05
)
;

boundaryField
{
    right
    {
        type            cyclic;
        value           nonuniform List<scalar> 
40
(
0.00122698
0.000862688
0.000890604
0.00078893
0.000731958
0.00066801
0.000610321
0.00055518
0.000502364
0.000451668
0.000402507
0.00035473
0.000307869
0.00026206
0.000220191
0.000186339
0.000161156
0.000142468
0.000126895
0.000111694
9.84996e-05
8.42357e-05
7.04513e-05
6.0919e-05
5.06821e-05
3.57588e-05
1.94134e-05
3.85012e-06
-1.14717e-05
-2.61861e-05
-3.95115e-05
-5.05907e-05
-5.86232e-05
-6.24458e-05
-6.02312e-05
-4.9818e-05
-2.95314e-05
-3.6679e-06
2.05998e-05
3.77119e-05
)
;
    }
    left
    {
        type            cyclic;
        value           nonuniform List<scalar> 
40
(
-0.00122698
-0.000862688
-0.000890604
-0.00078893
-0.000731958
-0.00066801
-0.000610321
-0.00055518
-0.000502364
-0.000451668
-0.000402507
-0.00035473
-0.000307869
-0.00026206
-0.000220191
-0.000186339
-0.000161156
-0.000142468
-0.000126895
-0.000111694
-9.84996e-05
-8.42357e-05
-7.04513e-05
-6.0919e-05
-5.06821e-05
-3.57588e-05
-1.94134e-05
-3.85012e-06
1.14717e-05
2.61861e-05
3.95115e-05
5.05907e-05
5.86232e-05
6.24458e-05
6.02312e-05
4.9818e-05
2.95314e-05
3.6679e-06
-2.05998e-05
-3.77119e-05
)
;
    }
    outerWall
    {
        type            calculated;
        value           uniform 0;
    }
    stirrerWall
    {
        type            calculated;
        value           uniform 0;
    }
    top
    {
        type            empty;
        value           nonuniform List<scalar> 0();
    }
    bottom
    {
        type            empty;
        value           nonuniform List<scalar> 0();
    }
}


// ************************************************************************* //
