/*--------------------------------*- C++ -*----------------------------------*\
  =========                 |
  \\      /  F ield         | OpenFOAM: The Open Source CFD Toolbox
   \\    /   O peration     | Website:  https://openfoam.org
    \\  /    A nd           | Version:  10
     \\/     M anipulation  |
\*---------------------------------------------------------------------------*/
FoamFile
{
    format      ascii;
    class       volVectorField;
    location    "400";
    object      U;
}
// * * * * * * * * * * * * * * * * * * * * * * * * * * * * * * * * * * * * * //

dimensions      [0 1 -1 0 0 0 0];

internalField   nonuniform List<vector> 
2000
(
(1.68159 37.0815 -6.70935e-18)
(-1.10997 42.7928 9.33898e-18)
(2.23788 49.4549 -6.70633e-18)
(5.21745 56.9625 0)
(7.62204 63.6938 0)
(9.18451 68.8058 1.71285e-16)
(10.1284 72.5055 -2.26891e-16)
(10.6163 75.178 -2.93457e-16)
(10.7887 77.1003 3.73325e-16)
(10.7516 78.4831 4.69559e-16)
(10.588 79.5007 5.86605e-16)
(10.3466 80.2945 0)
(10.0799 80.9969 9.06334e-16)
(9.73025 81.5773 1.02321e-15)
(9.07475 81.9054 9.85774e-16)
(8.46644 82.4472 9.64271e-16)
(8.08164 83.7356 -9.53371e-16)
(7.67804 85.0143 4.20584e-16)
(7.33434 85.8232 4.02525e-16)
(6.72457 86.8474 1.62963e-15)
(0.460473 37.0667 9.09152e-18)
(-3.98537 42.1221 1.26363e-17)
(-0.507262 47.6369 -1.03195e-16)
(2.4806 55.1552 -2.9497e-16)
(5.11178 62.271 5.11705e-17)
(6.94652 67.8454 -7.10064e-16)
(8.08304 71.9329 4.21981e-16)
(8.69005 74.9034 8.43654e-16)
(8.91924 77.0218 3.32059e-16)
(8.87555 78.5263 4.19304e-16)
(8.61291 79.6174 -1.05652e-15)
(8.18991 80.4349 -6.44944e-16)
(7.69235 81.0894 -8.61042e-16)
(7.08818 81.5982 -9.61837e-16)
(6.30045 82.0323 -2.86802e-15)
(5.50042 82.7831 -1.05046e-15)
(4.8374 83.9514 2.66833e-15)
(4.28048 85.2522 -2.42826e-15)
(3.46103 86.5615 0)
(2.31324 88.0712 -2.37012e-15)
(-0.620271 37.1969 -3.24671e-20)
(-5.75404 41.6271 -7.52638e-17)
(-4.0258 45.8228 1.23885e-16)
(-1.58767 52.3343 3.21015e-16)
(1.1068 59.5503 5.01535e-16)
(3.4404 65.6815 1.52023e-16)
(5.00686 70.3445 4.35349e-16)
(5.93381 73.7889 -8.07372e-16)
(6.36078 76.2998 -7.03168e-16)
(6.43501 78.1253 -8.65344e-16)
(6.14369 79.4712 1.06056e-15)
(5.6923 80.4941 0)
(5.13636 81.3283 -3.07372e-15)
(4.43189 81.9763 0)
(3.52035 82.577 0)
(2.51469 83.4205 0)
(1.49627 84.6043 1.79656e-15)
(0.264024 86.0802 -3.03606e-15)
(-1.16402 87.7079 0)
(-2.91744 89.488 1.63161e-15)
(-1.61922 37.3337 -5.5513e-17)
(-6.92337 41.3791 2.97267e-16)
(-6.40648 44.9758 0)
(-4.79788 50.3403 6.97161e-16)
(-3.03973 56.9675 1.81712e-16)
(-0.654934 63.2554 1.29141e-16)
(1.17275 68.4023 -5.88266e-17)
(2.36462 72.3592 1.44846e-15)
(2.99413 75.3318 0)
(3.16201 77.5467 6.64247e-16)
(2.9857 79.2015 9.06957e-16)
(2.57614 80.4547 2.33161e-15)
(1.9352 81.4612 3.00065e-15)
(1.05533 82.222 6.49201e-15)
(-0.042995 83.0076 -3.02901e-15)
(-1.36048 84.0643 -1.68306e-16)
(-2.97151 85.4289 6.13539e-15)
(-4.83534 87.1347 3.13038e-15)
(-6.99188 89.0488 3.25909e-15)
(-9.13003 90.9738 3.48386e-15)
(-2.69041 37.3462 0)
(-7.99964 41.1505 -5.40381e-16)
(-7.86849 44.4338 -2.08464e-16)
(-7.42455 49.1738 -8.90317e-16)
(-6.55154 54.7705 -1.07615e-15)
(-4.87369 60.7064 2.95024e-16)
(-3.1229 66.082 -8.90171e-16)
(-1.87298 70.474 -1.47564e-15)
(-1.16349 73.9129 -5.60462e-16)
(-0.93778 76.5516 8.51102e-17)
(-1.10708 78.567 -1.74408e-15)
(-1.60097 80.1174 -2.39714e-15)
(-2.36858 81.351 -2.77038e-15)
(-3.49215 82.3176 -3.13925e-15)
(-4.91513 83.4128 0)
(-6.73431 84.8074 9.41379e-17)
(-9.06294 86.4963 1.31722e-16)
(-11.6371 88.4733 -3.37468e-15)
(-14.1805 90.5249 -1.12141e-14)
(-16.2269 92.2555 3.67072e-15)
(-3.88099 37.2193 0)
(-9.22952 40.8297 2.85354e-16)
(-9.02367 43.9451 0)
(-9.53618 48.2576 5.26687e-16)
(-9.13128 53.2779 1.5603e-15)
(-8.65639 58.5169 0)
(-7.48135 63.7077 1.75624e-15)
(-6.48772 68.329 3.15963e-15)
(-5.92756 72.1526 0)
(-5.82947 75.207 -1.29661e-15)
(-6.16121 77.61 4.06701e-15)
(-6.89054 79.4893 3.62385e-16)
(-7.98767 80.9893 3.34934e-15)
(-9.55369 82.2752 -2.94106e-15)
(-11.5323 83.7997 0)
(-14.0472 85.6489 -6.76698e-15)
(-17.0934 87.7639 -3.60877e-15)
(-20.0258 89.8977 0)
(-22.2665 91.7056 9.41777e-15)
(-23.3815 92.7047 -2.0012e-14)
(-5.16044 36.9944 -1.97378e-16)
(-10.5952 40.3761 9.3437e-17)
(-10.2384 43.4124 -6.24486e-16)
(-11.0363 47.4946 -2.51914e-16)
(-11.317 52.2333 9.96661e-17)
(-11.4525 56.9099 -1.16424e-15)
(-11.437 61.6798 2.14448e-15)
(-11.0447 66.2491 -3.46254e-15)
(-10.9256 70.3064 -4.30908e-15)
(-11.2161 73.7074 3.08777e-15)
(-11.9563 76.4799 -2.34847e-15)
(-13.1891 78.7132 -2.72636e-15)
(-14.9288 80.5288 2.91842e-15)
(-17.2156 82.2325 -7.029e-15)
(-20.0116 84.3167 0)
(-23.2811 86.7249 1.70995e-14)
(-26.644 89.2249 -1.88959e-14)
(-28.8915 90.8748 1.04555e-14)
(-29.6598 91.1664 1.35414e-14)
(-29.204 90.4988 4.09032e-16)
(-6.48638 36.6943 -1.93468e-17)
(-12.0786 39.8172 -1.85806e-16)
(-11.667 42.7865 7.70632e-16)
(-12.5385 46.7234 -9.51633e-16)
(-13.2581 51.2988 -1.56269e-15)
(-13.7753 55.8851 0)
(-14.5464 60.1666 -2.65748e-15)
(-15.1386 64.5354 0)
(-15.7083 68.6726 3.28039e-15)
(-16.6428 72.3263 0)
(-18.0556 75.4444 0)
(-20.0707 78.0888 -4.74447e-16)
(-22.8177 80.3747 1.49055e-14)
(-26.2313 82.3857 9.98636e-15)
(-29.9778 85.0636 5.38338e-16)
(-33.4905 87.1637 -1.20477e-14)
(-36.0131 87.7783 0)
(-35.7336 87.9101 0)
(-34.2238 88.4642 1.55498e-14)
(-32.729 88.311 2.80181e-14)
(-7.8493 36.3585 1.89232e-16)
(-13.6462 39.201 -5.20983e-16)
(-13.3243 42.0585 3.24288e-16)
(-14.2371 45.8479 -6.14216e-16)
(-15.1104 50.3504 -9.7285e-16)
(-16.1607 54.9607 1.07286e-15)
(-17.2164 59.1544 1.86474e-15)
(-18.5846 63.2781 -1.67499e-15)
(-19.9671 67.4762 0)
(-21.6731 71.3393 -5.21922e-15)
(-23.9133 74.8165 5.16647e-15)
(-26.8402 78.0116 -7.08895e-15)
(-30.5766 80.9356 0)
(-35.1056 82.6229 1.31086e-15)
(-39.121 84.1144 8.56197e-16)
(-40.6517 85.9743 1.74761e-14)
(-40.463 86.8518 -3.00822e-14)
(-39.0823 86.8631 1.28285e-14)
(-37.4826 86.2456 -1.21812e-14)
(-35.9686 85.6046 -1.14806e-14)
(-9.2523 36.0188 0)
(-15.2775 38.5508 -1.05461e-17)
(-15.1028 41.2664 -9.22525e-16)
(-16.184 44.8538 -7.04125e-17)
(-17.1553 49.2715 0)
(-18.4364 54.0023 0)
(-20.0009 58.3673 -6.07639e-15)
(-21.5303 62.2682 2.20285e-15)
(-23.6548 66.7065 -1.14754e-14)
(-26.0144 70.8339 -1.1312e-15)
(-28.9088 74.5898 1.43711e-14)
(-32.4679 77.9272 -8.29572e-15)
(-36.7369 82.154 5.33608e-16)
(-40.8199 86.0022 1.71647e-15)
(-43.6262 87.642 -9.44439e-15)
(-44.8722 87.1843 0)
(-44.4005 84.958 -1.13063e-14)
(-42.3942 83.4938 4.52268e-14)
(-40.2524 83.0168 -2.08617e-14)
(-38.495 82.7336 1.09518e-14)
(-10.7114 35.6913 9.17363e-17)
(-16.976 37.8762 5.42417e-16)
(-17.0308 40.3966 9.16693e-16)
(-18.333 43.7244 5.25648e-16)
(-19.423 48.0178 8.52266e-16)
(-20.8334 52.8912 0)
(-22.6361 57.5057 1.74292e-15)
(-24.3307 61.3294 2.84126e-15)
(-26.9148 66.0933 -8.13463e-15)
(-29.6934 70.4879 1.50478e-14)
(-33.3512 74.7943 1.00173e-14)
(-37.8993 79.7076 -7.95142e-15)
(-42.3317 84.1778 1.45286e-14)
(-46.0226 86.0906 7.86409e-15)
(-48.0921 86.5904 8.22489e-15)
(-47.8137 85.3455 1.00435e-15)
(-45.7927 82.3771 -9.97739e-15)
(-43.4026 80.6852 4.97325e-16)
(-41.8062 80.3601 -2.25125e-14)
(-40.4542 80.1797 -1.15195e-14)
(-12.2166 35.406 0)
(-18.7994 37.2249 -4.12309e-16)
(-19.2497 39.463 3.88879e-16)
(-20.739 42.4816 -7.92979e-16)
(-21.9365 46.5211 2.10519e-15)
(-23.3901 51.3427 -1.45038e-15)
(-25.2286 56.0229 0)
(-27.2219 59.7814 0)
(-30.1154 64.7291 7.91538e-15)
(-33.6051 70.2844 0)
(-37.8113 75.2703 1.06696e-15)
(-42.03 80.042 -1.33012e-14)
(-45.6761 84.3177 7.10197e-15)
(-48.4925 86.5758 -6.58479e-15)
(-49.7197 85.8993 0)
(-49.2546 83.8194 8.75013e-15)
(-46.7123 79.9752 0)
(-44.7911 78.4911 -1.10745e-14)
(-43.233 78.2406 -2.195e-14)
(-41.9298 78.0952 2.00164e-14)
(-13.7719 35.1945 -1.36134e-16)
(-20.7508 36.6454 -6.918e-16)
(-21.5953 38.5501 0)
(-23.3057 41.1873 -1.36883e-15)
(-24.7576 45.0519 -8.71932e-16)
(-26.4482 49.9383 -1.40082e-15)
(-28.5205 54.8826 0)
(-30.9608 59.1199 0)
(-33.866 63.8386 8.40141e-15)
(-37.2505 70.0177 0)
(-41.2397 75.4499 7.48769e-15)
(-45.3111 80.5433 -5.79961e-15)
(-48.8395 84.5614 -5.60661e-15)
(-51.2307 86.2167 9.15027e-16)
(-51.8269 85.8113 -2.19806e-14)
(-50.2962 82.8172 8.21832e-15)
(-46.9426 78.3646 -1.31343e-14)
(-45.2334 76.6889 0)
(-43.6901 76.4684 -1.14719e-14)
(-42.6044 76.4473 3.28232e-14)
(-15.3722 35.0805 -7.70952e-17)
(-22.7907 36.1711 1.36227e-15)
(-24.0137 37.6263 -4.07937e-16)
(-25.9191 39.8088 1.31522e-15)
(-27.5228 43.3331 1.90395e-15)
(-29.2789 48.2212 -3.6198e-15)
(-31.4347 53.5309 9.98028e-15)
(-33.9696 58.203 -1.34436e-14)
(-37.1162 62.6864 -3.9984e-16)
(-40.5192 69.2458 -7.5712e-15)
(-44.2686 74.9389 1.92959e-14)
(-47.9335 80.2064 -1.29823e-14)
(-50.8257 84.2042 6.15799e-15)
(-52.4161 85.8349 0)
(-52.1954 84.8842 0)
(-49.9729 81.4674 0)
(-46.5992 77.3991 1.78201e-14)
(-45.3996 75.6865 9.11562e-16)
(-43.7763 75.2389 -1.24202e-14)
(-42.943 75.3345 -1.13209e-14)
(-17.0097 35.0698 -8.13082e-17)
(-24.8703 35.827 -1.5406e-15)
(-26.4571 36.8185 -6.18646e-16)
(-28.5694 38.4117 5.87491e-16)
(-30.3335 41.2816 1.14554e-15)
(-32.0126 45.6365 -1.29986e-15)
(-33.8591 50.8187 0)
(-36.1781 55.8161 0)
(-39.454 60.8537 0)
(-42.9206 67.7792 0)
(-46.4283 73.8916 -1.25561e-14)
(-49.5675 79.4919 1.95113e-14)
(-51.4844 83.7661 -6.3097e-15)
(-52.3964 85.6504 0)
(-51.3989 84.8802 0)
(-48.9434 81.5381 0)
(-45.4898 77.913 4.07029e-14)
(-44.3173 75.3831 1.01185e-15)
(-42.8298 74.6404 7.00385e-16)
(-42.7188 74.9658 0)
(-18.6912 35.1134 0)
(-26.9201 35.6297 3.28189e-15)
(-28.813 36.247 -6.59364e-16)
(-31.1945 37.3009 3.47544e-15)
(-33.294 39.3221 -3.81344e-15)
(-35.2154 42.71 0)
(-37.1057 47.232 0)
(-39.5644 52.2387 1.38091e-14)
(-42.4554 58.112 0)
(-45.3296 65.5364 0)
(-48.3434 72.1086 -1.37941e-14)
(-50.6674 77.9897 2.19951e-14)
(-52.0273 82.5243 -7.37214e-15)
(-51.5703 84.8967 -3.90166e-14)
(-49.6385 84.9136 -1.78756e-15)
(-46.9016 82.6772 -2.18214e-15)
(-43.5595 79.9071 9.34431e-14)
(-42.4297 76.6369 3.23001e-14)
(-41.8396 75.3951 0)
(-42.777 75.8375 -2.67563e-14)
(-20.4125 35.1777 0)
(-28.8057 35.565 -1.78732e-15)
(-30.8464 36.1667 2.51771e-15)
(-33.5203 36.7867 -2.07328e-15)
(-36.0587 38.2205 2.90501e-15)
(-38.4535 40.667 0)
(-40.7128 44.2433 0)
(-43.2727 48.9304 -1.5787e-17)
(-45.4763 54.8652 -7.64947e-15)
(-47.4464 62.1378 6.22751e-15)
(-49.6636 69.1189 1.48529e-14)
(-51.1487 75.5324 -1.68752e-14)
(-51.35 80.5131 -3.80493e-14)
(-49.666 83.3816 3.60535e-14)
(-47.0824 84.1359 1.89793e-14)
(-44.5575 83.4163 -2.33078e-14)
(-42.1618 81.7368 -8.59907e-16)
(-41.2552 78.8443 -2.23588e-14)
(-42.1504 77.1354 -2.26536e-14)
(-45.013 77.3077 4.6374e-14)
(-22.1178 35.1592 0)
(-30.3648 35.4608 1.96128e-15)
(-32.1826 36.5063 -2.80125e-15)
(-35.0424 37.2168 2.57849e-15)
(-38.0202 38.228 9.12064e-16)
(-40.9357 39.9688 0)
(-43.6311 42.5302 0)
(-46.0545 46.1715 -5.46341e-15)
(-47.9393 51.0813 -1.46365e-15)
(-49.1797 57.5426 6.54017e-15)
(-50.4907 64.6219 0)
(-50.7354 71.3866 0)
(-49.7173 76.6058 1.76385e-14)
(-47.4214 79.9404 -1.00947e-15)
(-44.9052 81.6758 1.89555e-14)
(-43.1361 82.0374 -1.92741e-14)
(-42.1179 81.0251 0)
(-42.6273 79.1151 0)
(-45.3854 77.7962 0)
(-50.3571 77.7982 0)
(-24.0812 34.8655 3.33382e-16)
(-31.4605 35.0971 -4.48219e-15)
(-32.6519 36.9588 4.632e-15)
(-35.3082 38.2173 -5.28923e-15)
(-38.516 39.3322 -3.01009e-15)
(-41.9026 40.7048 9.16619e-15)
(-45.1748 42.5557 0)
(-47.9309 45.0982 -9.72623e-15)
(-50.2501 48.7013 -7.12358e-15)
(-51.3576 53.6826 7.11919e-15)
(-52.0385 59.898 3.20653e-14)
(-51.0654 66.4576 -3.60728e-14)
(-48.6796 71.6531 4.1442e-14)
(-46.2708 75.4077 -1.85405e-14)
(-44.7441 77.7488 1.92762e-14)
(-44.3809 78.6547 -3.75989e-14)
(-45.4743 78.4052 2.04229e-14)
(-48.8208 77.1894 -2.06207e-14)
(-53.9041 76.2997 0)
(-60.466 76.6216 0)
(-26.7736 33.76 0)
(-32.1366 34.3388 2.37853e-15)
(-33.6954 36.6687 -4.02288e-15)
(-36.3448 38.766 0)
(-39.1869 40.7108 0)
(-42.0272 42.5848 -8.71607e-15)
(-44.7507 44.4509 -5.80993e-15)
(-47.2177 46.4331 5.70576e-15)
(-49.1671 48.7045 0)
(-50.2473 51.3759 0)
(-50.4703 54.7021 -2.20013e-14)
(-50.1918 58.4889 0)
(-49.972 62.5068 -3.31023e-14)
(-50.0312 66.1974 -3.4286e-14)
(-50.8659 69.2675 6.66369e-14)
(-52.8807 71.9577 3.70822e-14)
(-55.9696 74.5302 0)
(-59.6431 77.0823 4.84912e-14)
(-63.0748 78.8818 5.86262e-14)
(-65.8715 76.6673 -5.91449e-14)
(5.75407 88.3722 -7.82129e-16)
(4.50989 90.3374 -3.68598e-17)
(3.12553 92.4693 8.13026e-16)
(1.85251 94.3488 -9.00598e-16)
(1.00623 95.5909 8.5128e-16)
(0.557907 96.1427 -8.90212e-16)
(0.273106 96.3796 7.94771e-16)
(0.0240253 96.8834 7.93022e-16)
(-0.254281 97.9296 -7.10489e-16)
(-0.552135 99.5012 -1.3828e-15)
(-0.828252 101.551 -2.67614e-15)
(-1.09716 104.07 1.23766e-15)
(-1.31656 107.021 0)
(-1.54451 110.397 0)
(-1.74662 114.197 -2.30405e-15)
(-1.75982 118.136 0)
(-2.57477 123.26 0)
(-0.488221 125.814 1.04531e-15)
(-7.87647 137.947 -1.0467e-15)
(12.5441 125.236 3.46228e-15)
(0.894761 89.8596 -1.69049e-15)
(-0.617272 91.8567 -9.78981e-16)
(-2.03825 93.7755 -6.33126e-17)
(-3.07984 95.1953 -1.82123e-15)
(-3.5436 95.9304 -3.79113e-15)
(-3.66901 96.1838 3.41717e-15)
(-3.75486 96.3866 1.04688e-16)
(-3.89776 96.963 -3.01769e-15)
(-4.12718 98.0508 -2.91948e-15)
(-4.41459 99.6176 -1.45437e-15)
(-4.71408 101.64 3.90275e-15)
(-5.03903 104.12 2.46483e-15)
(-5.33236 107.036 7.27423e-15)
(-5.67306 110.373 0)
(-5.98858 114.155 6.91177e-15)
(-6.16942 118.066 -4.58033e-15)
(-7.15073 123.151 8.58268e-15)
(-5.18662 125.739 4.17817e-15)
(-13.0927 137.487 -4.17169e-15)
(7.76354 125.85 -1.77647e-18)
(-4.66787 91.3495 -3.55041e-15)
(-6.24726 93.146 3.46184e-15)
(-7.44772 94.5927 9.65548e-15)
(-8.04401 95.4022 -1.80276e-15)
(-8.0515 95.6762 0)
(-7.8744 95.7839 -1.17005e-16)
(-7.79775 96.0688 3.28064e-15)
(-7.8616 96.7677 0)
(-8.05212 97.9189 2.94892e-15)
(-8.32551 99.4997 -5.70705e-15)
(-8.63945 101.516 5.16001e-15)
(-9.01237 103.976 -5.08618e-15)
(-9.37578 106.873 1.19984e-16)
(-9.82395 110.172 -4.6188e-15)
(-10.2441 113.94 -4.61253e-15)
(-10.5842 117.815 0)
(-11.7111 122.874 -4.35386e-15)
(-9.87498 125.506 0)
(-18.1424 136.807 -8.51425e-15)
(3.02688 126.256 0)
(-10.9077 92.6422 1.31005e-16)
(-12.1722 93.9072 -3.85347e-15)
(-12.8083 94.6463 -8.45675e-15)
(-12.7744 94.8479 0)
(-12.3376 94.8714 -8.37123e-15)
(-11.9466 95.0381 3.49055e-15)
(-11.7809 95.4949 3.42533e-15)
(-11.8042 96.3353 6.31743e-15)
(-11.9724 97.5574 -5.91022e-15)
(-12.2403 99.1648 5.73046e-15)
(-12.5732 101.188 2.75925e-16)
(-12.9932 103.636 -4.95193e-15)
(-13.425 106.525 0)
(-13.9766 109.789 9.4751e-15)
(-14.4998 113.556 -9.46769e-15)
(-14.9955 117.384 -2.36709e-16)
(-16.2622 122.426 -8.96412e-15)
(-14.5571 125.085 8.09664e-15)
(-23.196 135.942 9.09247e-15)
(-1.69341 126.486 3.09294e-16)
(-17.442 93.3 1.80254e-14)
(-17.9145 93.7251 -1.40747e-14)
(-17.7473 93.7333 4.37172e-15)
(-17.1066 93.5764 0)
(-16.3814 93.6379 0)
(-15.896 94.0157 -7.87277e-15)
(-15.7046 94.6833 1.366e-14)
(-15.7127 95.667 -1.29633e-14)
(-15.8689 96.9661 5.48269e-15)
(-16.1373 98.6145 1.092e-14)
(-16.4932 100.66 1.09248e-14)
(-16.9615 103.108 -1.01945e-14)
(-17.4641 105.998 9.55133e-15)
(-18.1163 109.227 -2.11175e-17)
(-18.7441 113 9.46925e-15)
(-19.391 116.77 2.53602e-16)
(-20.7939 121.807 -8.96288e-15)
(-19.2226 124.484 1.60129e-14)
(-28.1988 134.876 -1.68826e-14)
(-6.40914 126.537 -1.38998e-14)
(-23.3841 92.6331 6.10394e-15)
(-22.8651 92.2048 -4.86937e-15)
(-22.0215 91.8844 3.17521e-16)
(-21.0301 91.8039 0)
(-20.2151 92.133 0)
(-19.7272 92.7856 -1.60198e-14)
(-19.5492 93.662 1.36359e-14)
(-19.5561 94.7822 2.61461e-14)
(-19.7102 96.164 -1.76834e-14)
(-19.9896 97.8652 -1.15648e-14)
(-20.3784 99.9439 2.13564e-14)
(-20.9008 102.397 -4.08001e-14)
(-21.4805 105.295 9.29145e-15)
(-22.2308 108.489 9.21561e-15)
(-22.9687 112.276 9.47189e-15)
(-23.7604 115.973 -8.64988e-15)
(-25.2995 121.018 0)
(-23.8632 123.696 1.66334e-14)
(-33.1313 133.611 1.80289e-14)
(-11.1301 126.423 1.45466e-14)
(-27.9442 89.8625 -1.45517e-14)
(-26.8186 89.8304 0)
(-25.6904 89.7486 2.32534e-14)
(-24.6264 89.8714 -1.96178e-14)
(-23.8659 90.4732 0)
(-23.4288 91.3841 0)
(-23.2824 92.4458 -7.098e-15)
(-23.2992 93.6931 -2.60389e-14)
(-23.4655 95.1606 1.20739e-14)
(-23.771 96.9212 0)
(-24.206 99.0391 0)
(-24.7902 101.503 1.02286e-14)
(-25.4566 104.415 -9.83945e-15)
(-26.3037 107.573 -9.4986e-15)
(-27.1624 111.382 -1.89522e-14)
(-28.0904 114.992 1.72841e-14)
(-29.7732 120.061 5.46851e-16)
(-28.4695 122.724 4.83978e-16)
(-38.0021 132.154 -1.67302e-14)
(-15.8561 126.143 -1.39531e-14)
(-31.4303 87.8246 -1.23386e-14)
(-30.259 87.5004 -2.3375e-14)
(-29.0474 87.4865 -1.16546e-15)
(-27.9969 87.8715 2.8004e-14)
(-27.331 88.7204 0)
(-26.9715 89.8299 1.58133e-14)
(-26.8719 91.0487 -1.47032e-14)
(-26.915 92.4179 1.24157e-14)
(-27.1136 93.9741 1.1815e-14)
(-27.4632 95.798 -1.16558e-14)
(-27.9596 97.9583 1.04565e-14)
(-28.6146 100.436 0)
(-29.3787 103.365 -2.01936e-14)
(-30.322 106.484 3.79572e-14)
(-31.3163 110.319 -3.63857e-14)
(-32.3685 113.832 0)
(-34.2088 118.938 2.65435e-17)
(-33.0332 121.569 -1.61952e-14)
(-42.7855 130.505 3.40973e-14)
(-20.6056 125.694 -4.12244e-14)
(-34.6105 85.1257 -6.2847e-16)
(-33.3395 84.9512 3.07715e-14)
(-32.1008 85.1313 -1.87645e-14)
(-31.1266 85.787 -8.93233e-15)
(-30.5806 86.8749 1.67219e-14)
(-30.3144 88.1626 -3.12822e-14)
(-30.2821 89.5118 1.39126e-14)
(-30.3835 90.9965 0)
(-30.6406 92.6413 3.1185e-16)
(-31.0559 94.5278 -1.10958e-14)
(-31.6304 96.729 -2.20623e-14)
(-32.366 99.2189 1.99467e-14)
(-33.2405 102.162 -2.02059e-14)
(-34.2777 105.238 1.89899e-14)
(-35.4242 109.099 1.94785e-14)
(-36.5835 112.504 -1.72445e-14)
(-38.6026 117.641 5.27158e-14)
(-37.5515 120.231 -1.56598e-14)
(-47.474 128.678 -3.31077e-14)
(-25.3949 125.068 3.67091e-17)
(-37.1016 82.5655 -1.03533e-14)
(-35.8898 82.5349 3.98234e-14)
(-34.7572 82.8383 8.6092e-16)
(-33.9513 83.7162 -3.44746e-14)
(-33.576 84.9788 -1.68978e-14)
(-33.4359 86.4139 2.98771e-14)
(-33.496 87.8821 0)
(-33.6905 89.4666 1.34449e-14)
(-34.0356 91.1874 -2.41092e-14)
(-34.5392 93.1278 0)
(-35.2092 95.3626 -2.15241e-14)
(-36.0355 97.8598 2.04791e-14)
(-37.034 100.811 0)
(-38.1626 103.842 3.79285e-14)
(-39.4793 107.725 -1.84503e-14)
(-40.7256 111.016 0)
(-42.9503 116.185 -5.27289e-14)
(-42.0155 118.713 4.86763e-14)
(-52.0672 126.688 3.37618e-14)
(-30.218 124.245 5.58553e-14)
(-39.2854 80.1212 1.97088e-14)
(-38.2076 80.1375 9.93954e-15)
(-37.1673 80.5723 -1.73645e-14)
(-36.5323 81.6725 -1.7127e-14)
(-36.3325 83.0689 3.15843e-14)
(-36.3436 84.6242 -2.93078e-14)
(-36.5258 86.1905 1.39163e-14)
(-36.8448 87.8571 -2.66248e-14)
(-37.3003 89.6353 3.58671e-14)
(-37.9116 91.614 2.33884e-14)
(-38.6921 93.8712 -2.09752e-14)
(-39.6176 96.3684 5.19568e-16)
(-40.7521 99.3171 -1.91835e-14)
(-41.9674 102.301 -5.73637e-14)
(-43.4741 106.2 3.69655e-14)
(-44.7852 109.369 9.82964e-16)
(-47.2478 114.566 3.52923e-14)
(-46.412 116.999 0)
(-56.5865 124.556 -3.27935e-14)
(-35.0455 123.202 2.79092e-14)
(-40.9342 78.046 0)
(-40.0997 78.0274 0)
(-39.2276 78.4878 -1.7724e-14)
(-38.8425 79.7208 -7.07124e-16)
(-38.8512 81.2027 4.6786e-14)
(-39.0559 82.8552 -1.4354e-14)
(-39.3927 84.4942 1.44551e-14)
(-39.865 86.2127 -2.51865e-14)
(-40.448 88.0244 0)
(-41.1805 90.0198 2.27599e-14)
(-42.0834 92.2813 2.15212e-14)
(-43.1159 94.7657 0)
(-44.3958 97.6964 -2.02078e-14)
(-45.6913 100.631 3.73801e-14)
(-47.4082 104.526 3.74605e-14)
(-48.7544 107.553 -1.61731e-14)
(-51.4934 112.822 -6.87357e-14)
(-50.7245 115.104 0)
(-61.0249 122.296 0)
(-39.8515 121.931 -1.47491e-17)
(-42.0897 76.4821 -1.9752e-14)
(-41.7066 76.3382 0)
(-41.0061 76.6669 2.40395e-16)
(-40.9261 77.9304 1.71593e-14)
(-41.1645 79.4443 -3.06363e-14)
(-41.609 81.1457 0)
(-42.1243 82.8176 1.37473e-14)
(-42.7698 84.5493 0)
(-43.4944 86.3655 0)
(-44.3581 88.3549 -2.27055e-14)
(-45.3909 90.6014 0)
(-46.5347 93.0597 2.09794e-14)
(-47.9666 95.9553 -5.90524e-14)
(-49.3372 98.8399 3.78492e-14)
(-51.2852 102.699 -1.79736e-14)
(-52.6298 105.633 7.05156e-14)
(-55.6954 110.929 0)
(-54.9372 113.038 -3.20214e-14)
(-65.3741 119.932 0)
(-44.6203 120.43 5.58636e-14)
(-43.0965 75.5752 0)
(-43.232 75.1768 2.33237e-16)
(-42.6197 75.1755 4.59138e-16)
(-42.8911 76.3575 -4.95402e-14)
(-43.3627 77.8427 1.5264e-14)
(-44.0741 79.5262 -1.47086e-14)
(-44.772 81.1791 -1.37106e-14)
(-45.591 82.8796 2.63187e-14)
(-46.458 84.6687 -2.3539e-14)
(-47.4558 86.6273 -4.59092e-14)
(-48.6221 88.8382 2.09286e-14)
(-49.879 91.2563 2.04338e-14)
(-51.466 94.0983 1.96753e-14)
(-52.9087 96.9327 1.89071e-14)
(-55.1034 100.721 0)
(-56.4175 103.559 9.65691e-16)
(-59.8649 108.868 -6.88902e-14)
(-59.0405 110.816 -7.79255e-16)
(-69.6395 117.464 3.16583e-14)
(-49.3772 118.691 -5.57989e-14)
(-44.0196 75.4881 2.29826e-14)
(-44.8046 74.569 1.97662e-14)
(-44.1849 74.0773 1.78449e-14)
(-44.8399 75.0488 -1.74247e-14)
(-45.5324 76.4239 1.513e-14)
(-46.5121 78.0054 3.01491e-14)
(-47.3852 79.5854 -1.32013e-14)
(-48.3689 81.212 -5.22108e-14)
(-49.3708 82.9427 -1.12516e-15)
(-50.4956 84.8442 -1.10372e-15)
(-51.7908 86.9981 2.08957e-14)
(-53.1574 89.3618 -4.08236e-14)
(-54.8973 92.1307 0)
(-56.4089 94.9166 1.99053e-14)
(-58.8575 98.5946 -7.39417e-14)
(-60.1112 101.382 3.42003e-14)
(-64.0034 106.624 3.50066e-14)
(-63.0237 108.429 0)
(-73.8265 114.906 -3.24472e-14)
(-54.1839 116.662 0)
(-45.3448 76.3685 5.86028e-16)
(-46.7366 74.4427 4.73588e-16)
(-45.9172 73.3674 1.87337e-14)
(-46.9375 73.9643 -5.25822e-14)
(-47.7872 75.1489 4.75824e-14)
(-48.9872 76.5485 1.49262e-14)
(-50.0067 78.0089 -1.38306e-14)
(-51.13 79.527 2.51645e-14)
(-52.2505 81.1746 2.34804e-14)
(-53.4897 82.9991 -1.61401e-17)
(-54.9053 85.0783 0)
(-56.3755 87.3765 -5.19104e-16)
(-58.2625 90.0542 1.91566e-14)
(-59.8422 92.7942 3.88087e-14)
(-62.5414 96.3198 2.00665e-15)
(-63.713 99.1125 -6.93711e-14)
(-68.102 104.18 3.61328e-14)
(-66.8686 105.904 -6.26586e-14)
(-77.9867 112.23 3.24789e-14)
(-59.0015 114.29 0)
(-48.4718 77.2628 0)
(-49.7312 74.0806 -2.06831e-14)
(-48.2233 72.6658 -1.83077e-14)
(-49.4098 72.8637 0)
(-50.2775 73.874 4.81451e-14)
(-51.5805 75.0749 -4.37619e-14)
(-52.6821 76.4052 -5.55374e-14)
(-53.8978 77.7998 -5.36387e-16)
(-55.1111 79.3502 0)
(-56.4473 81.0847 -1.54946e-17)
(-57.9714 83.0756 2.13668e-14)
(-59.5375 85.3003 0)
(-61.5631 87.8701 4.03503e-14)
(-63.2119 90.568 -7.56669e-14)
(-66.1469 93.9018 3.60108e-14)
(-67.2318 96.7643 -1.61955e-17)
(-72.1513 101.507 -3.51495e-14)
(-70.5446 103.265 3.17497e-14)
(-82.1588 109.483 -3.39952e-14)
(-63.7184 111.576 5.37821e-14)
(-54.0376 76.8428 0)
(-53.3157 72.3347 0)
(-50.8643 71.4495 -3.67262e-14)
(-52.0568 71.4747 6.72188e-14)
(-52.8808 72.4629 -6.19968e-14)
(-54.2314 73.511 1.46204e-14)
(-55.387 74.7365 5.45575e-14)
(-56.6682 76.009 2.60448e-14)
(-57.9568 77.4592 -2.33265e-14)
(-59.3737 79.0977 2.24718e-14)
(-60.9925 80.9891 -4.32062e-14)
(-62.6467 83.1355 1.98799e-14)
(-64.7999 85.5818 4.03719e-14)
(-66.521 88.2422 3.98866e-14)
(-69.6677 91.3494 -3.60449e-14)
(-70.6885 94.3394 3.43102e-14)
(-76.1496 98.6041 7.04502e-14)
(-74.0456 100.576 -3.0778e-14)
(-86.459 106.669 0)
(-68.145 108.522 0)
(-59.3765 74.0452 0)
(-56.0004 68.8734 2.1433e-14)
(-53.2363 69.8124 -1.76531e-14)
(-54.6574 69.8121 -3.38785e-14)
(-55.4958 70.9153 1.43104e-14)
(-56.9097 71.825 2.84386e-14)
(-58.0871 72.9536 7.60337e-18)
(-59.4162 74.1081 0)
(-60.7561 75.4569 0)
(-62.2365 76.9999 4.54285e-14)
(-63.9385 78.7887 1.04464e-15)
(-65.6696 80.8539 -4.0291e-14)
(-67.9361 83.1618 0)
(-69.7377 85.7974 -7.59115e-14)
(-73.0635 88.6405 3.8073e-14)
(-74.0729 91.8194 -1.05101e-13)
(-80.0517 95.469 3.51525e-14)
(-77.382 97.9717 3.26287e-14)
(-90.9711 103.69 -6.64159e-14)
(-72.231 104.963 5.33024e-14)
(-58.0405 71.107 -9.45039e-16)
(-57.5982 65.9158 -1.97203e-14)
(-55.5363 68.0795 -1.71157e-14)
(-57.4918 67.9394 1.60159e-14)
(-58.3256 69.0783 3.04975e-14)
(-59.7658 69.767 -2.75994e-14)
(-60.8593 70.7989 -2.63827e-14)
(-62.1549 71.8594 2.52843e-14)
(-63.4808 73.1451 -2.26976e-14)
(-64.9839 74.6276 -2.23803e-14)
(-66.7416 76.3447 4.16123e-14)
(-68.5449 78.3583 4.90683e-16)
(-70.9012 80.5201 -3.94933e-14)
(-72.8023 83.171 3.6125e-14)
(-76.2403 85.687 0)
(-77.365 89.1815 3.47791e-14)
(-83.6978 91.9886 1.06649e-15)
(-80.6102 95.6269 -3.02687e-14)
(-95.6865 99.9991 0)
(-76.1292 100.646 -5.22382e-14)
(-56.3616 71.8081 2.05918e-14)
(-59.5322 64.5833 -9.37524e-18)
(-57.6229 66.5161 1.55442e-14)
(-60.1533 66.1155 -2.922e-14)
(-60.7532 67.311 -4.32183e-16)
(-62.204 68.0802 1.31323e-14)
(-63.1146 69.2358 3.79624e-16)
(-64.2876 70.4185 1.53591e-17)
(-65.4829 71.8017 -2.11124e-14)
(-66.9076 73.3578 -1.97964e-14)
(-68.603 75.0855 5.70741e-16)
(-70.3996 77.1264 -1.76149e-14)
(-72.7449 79.2118 0)
(-74.7128 81.9114 6.51283e-14)
(-78.124 84.1886 0)
(-79.4143 87.9746 -3.05165e-14)
(-85.6112 90.0541 2.9601e-14)
(-82.7075 94.862 2.70724e-14)
(-97.9732 97.3678 -4.30817e-16)
(-78.5608 99.3837 3.13694e-16)
(-56.4471 71.2427 0)
(-60.0335 64.4975 1.38154e-14)
(-57.9957 66.2047 0)
(-60.6145 65.8496 1.21363e-14)
(-61.163 66.9709 0)
(-62.61 67.7367 -2.15161e-14)
(-63.4949 68.8672 3.23097e-16)
(-64.6634 70.0515 -2.90812e-16)
(-65.8538 71.4324 1.78763e-14)
(-67.2795 72.9962 1.68257e-14)
(-68.9712 74.7258 -1.59986e-14)
(-70.7735 76.7771 2.98879e-14)
(-73.1096 78.8511 0)
(-75.1058 81.568 -2.81531e-14)
(-78.4878 83.799 4.41398e-16)
(-79.8466 87.6522 -5.36536e-18)
(-85.997 89.5716 -3.88263e-16)
(-83.1755 94.6507 -2.35573e-14)
(-98.3523 96.6879 -2.13754e-14)
(-79.0412 99.1106 -1.74731e-14)
(-56.724 70.4626 2.4818e-16)
(-60.5535 64.3771 -2.10405e-16)
(-58.4088 65.8125 0)
(-61.1021 65.5355 1.25442e-14)
(-61.5994 66.5835 1.10194e-14)
(-63.0388 67.3581 2.12418e-14)
(-63.8981 68.4744 6.35432e-16)
(-65.0589 69.6674 1.32776e-17)
(-66.2422 71.0509 -2.75117e-16)
(-67.6666 72.6257 -3.39328e-14)
(-69.352 74.3595 -1.72072e-17)
(-71.1586 76.4242 -2.99533e-14)
(-73.4827 78.4914 2.19771e-16)
(-75.5073 81.225 -4.51806e-16)
(-78.8426 83.4192 -2.70524e-14)
(-80.2916 87.3334 2.6538e-14)
(-86.3342 89.1037 4.12281e-16)
(-83.6664 94.4539 -3.51098e-16)
(-98.6845 96.0106 2.16949e-14)
(-79.5253 98.9068 3.51705e-14)
(-57.0966 69.6549 0)
(-61.0836 64.2113 0)
(-58.8694 65.3871 1.26867e-14)
(-61.6137 65.1922 -1.21715e-14)
(-62.0595 66.1724 -1.10314e-14)
(-63.4824 66.9619 -3.22325e-16)
(-64.3138 68.0682 -2.00756e-14)
(-65.4644 69.2725 -6.00321e-16)
(-66.6391 70.6603 2.7645e-16)
(-68.0608 72.2471 1.70579e-14)
(-69.7388 73.9863 3.2038e-14)
(-71.5487 76.0638 -1.59609e-17)
(-73.8586 78.1274 1.44445e-14)
(-75.9108 80.8765 0)
(-79.1994 83.0389 2.70141e-14)
(-80.7391 87.0085 4.03373e-16)
(-86.6623 88.649 2.54444e-14)
(-84.1645 94.2466 2.34112e-14)
(-99.0048 95.3531 3.55549e-16)
(-79.9817 98.7167 -1.76796e-14)
(-57.5004 68.8633 1.48457e-14)
(-61.614 64.0209 -9.64487e-18)
(-59.3595 64.9473 1.92977e-16)
(-62.1337 64.8352 -3.87727e-16)
(-62.5272 65.751 -1.10737e-14)
(-63.9267 66.5576 -1.08465e-14)
(-64.7308 67.6552 2.01064e-14)
(-65.8707 68.8709 2.94387e-16)
(-67.037 70.2632 1.81865e-14)
(-68.456 71.8615 0)
(-70.1264 73.6068 -1.6113e-14)
(-71.9401 75.6962 3.00451e-14)
(-74.2344 77.759 -1.44394e-14)
(-76.3144 80.5222 0)
(-79.5549 82.655 -4.41847e-16)
(-81.1878 86.6759 -2.62468e-14)
(-86.9817 88.1975 -2.54155e-14)
(-84.6697 94.0286 -2.30928e-14)
(-99.3132 94.7063 -3.32165e-16)
(-80.419 98.5332 2.78626e-16)
(-57.9156 68.0986 -2.99022e-14)
(-62.1426 63.8105 1.38674e-14)
(-59.8707 64.4956 -8.49069e-18)
(-62.6561 64.4662 1.86207e-16)
(-62.9976 65.3213 2.28845e-14)
(-64.3684 66.1468 1.05267e-14)
(-65.1468 67.2367 -1.98476e-14)
(-66.2761 68.4638 -2.951e-16)
(-67.4347 69.8608 -1.82286e-14)
(-68.8508 71.4701 -2.75695e-16)
(-70.5138 73.2219 2.47174e-16)
(-72.3318 75.3221 -1.51172e-14)
(-74.6098 77.3863 -1.42298e-14)
(-76.7176 80.1621 -2.15064e-16)
(-79.9126 82.2689 2.74832e-14)
(-81.6372 86.3356 2.6665e-14)
(-87.2934 87.7485 2.58023e-14)
(-85.1819 93.7996 -3.54397e-16)
(-99.6079 94.0699 -2.19613e-14)
(-80.8428 98.3564 2.65952e-16)
(-58.3392 67.3633 1.45867e-14)
(-62.67 63.5833 -1.39377e-14)
(-60.3989 64.0348 -2.53538e-14)
(-63.1778 64.0872 0)
(-63.4681 64.8851 3.73808e-18)
(-64.8058 65.7308 -3.41487e-16)
(-65.5608 66.8137 2.08144e-14)
(-66.6796 68.0522 3.09227e-16)
(-67.8311 69.4538 -2.79272e-16)
(-69.2443 71.0736 0)
(-70.9001 72.8322 0)
(-72.7231 74.9421 1.52274e-14)
(-74.9843 77.0097 1.44561e-14)
(-77.1202 79.7965 2.83193e-14)
(-80.2678 81.8815 -5.53933e-14)
(-82.0869 85.9874 4.05029e-16)
(-87.5975 87.3022 -2.53583e-14)
(-85.7009 93.5597 0)
(-99.8881 93.4418 9.10407e-18)
(-81.2562 98.1865 -1.80591e-14)
(-58.7714 66.6546 1.44772e-14)
(-63.1972 63.3415 1.44325e-14)
(-60.9407 63.5676 1.26788e-14)
(-63.6946 63.7007 1.22574e-14)
(-63.9361 64.4443 -2.33094e-14)
(-65.2377 65.3109 -1.02068e-14)
(-65.9719 66.3872 1.38726e-17)
(-67.0802 67.6369 -1.96848e-14)
(-68.2254 69.0433 0)
(-69.6357 70.6728 1.73638e-14)
(-71.2847 72.4385 -2.6183e-16)
(-73.1131 74.5569 -1.48184e-14)
(-75.3574 76.6294 -2.20477e-16)
(-77.5217 79.4254 2.89598e-17)
(-80.6204 81.4937 2.74672e-14)
(-82.5366 85.6311 0)
(-87.8944 86.8586 0)
(-86.2265 93.3087 -2.37371e-14)
(-100.154 92.8197 7.90151e-18)
(-81.6616 98.0233 -4.64196e-17)
(-59.211 65.9799 -2.92314e-14)
(-63.7245 63.0871 -1.42764e-14)
(-61.4925 63.0965 -1.2684e-14)
(-64.2028 63.3092 -1.22765e-14)
(-64.3996 64.0007 2.29489e-14)
(-65.6627 64.8884 0)
(-66.3789 65.9585 0)
(-67.477 67.2188 -8.43419e-18)
(-68.6168 68.6301 0)
(-70.0242 70.2687 -1.73957e-14)
(-71.6667 72.0416 -1.61518e-14)
(-73.5011 74.1673 -1.56218e-14)
(-75.7288 76.2458 -1.4721e-14)
(-77.9218 79.0491 -5.64935e-14)
(-80.9705 81.1056 0)
(-82.9861 85.2668 0)
(-88.1841 86.418 0)
(-86.7586 93.0464 2.37852e-14)
(-100.404 92.2025 4.29899e-14)
(-82.0607 97.8665 1.81804e-14)
(-59.6573 65.3379 1.45289e-14)
(-64.2511 62.8236 0)
(-62.0508 62.6236 1.2687e-14)
(-64.6991 62.915 3.90875e-16)
(-64.8565 63.5564 -1.18228e-14)
(-66.0796 64.4644 0)
(-66.781 65.5286 0)
(-67.8692 66.7991 1.94046e-14)
(-69.0043 68.2152 2.9411e-16)
(-70.4091 69.8621 -5.45041e-16)
(-72.0455 71.6423 1.66964e-14)
(-73.8864 73.774 1.54352e-14)
(-76.0981 75.8595 1.44831e-14)
(-78.3199 78.6679 2.7909e-14)
(-81.318 80.7175 -2.35108e-17)
(-83.435 84.894 4.06477e-16)
(-88.4667 85.9806 0)
(-87.2974 92.7725 0)
(-100.637 91.5892 -2.14466e-14)
(-82.4537 97.7178 0)
(-60.1118 64.7253 1.44815e-14)
(-64.7758 62.554 0)
(-62.612 62.1516 1.26904e-14)
(-65.1809 62.52 -3.91131e-16)
(-65.3049 63.1135 -1.11066e-14)
(-66.4876 64.0404 0)
(-67.1773 65.0987 0)
(-68.2559 66.3786 1.91012e-14)
(-69.3873 67.7994 -1.35281e-17)
(-70.7898 69.4539 5.45978e-16)
(-72.4206 71.2413 1.62509e-14)
(-74.2685 73.3778 1.55083e-14)
(-76.465 75.4708 1.45112e-14)
(-78.7157 78.282 2.88786e-14)
(-81.663 80.3296 -4.18894e-16)
(-83.8832 84.5132 0)
(-88.742 85.5465 0)
(-87.8431 92.4861 0)
(-100.852 90.9808 -2.13832e-14)
(-82.8413 97.5808 0)
(-60.5757 64.14 -2.88573e-14)
(-65.2963 62.2819 -1.44986e-14)
(-63.1723 61.6834 -1.26873e-14)
(-65.6456 62.1255 -1.22964e-14)
(-65.7431 62.674 2.28944e-14)
(-66.8858 63.618 0)
(-67.5669 64.6701 0)
(-68.6363 65.9584 3.18263e-18)
(-69.7647 67.3838 0)
(-71.1654 69.0451 -1.7505e-14)
(-72.7914 70.8395 -1.67814e-14)
(-74.6466 72.9794 -1.52994e-14)
(-76.8291 75.0803 -1.4273e-14)
(-79.1087 77.8919 -5.7085e-14)
(-82.0056 79.9423 0)
(-84.3312 84.1267 0)
(-89.0104 85.1161 0)
(-88.3958 92.1868 2.40186e-14)
(-101.047 90.3772 4.26411e-14)
(-83.2254 97.4541 1.84362e-14)
(-61.0493 63.5796 1.46192e-14)
(-65.8095 62.0115 1.43371e-14)
(-63.7273 61.2213 1.26839e-14)
(-66.0932 61.7321 1.22918e-14)
(-66.1696 62.2397 -2.24957e-14)
(-67.2732 63.1985 -1.15104e-14)
(-67.949 64.2442 -1.42569e-17)
(-69.0096 65.5398 -1.91041e-14)
(-70.136 66.9693 0)
(-71.5355 68.6366 1.72284e-14)
(-73.1574 70.4377 5.17422e-16)
(-75.0203 72.5795 -1.60831e-14)
(-77.1899 74.6886 2.21346e-16)
(-79.4986 77.498 -4.17566e-17)
(-82.3451 79.5556 2.75365e-14)
(-84.7698 83.7361 0)
(-89.2736 84.6934 0)
(-88.9559 91.8738 -2.40608e-14)
(-101.219 89.7781 -3.00964e-18)
(-83.6072 97.3393 6.12104e-17)
(-61.5324 63.0419 1.46459e-14)
(-66.3116 61.7464 -1.48565e-14)
(-64.2758 60.7669 -2.53656e-14)
(-66.5246 61.3416 0)
(-66.583 61.8128 8.17604e-18)
(-67.6492 62.784 5.39039e-18)
(-68.3227 63.8225 2.0771e-14)
(-69.3751 65.1239 -6.06154e-16)
(-70.5003 66.557 2.81149e-16)
(-71.8993 68.2294 0)
(-73.5181 70.0365 2.65522e-16)
(-75.3892 72.1788 1.5369e-14)
(-77.5472 74.2962 1.45575e-14)
(-79.8849 77.1008 2.84756e-14)
(-82.6809 79.1701 -5.46282e-14)
(-85.2057 83.3382 -4.08563e-16)
(-89.5175 84.2824 -2.5185e-14)
(-89.5242 91.5462 0)
(-101.368 89.1833 -2.28211e-18)
(-83.9866 97.2389 -1.84941e-14)
(-62.0261 62.5249 -2.87987e-14)
(-66.8007 61.4895 1.49155e-14)
(-64.8168 60.323 1.49187e-17)
(-66.9332 60.9581 -1.86848e-16)
(-66.9821 61.3955 2.27848e-14)
(-68.0131 62.3762 1.11473e-14)
(-68.6873 63.4067 -2.10638e-14)
(-69.7321 64.7123 2.95829e-16)
(-70.8572 66.1481 -1.8456e-14)
(-72.2566 67.8244 2.81001e-16)
(-73.8733 69.637 -2.52912e-16)
(-75.7528 71.7782 -1.56606e-14)
(-77.9007 73.9038 -1.47862e-14)
(-80.267 76.7006 2.16963e-16)
(-83.0136 78.7865 2.75352e-14)
(-85.6411 82.9285 2.70149e-14)
(-89.755 83.883 2.47355e-14)
(-90.101 91.2016 3.6313e-16)
(-101.492 88.5936 -2.07379e-14)
(-84.3624 97.1551 -2.71735e-16)
(-62.5308 62.025 1.46274e-14)
(-67.2723 61.2423 8.44626e-18)
(-65.3424 59.8928 -1.87419e-16)
(-67.3158 60.5849 3.8864e-16)
(-67.365 60.9896 -1.17257e-14)
(-68.3636 61.9769 -1.07903e-14)
(-69.0415 62.9984 2.07567e-14)
(-70.0795 64.306 -2.95824e-16)
(-71.2057 65.7436 1.84428e-14)
(-72.6064 67.4224 0)
(-74.2223 69.2397 -1.66337e-14)
(-76.1106 71.3783 3.13437e-14)
(-78.2499 73.5121 -1.45987e-14)
(-80.6446 76.2977 0)
(-83.3437 78.4051 -4.43848e-16)
(-86.0774 82.5073 -2.66011e-14)
(-89.9882 83.4939 -2.51702e-14)
(-90.6853 90.8377 -2.4703e-14)
(-101.591 88.0098 3.25009e-16)
(-84.7332 97.0907 -2.91413e-16)
(-63.0379 61.5292 0)
(-67.7222 61.0101 0)
(-65.8435 59.4771 1.26802e-14)
(-67.6692 60.2248 -1.21959e-14)
(-67.7286 60.5953 -1.13685e-14)
(-68.6984 61.587 -1.23087e-17)
(-69.3828 62.5978 -2.04072e-14)
(-70.4155 63.9054 3.10607e-16)
(-71.5441 65.3434 -2.81604e-16)
(-72.9474 67.0234 1.76129e-14)
(-74.5639 68.8445 3.32725e-14)
(-76.4618 70.9793 2.82007e-16)
(-78.5937 73.1207 1.43723e-14)
(-81.0171 75.8926 0)
(-83.6701 78.0248 2.80774e-14)
(-86.5099 82.0785 -4.10377e-16)
(-90.2116 83.1062 2.51316e-14)
(-91.2814 90.4561 2.43629e-14)
(-101.657 87.4269 -3.50526e-16)
(-85.1024 97.0548 -1.87668e-14)
(-63.5251 61.018 -2.31144e-16)
(-68.1424 60.8065 2.25235e-16)
(-66.3163 59.0825 0)
(-67.9972 59.8868 1.1784e-14)
(-68.0763 60.2188 1.17034e-14)
(-69.0208 61.2125 2.1913e-14)
(-69.7134 62.2095 -3.12092e-16)
(-70.7422 63.5143 -3.11046e-16)
(-71.8739 64.9503 2.82038e-16)
(-73.2809 66.6297 -3.52455e-14)
(-74.8989 68.4529 3.81954e-17)
(-76.8071 70.5825 -3.11807e-14)
(-78.932 72.7305 -2.22943e-16)
(-81.385 75.4867 4.58491e-16)
(-83.9912 77.6434 -2.8038e-14)
(-86.9422 81.6457 2.71365e-14)
(-90.4302 82.7046 -4.09398e-16)
(-91.908 90.0662 3.66783e-16)
(-101.668 86.8274 2.07964e-14)
(-85.4823 97.066 3.75689e-14)
(-63.9803 60.4919 0)
(-68.5219 60.6314 1.47958e-14)
(-66.7869 58.7444 0)
(-68.3173 59.5922 1.21688e-14)
(-68.4341 59.8893 0)
(-69.3543 60.8784 -2.16175e-14)
(-70.0576 61.8574 -3.28133e-16)
(-71.0809 63.1519 2.97582e-16)
(-72.2143 64.5805 1.83149e-14)
(-73.6223 66.2541 1.79489e-14)
(-75.2404 68.0759 -1.64508e-14)
(-77.1565 70.1967 3.1334e-14)
(-79.2747 72.3502 0)
(-81.7541 75.085 -2.87081e-14)
(-84.3168 77.2705 -4.45271e-16)
(-87.3731 81.2088 1.16089e-17)
(-90.6563 82.3119 3.85149e-16)
(-92.5592 89.6648 -2.41988e-14)
(-101.627 86.2122 -2.10242e-14)
(-85.8698 97.1164 -1.87665e-14)
(-64.4265 60.0246 1.81711e-14)
(-68.8013 60.4839 -3.18071e-17)
(-67.2489 58.5173 1.56347e-14)
(-68.605 59.3463 -2.96176e-14)
(-68.7884 59.6226 4.36174e-16)
(-69.6858 60.5866 1.24443e-14)
(-70.4087 61.5427 -3.8666e-16)
(-71.4263 62.8147 -1.71588e-17)
(-72.5618 64.2303 -2.12736e-14)
(-73.9682 65.8924 -2.02157e-14)
(-75.5865 67.711 -6.06404e-16)
(-77.5059 69.8194 -1.80416e-14)
(-79.6217 71.9809 0)
(-82.1152 74.6845 6.66328e-14)
(-84.659 76.9198 0)
(-87.7726 80.7546 -3.14176e-14)
(-90.9482 82.0014 2.92016e-14)
(-93.1098 89.1826 2.89217e-14)
(-101.686 85.6991 4.16534e-16)
(-86.1656 97.0343 -3.30399e-16)
(-70.7708 60.2993 -4.76115e-16)
(-70.1884 59.5227 -2.09449e-14)
(-68.6877 57.5106 -1.7536e-14)
(-69.2505 57.7236 1.6109e-14)
(-69.4683 57.7187 -3.0471e-14)
(-70.2328 58.3801 2.72715e-14)
(-71.0464 59.222 -2.63134e-14)
(-72.129 60.4349 -2.54359e-14)
(-73.3857 61.8866 2.30331e-14)
(-74.8946 63.5937 2.28441e-14)
(-76.6223 65.4898 -4.27503e-14)
(-78.6248 67.6304 4.03784e-14)
(-80.8312 69.8813 4.011e-14)
(-83.3592 72.4927 -3.69608e-14)
(-86.0156 74.947 3.76694e-14)
(-89.0474 78.3563 9.72994e-16)
(-92.4677 80.2059 -6.89991e-14)
(-94.4871 85.7839 3.17281e-14)
(-104.161 84.0192 0)
(-88.4636 94.4338 7.63011e-17)
(-73.2953 54.7114 0)
(-72.2645 55.0345 -2.06698e-14)
(-71.8005 55.1794 1.78525e-14)
(-71.857 55.5015 3.42181e-14)
(-72.2395 56.0372 1.69376e-14)
(-72.8575 56.7238 -2.82038e-14)
(-73.6451 57.5621 -1.25588e-16)
(-74.6268 58.5996 0)
(-75.8443 59.8662 0)
(-77.3276 61.3617 -5.68967e-16)
(-79.0821 63.0751 -1.03447e-15)
(-81.1088 65.0051 -4.82824e-16)
(-83.4137 67.1371 0)
(-85.9722 69.4828 -7.75432e-14)
(-88.8756 72.0022 -3.85483e-14)
(-91.7829 74.7895 -3.73012e-14)
(-96.1002 77.577 3.52901e-14)
(-97.0925 81.1781 -3.40947e-14)
(-109.468 82.6676 6.76565e-14)
(-89.6452 89.7601 1.40932e-15)
(-75.205 50.5011 0)
(-74.2609 50.9798 0)
(-73.802 51.4759 3.58365e-14)
(-73.8047 52.0709 -6.52696e-14)
(-74.1494 52.7553 -7.02531e-16)
(-74.7364 53.5285 1.43443e-14)
(-75.5189 54.4106 5.38492e-14)
(-76.5186 55.4681 -2.59642e-14)
(-77.7812 56.7347 2.34349e-14)
(-79.329 58.2156 2.27707e-14)
(-81.1647 59.901 -2.16929e-14)
(-83.2813 61.7854 0)
(-85.6894 63.856 -4.1014e-14)
(-88.349 66.127 3.67369e-14)
(-91.3789 68.5552 3.65663e-14)
(-94.3902 71.2421 1.097e-13)
(-98.738 73.8817 -7.06919e-14)
(-99.9305 77.3697 3.22245e-14)
(-112.92 78.974 0)
(-92.0882 86.2109 0)
(-76.0979 46.6449 0)
(-75.5296 47.4657 -1.80678e-14)
(-75.3176 48.2568 -1.70532e-14)
(-75.4589 49.0545 0)
(-75.8932 49.8737 -1.58344e-14)
(-76.5364 50.6969 1.35809e-14)
(-77.3504 51.5735 6.57363e-16)
(-78.3735 52.5894 -5.00369e-14)
(-79.6711 53.7979 0)
(-81.2698 55.2082 6.1769e-17)
(-83.1698 56.8133 2.16077e-14)
(-85.3635 58.6105 0)
(-87.861 60.5855 -4.0946e-14)
(-90.6175 62.7527 7.73116e-14)
(-93.7568 65.0681 -3.65171e-14)
(-96.8626 67.6425 2.41154e-17)
(-101.377 70.1354 -3.52617e-14)
(-102.667 73.5563 -8.38189e-16)
(-115.92 75.0104 6.9369e-14)
(-94.7997 82.6356 -5.409e-14)
(-76.7309 43.2134 -3.70942e-14)
(-76.466 44.139 3.45536e-14)
(-76.4764 45.0619 1.66436e-14)
(-76.7901 45.9838 1.65386e-14)
(-77.3518 46.887 -1.42271e-14)
(-78.0879 47.7487 1.41591e-14)
(-78.9625 48.6208 -1.33676e-14)
(-80.0328 49.6072 7.62145e-14)
(-81.3835 50.7715 -2.3317e-14)
(-83.0468 52.1235 5.8702e-17)
(-85.0219 53.6574 0)
(-87.3005 55.373 4.19578e-14)
(-89.8906 57.254 -1.94886e-14)
(-92.7465 59.3204 -3.9578e-14)
(-95.993 61.5152 -1.91278e-15)
(-99.2019 63.9781 -9.32664e-16)
(-103.89 66.3117 0)
(-105.223 69.6934 -3.31624e-14)
(-118.68 70.7616 3.4435e-14)
(-97.5486 79.0291 0)
(-77.1855 40.1762 1.7909e-14)
(-77.1744 41.1179 1.71694e-14)
(-77.4042 42.0914 1.64101e-14)
(-77.9101 43.0669 4.76429e-14)
(-78.6344 44.0051 -4.38622e-14)
(-79.4923 44.8679 -2.87963e-14)
(-80.4457 45.7055 3.93181e-14)
(-81.5727 46.64 6.04001e-16)
(-82.9807 47.7421 1.0812e-15)
(-84.7096 49.0211 1.08514e-15)
(-86.7588 50.4723 -2.11156e-14)
(-89.1194 52.0958 -4.14273e-14)
(-91.7977 53.8734 0)
(-94.7472 55.8296 -5.8845e-14)
(-98.0939 57.8973 7.48281e-14)
(-101.403 60.2358 -3.51962e-14)
(-106.196 62.3991 7.14803e-14)
(-107.613 65.7346 -3.21663e-14)
(-121.252 66.3509 -3.44835e-14)
(-100.239 75.3643 0)
(-77.5435 37.4528 0)
(-77.7441 38.3514 -3.43768e-14)
(-78.1746 39.308 -7.81503e-16)
(-78.8699 40.2799 1.55425e-14)
(-79.7675 41.213 -1.44693e-14)
(-80.7605 42.0426 -1.40634e-14)
(-81.7999 42.8204 -1.33421e-14)
(-82.9871 43.6845 -2.57695e-14)
(-84.4546 44.7102 2.33232e-14)
(-86.2502 45.9052 5.36659e-16)
(-88.374 47.2641 -2.11243e-14)
(-90.8166 48.7863 2.06961e-14)
(-93.5813 50.4521 1.99602e-14)
(-96.6202 52.2895 1.92727e-14)
(-100.061 54.2224 0)
(-103.459 56.4344 -7.3158e-14)
(-108.378 58.4165 -9.13623e-16)
(-109.857 61.6964 6.70032e-14)
(-123.65 61.8071 -3.3617e-14)
(-102.834 71.6391 7.15363e-18)
(-77.862 35.0199 -1.72607e-14)
(-78.2424 35.8266 0)
(-78.8519 36.708 -3.28717e-14)
(-79.7306 37.6293 1.47785e-14)
(-80.8025 38.5211 -3.77248e-16)
(-81.9353 39.2869 0)
(-83.0607 39.9796 1.33397e-14)
(-84.3043 40.7527 0)
(-85.8277 41.6852 0)
(-87.6864 42.7833 -2.27166e-14)
(-89.8799 44.0385 0)
(-92.3992 45.449 -2.12007e-14)
(-95.2463 46.9931 1.99671e-14)
(-98.371 48.7032 -3.85645e-14)
(-101.901 50.4934 1.82182e-14)
(-105.383 52.5689 7.21626e-14)
(-110.42 54.3633 0)
(-111.953 57.5881 -3.30492e-14)
(-125.868 57.1483 0)
(-105.316 67.855 7.15268e-18)
(-78.1967 32.8428 0)
(-78.7252 33.512 0)
(-79.4876 34.2731 1.67087e-14)
(-80.5359 35.1051 7.78288e-16)
(-81.7783 35.9225 -1.49241e-14)
(-83.0484 36.5995 1.38302e-14)
(-84.2535 37.1849 -4.08619e-14)
(-85.5437 37.8479 2.47555e-14)
(-87.1141 38.6718 0)
(-89.0299 39.6595 2.27206e-14)
(-91.2877 40.7986 2.16759e-14)
(-93.8768 42.0875 0)
(-96.7975 43.5017 2.04264e-14)
(-100.003 45.0773 4.6818e-16)
(-103.616 46.717 -4.7147e-16)
(-107.177 48.6491 -5.54761e-14)
(-112.295 50.246 -9.12011e-16)
(-113.909 53.4148 0)
(-127.903 52.3815 0)
(-107.677 64.0383 -5.50446e-14)
(-78.6036 30.8836 1.76594e-14)
(-79.2456 31.3742 -8.5954e-15)
(-80.1315 31.9797 0)
(-81.3263 32.6884 1.6147e-14)
(-82.7302 33.4035 -3.00854e-14)
(-84.1301 33.9694 -3.59925e-16)
(-85.4025 34.4276 1.34867e-14)
(-86.7249 34.964 2.60349e-14)
(-88.3296 35.6666 -1.14806e-14)
(-90.2917 36.5328 -2.33061e-14)
(-92.6044 37.5451 2.12339e-14)
(-95.256 38.7023 -4.19985e-14)
(-98.241 39.978 1.94991e-14)
(-101.518 41.4127 -1.88098e-14)
(-105.205 42.895 -3.73604e-14)
(-108.838 44.6787 -9.22536e-16)
(-114.028 46.0734 6.98403e-14)
(-115.725 49.1689 0)
(-129.762 47.5266 -3.43237e-14)
(-109.928 60.2143 2.75164e-14)
(-79.1336 29.0828 -9.24314e-15)
(-79.8484 29.3713 -4.54741e-16)
(-80.8223 29.7944 -8.54885e-16)
(-82.138 30.3501 3.18903e-14)
(-83.6865 30.9398 -1.44396e-14)
(-85.2032 31.3759 3.61348e-16)
(-86.5253 31.6925 -1.39204e-14)
(-87.8624 32.0911 -5.82869e-16)
(-89.4872 32.6622 -2.66958e-16)
(-91.4822 33.3962 0)
(-93.8367 34.2726 -2.17407e-14)
(-96.5393 35.2904 2.07812e-14)
(-99.5789 36.4216 0)
(-102.918 37.709 3.85724e-14)
(-106.668 39.0281 -1.86745e-14)
(-110.368 40.659 0)
(-115.619 41.842 -1.70613e-14)
(-117.4 44.8456 -4.97441e-14)
(-131.439 42.6377 1.02034e-13)
(-112.073 56.1458 -2.64959e-18)
(-79.8266 27.3662 3.87534e-14)
(-80.5659 27.4462 -4.48185e-14)
(-81.5875 27.6702 1.6542e-14)
(-82.9961 28.0525 -8.08856e-15)
(-84.6674 28.4982 1.54578e-14)
(-86.2826 28.7913 3.66986e-16)
(-87.6344 28.9578 -1.34068e-14)
(-88.9664 29.2127 0)
(-90.5944 29.6461 -2.4563e-14)
(-92.6072 30.2407 1.1224e-14)
(-94.9898 30.9752 0)
(-97.7307 31.8482 0)
(-100.813 32.8306 0)
(-104.206 33.9653 -3.90597e-14)
(-108.007 35.117 3.68897e-14)
(-111.766 36.5929 0)
(-117.067 37.5575 1.70545e-14)
(-118.928 40.4602 1.5988e-14)
(-132.963 37.7387 -1.63726e-14)
(-114.068 51.8875 -1.31516e-14)
(-80.734 25.6518 -9.78654e-15)
(-81.4295 25.5265 1.89558e-14)
(-82.4536 25.5524 9.38864e-16)
(-83.9214 25.7528 -7.80377e-15)
(-85.6876 26.0412 0)
(-87.3764 26.185 1.48458e-14)
(-88.7362 26.2 1.42242e-14)
(-90.0434 26.311 1.3601e-14)
(-91.6567 26.6046 -1.19304e-14)
(-93.6712 27.0566 1.17788e-14)
(-96.0677 27.6467 -1.0684e-14)
(-98.8339 28.372 0)
(-101.948 29.2029 2.04815e-14)
(-105.382 30.18 -3.86146e-14)
(-109.223 31.1632 -4.63046e-16)
(-113.034 32.4822 0)
(-118.37 33.2219 -8.64562e-18)
(-120.304 36.0294 -1.64396e-14)
(-134.348 32.8177 -7.81266e-16)
(-115.883 47.5819 -1.43572e-14)
(-81.7376 23.8633 -9.75571e-15)
(-82.3681 23.5775 0)
(-83.383 23.4311 -1.7607e-14)
(-84.8978 23.4478 1.59206e-14)
(-86.7453 23.559 0)
(-88.4886 23.5378 0)
(-89.8368 23.3977 -7.00151e-15)
(-91.0996 23.368 -2.62545e-14)
(-92.6788 23.5239 1.23065e-14)
(-94.6779 23.8342 0)
(-97.0728 24.2806 0)
(-99.8509 24.8572 1.04311e-14)
(-102.982 25.5358 -1.00048e-14)
(-106.448 26.3524 -9.64833e-15)
(-110.315 27.168 1.91525e-14)
(-114.173 28.3275 -1.75428e-14)
(-119.523 28.8366 -3.55905e-14)
(-121.525 31.5727 1.55668e-14)
(-135.613 27.8558 -4.21769e-16)
(-117.483 43.1693 -1.37565e-14)
(-82.8121 21.949 -1.39783e-14)
(-83.3589 21.5607 -4.79313e-15)
(-84.37 21.2729 1.61974e-14)
(-85.9347 21.1107 0)
(-87.8521 21.032 0)
(-89.623 20.8323 0)
(-90.932 20.5348 3.18833e-17)
(-92.1319 20.3669 -2.74129e-16)
(-93.6604 20.3875 5.85727e-15)
(-95.6274 20.5604 1.18133e-14)
(-98.0049 20.867 -2.19097e-14)
(-100.78 21.297 5.85069e-18)
(-103.915 21.8248 1.04988e-14)
(-107.399 22.4799 -9.41009e-15)
(-111.281 23.131 -9.57784e-15)
(-115.176 24.1266 8.76952e-15)
(-120.518 24.4087 0)
(-122.586 27.1033 -1.68133e-14)
(-136.748 22.7865 1.6042e-14)
(-118.848 38.788 4.07253e-14)
(-83.8934 19.8993 -2.76136e-16)
(-84.3771 19.4545 2.06524e-14)
(-85.4186 19.0426 -1.99466e-14)
(-87.0562 18.6996 7.5063e-15)
(-89.0383 18.4152 0)
(-90.8068 18.0261 7.43141e-15)
(-92.0385 17.5737 1.97887e-16)
(-93.1438 17.2777 1.68778e-16)
(-94.5991 17.1752 6.21573e-15)
(-96.5154 17.2201 0)
(-98.8586 17.3939 -1.11407e-14)
(-101.615 17.6818 3.12075e-14)
(-104.741 18.0637 -9.74623e-15)
(-108.232 18.5593 2.07416e-17)
(-112.116 19.0507 0)
(-116.042 19.8767 8.98788e-15)
(-121.356 19.9405 9.01524e-15)
(-123.533 22.6032 2.35458e-16)
(-137.646 17.4786 -3.54424e-14)
(-120.057 34.9746 -6.12909e-16)
(-84.8672 17.7815 -8.40714e-15)
(-85.3735 17.3065 3.81252e-15)
(-86.5231 16.76 -7.66262e-15)
(-88.2728 16.2074 0)
(-90.306 15.6835 7.61581e-15)
(-92.0224 15.0862 -1.05053e-14)
(-93.1303 14.4843 3.37916e-15)
(-94.1133 14.0776 6.42257e-15)
(-95.4783 13.8699 -6.04947e-15)
(-97.329 13.8004 -5.83195e-15)
(-99.6245 13.8518 -2.49914e-16)
(-102.349 14.0061 5.05287e-15)
(-105.455 14.2502 0)
(-108.942 14.5901 9.61548e-15)
(-112.82 14.9269 0)
(-116.768 15.5806 -8.98593e-15)
(-122.042 15.4354 0)
(-124.32 18.0428 -1.65911e-14)
(-138.205 12.2653 8.06558e-15)
(-121.254 30.8134 -3.0667e-16)
(-85.7776 15.8191 0)
(-86.4483 15.2809 0)
(-87.7669 14.5133 5.54646e-15)
(-89.6124 13.661 1.81544e-15)
(-91.6334 12.8421 0)
(-93.2105 12.0168 7.18604e-15)
(-94.1262 11.274 -3.30762e-15)
(-94.9613 10.7754 0)
(-96.2325 10.4784 2.97986e-15)
(-98.0181 10.3072 5.79408e-15)
(-100.265 10.2465 -5.25609e-15)
(-102.955 10.2744 -5.13549e-15)
(-106.037 10.3868 -4.94105e-15)
(-109.514 10.5758 0)
(-113.383 10.7647 -4.63419e-15)
(-117.35 11.2426 0)
(-122.581 10.8913 -4.36551e-15)
(-124.947 13.4332 0)
(-138.498 6.99142 -1.7748e-14)
(-122.382 26.5824 6.62838e-15)
(-86.5276 13.9447 1.85117e-15)
(-87.5089 13.2767 -7.48905e-16)
(-89.072 12.1992 -3.4709e-15)
(-91.0114 10.9627 -1.78649e-15)
(-92.9892 9.83201 0)
(-94.3988 8.84224 0)
(-95.0772 8.02615 -6.74702e-15)
(-95.7207 7.46866 3.05341e-15)
(-96.8694 7.08751 -2.97503e-15)
(-98.5713 6.80701 4.27294e-15)
(-100.757 6.62474 -1.2752e-15)
(-103.402 6.52089 7.75407e-15)
(-106.453 6.50213 2.53541e-15)
(-109.915 6.53991 0)
(-113.774 6.58582 6.94781e-15)
(-117.758 6.89066 4.59563e-15)
(-122.96 6.35736 1.20516e-16)
(-125.401 8.77002 -4.19063e-15)
(-138.488 1.70997 4.22571e-15)
(-123.424 22.2203 -6.94087e-15)
(-87.251 10.4191 -7.99395e-16)
(-88.7878 9.4642 8.30689e-16)
(-90.7923 8.31068 -1.71732e-15)
(-92.8589 6.96478 7.59479e-16)
(-94.5555 5.88615 -5.67884e-17)
(-95.5823 5.12677 -9.23334e-16)
(-96.0426 4.52528 -9.30793e-17)
(-96.5766 4.05617 7.06775e-16)
(-97.6356 3.66538 -3.70736e-17)
(-99.2462 3.32083 -7.15455e-16)
(-101.343 3.0434 -1.32816e-15)
(-103.908 2.81936 0)
(-106.892 2.67745 -1.25776e-15)
(-110.299 2.56899 -1.28032e-15)
(-114.117 2.48334 -1.24779e-15)
(-118.077 2.62667 -5.99481e-17)
(-123.244 1.96196 -6.20391e-17)
(-125.725 4.19501 -1.10285e-15)
(-138.32 -2.87566 -1.53171e-16)
(-124.322 17.295 5.12503e-15)
(-73.6669 63.0414 -3.96918e-14)
(-76.1789 54.7885 0)
(-76.6618 49.6858 0)
(-76.9948 45.6186 3.83893e-14)
(-77.2458 42.1529 -1.86661e-14)
(-77.4321 39.1517 0)
(-77.5752 36.5073 -9.0731e-15)
(-77.7073 34.1925 2.77351e-14)
(-77.8745 32.1743 1.79129e-14)
(-78.1365 30.41 -1.03604e-14)
(-78.5542 28.8346 9.72341e-15)
(-79.1792 27.3554 -1.00824e-14)
(-80.1057 25.8792 2.17869e-14)
(-81.1465 24.2725 2.03503e-16)
(-82.355 22.4726 -1.9102e-14)
(-83.6123 20.4539 4.32099e-15)
(-84.7237 18.2653 4.34683e-15)
(-85.6383 16.1828 1.99061e-15)
(-86.2046 14.2529 -2.77306e-15)
(-86.3919 10.9127 2.53945e-15)
(-77.7591 61.1579 -3.14702e-14)
(-78.7836 52.9633 0)
(-78.2555 48.1441 0)
(-78.0392 44.2723 -2.00887e-14)
(-77.9373 40.9373 0)
(-77.8656 38.0481 5.88775e-16)
(-77.7957 35.5245 -9.20894e-15)
(-77.7256 33.3419 -9.31552e-15)
(-77.6848 31.4802 -1.95268e-14)
(-77.729 29.8998 -2.01335e-14)
(-77.9213 28.5339 -1.9894e-14)
(-78.3306 27.2896 -1.08046e-14)
(-79.1391 26.0813 1.18142e-14)
(-80.0568 24.6837 1.12806e-14)
(-81.3111 23.0717 1.05121e-14)
(-82.7268 21.1354 -1.46338e-14)
(-84.0903 18.871 4.58735e-15)
(-85.2704 16.5508 0)
(-86.023 14.3224 0)
(-86.0359 11.0324 -1.35431e-15)
(-80.219 58.4003 -2.6209e-14)
(-80.2918 49.834 -1.97937e-14)
(-79.5724 46.0125 0)
(-79.039 42.6161 -1.92098e-14)
(-78.7027 39.5859 1.87755e-14)
(-78.4415 36.8929 5.52219e-16)
(-78.206 34.524 5.69e-16)
(-77.9624 32.4744 0)
(-77.7166 30.737 -9.93705e-15)
(-77.5111 29.2877 3.54438e-17)
(-77.4064 28.0653 4.43154e-14)
(-77.4916 26.9982 1.15247e-14)
(-78.0276 26.0363 0)
(-78.6893 24.8828 1.13199e-14)
(-79.7772 23.5228 0)
(-81.082 21.7463 -4.88662e-15)
(-82.4884 19.5405 4.75618e-15)
(-83.8248 17.0829 -4.31506e-15)
(-84.9444 14.4854 -3.0591e-15)
(-85.3992 11.1444 1.49205e-15)
(-79.9036 56.3187 0)
(-81.026 47.0315 1.95105e-14)
(-80.469 43.7385 0)
(-79.8602 40.8206 -8.85154e-16)
(-79.4383 38.1608 3.66647e-14)
(-79.1061 35.7265 1.91494e-14)
(-78.8033 33.5482 1.05393e-14)
(-78.4776 31.6477 -1.00826e-14)
(-78.1168 30.0305 0)
(-77.7483 28.6911 -1.07896e-14)
(-77.4295 27.5907 -1.24477e-14)
(-77.2796 26.6924 -2.66269e-14)
(-77.5927 25.9835 0)
(-77.989 25.0787 -2.51915e-14)
(-78.8598 23.9322 -5.51761e-15)
(-79.8444 22.2329 2.41948e-16)
(-81.0016 20.041 9.15558e-15)
(-82.0493 17.4756 2.28405e-15)
(-83.0371 14.6308 3.15711e-15)
(-83.7889 11.3995 -1.04118e-15)
(-77.8642 54.4536 2.13398e-14)
(-81.0434 44.7042 -3.17343e-14)
(-80.904 41.5394 -1.63678e-14)
(-80.4074 39.0537 -1.86694e-14)
(-80.038 36.7593 -1.57398e-15)
(-79.7501 34.6147 0)
(-79.4944 32.6677 0)
(-79.22 30.9566 9.83346e-15)
(-78.8978 29.5015 1.13855e-14)
(-78.5312 28.3251 9.39967e-16)
(-78.1657 27.4272 0)
(-77.9396 26.7962 1.62563e-14)
(-78.2304 26.4031 -1.692e-14)
(-78.4475 25.7131 2.92724e-14)
(-79.1688 24.6479 -1.24639e-14)
(-79.8146 22.844 2.75515e-16)
(-80.5995 20.5213 -9.19309e-17)
(-81.1584 17.7233 0)
(-81.7206 14.606 -3.25161e-15)
(-82.2691 11.4185 1.52928e-15)
(-75.0867 52.7112 1.82519e-14)
(-80.2886 42.8133 1.49422e-14)
(-80.9297 39.5712 1.58379e-14)
(-80.6493 37.3554 1.59833e-14)
(-80.4006 35.4067 -1.71937e-15)
(-80.2386 33.5817 0)
(-80.1259 31.9041 0)
(-80.024 30.4277 -3.48669e-14)
(-79.9036 29.1941 0)
(-79.7636 28.2566 1.4749e-14)
(-79.6448 27.663 -1.57996e-14)
(-79.7213 27.4221 7.71617e-16)
(-80.3832 27.36 8.86896e-16)
(-80.2173 26.7273 0)
(-80.4093 25.4727 0)
(-80.441 23.3983 0)
(-80.6036 20.9195 -5.27362e-15)
(-80.7401 17.9211 0)
(-81.062 14.7468 -1.10596e-15)
(-81.4932 11.7151 1.02382e-15)
(-71.5759 51.1258 -1.93515e-14)
(-79.0375 41.4032 -1.16086e-14)
(-80.4728 37.8507 -9.59127e-16)
(-80.6187 35.8569 2.60272e-14)
(-80.5099 34.2108 -3.13607e-14)
(-80.4743 32.6791 0)
(-80.5046 31.2716 0)
(-80.559 30.0417 9.87992e-16)
(-80.5956 29.0386 -1.13985e-14)
(-80.574 28.3053 1.26697e-14)
(-80.4673 27.8657 1.35974e-15)
(-80.3687 27.6315 8.93952e-16)
(-80.3676 27.2476 1.94769e-14)
(-79.9484 26.3281 -1.51216e-14)
(-79.8674 24.8203 -6.03428e-15)
(-79.913 22.8597 -5.53532e-15)
(-80.0875 20.5947 1.07423e-14)
(-80.3472 17.9496 0)
(-80.6144 14.9989 -1.173e-15)
(-80.9339 12.1144 1.07496e-15)
(-67.5837 49.6044 -1.80881e-14)
(-76.5016 40.4085 2.19157e-14)
(-79.3639 36.4736 1.00142e-14)
(-80.1678 34.5244 -2.33939e-14)
(-80.3127 33.1116 -5.94397e-15)
(-80.3849 31.8414 -6.54042e-15)
(-80.4992 30.6763 7.60118e-15)
(-80.6357 29.6503 -7.76676e-15)
(-80.7502 28.8067 8.91674e-15)
(-80.7921 28.161 1.90096e-14)
(-80.7226 27.6913 5.38576e-16)
(-80.5985 27.2715 0)
(-80.4759 26.6655 2.66025e-14)
(-80.0984 25.6645 5.39101e-15)
(-79.9078 24.2358 5.44526e-15)
(-79.8025 22.47 -4.58602e-15)
(-79.8273 20.3355 4.19211e-15)
(-79.9225 17.7715 -4.15289e-15)
(-80.0661 14.946 -9.84913e-16)
(-80.2856 12.2415 9.28912e-16)
(-63.5316 48.1231 0)
(-73.2032 39.852 -1.62437e-14)
(-77.7333 35.4991 0)
(-79.182 33.4 -9.93851e-15)
(-79.7627 32.1113 1.58616e-14)
(-79.987 31.0321 1.75328e-14)
(-80.1682 30.06 -1.22148e-14)
(-80.3546 29.1885 -6.26702e-15)
(-80.5148 28.4425 -1.39501e-14)
(-80.6048 27.8212 -7.78176e-15)
(-80.5889 27.2837 -8.02023e-15)
(-80.4952 26.7336 -9.41951e-15)
(-80.3603 26.0448 -5.23433e-16)
(-80.0254 25.0394 -4.71593e-15)
(-79.794 23.7021 4.55047e-16)
(-79.6158 22.043 -3.63558e-15)
(-79.5415 19.9807 3.55027e-15)
(-79.5275 17.5317 0)
(-79.5766 14.9012 -7.75618e-16)
(-79.7005 12.394 -4.59925e-17)
(-59.6072 46.6925 -3.42666e-14)
(-69.0657 39.7012 1.5623e-14)
(-74.9343 34.951 0)
(-77.4995 32.534 8.62974e-15)
(-78.6929 31.2216 -8.68231e-15)
(-79.2227 30.2523 -9.57423e-15)
(-79.5268 29.4188 1.9909e-14)
(-79.7613 28.6663 3.95231e-16)
(-79.9443 27.988 3.75356e-16)
(-80.0551 27.3745 7.07784e-15)
(-80.0713 26.7878 1.35819e-14)
(-80.006 26.1625 6.95915e-15)
(-79.8968 25.4216 0)
(-79.6315 24.3793 -3.72532e-15)
(-79.4198 23.0506 7.00766e-15)
(-79.2163 21.4201 -2.869e-15)
(-79.0665 19.4446 1.37149e-15)
(-78.9878 17.1887 1.38761e-15)
(-78.9882 14.8079 -1.31764e-15)
(-79.0439 12.5203 1.0356e-17)
(-55.9166 45.3014 0)
(-64.3577 39.7538 4.80093e-15)
(-71.2505 34.8139 3.67748e-15)
(-75.1069 31.9999 3.43238e-15)
(-76.8852 30.4845 0)
(-77.896 29.5207 0)
(-78.4502 28.7472 -4.53712e-15)
(-78.794 28.0659 0)
(-79.0238 27.4319 0)
(-79.1613 26.819 1.02232e-14)
(-79.2077 26.1916 -7.81065e-16)
(-79.1721 25.5 -6.34654e-15)
(-79.0959 24.6981 0)
(-78.8772 23.612 5.36035e-15)
(-78.6923 22.299 -2.56371e-15)
(-78.5017 20.7277 2.13127e-16)
(-78.3418 18.8842 1.16015e-15)
(-78.2399 16.8241 -1.13696e-15)
(-78.187 14.6678 5.75435e-16)
(-78.1676 12.5742 5.60895e-16)
(-52.469 43.8811 0)
(-59.3718 39.7941 -5.7419e-15)
(-66.544 34.9768 -6.52417e-16)
(-71.582 31.7759 -3.64442e-15)
(-74.3949 29.9355 0)
(-75.8616 28.8372 0)
(-76.8017 28.0451 -3.37361e-16)
(-77.3386 27.3725 3.67012e-15)
(-77.6706 26.7505 3.93274e-15)
(-77.8689 26.1285 -4.50018e-15)
(-77.9625 25.4674 -9.23606e-15)
(-77.9664 24.7266 0)
(-77.9271 23.8793 5.06742e-15)
(-77.7605 22.7861 -7.34343e-15)
(-77.6062 21.5117 0)
(-77.4392 20.0145 -9.61558e-16)
(-77.2873 18.2987 0)
(-77.1701 16.4216 -9.17966e-16)
(-77.063 14.4625 4.64486e-16)
(-76.947 12.5267 4.53735e-16)
(-49.2501 42.3359 6.63466e-15)
(-54.494 39.6087 -1.11317e-14)
(-61.1015 35.2189 -4.35592e-15)
(-66.8208 31.8246 -2.46633e-16)
(-70.7184 29.6006 5.59635e-15)
(-72.9735 28.2455 0)
(-74.3164 27.3382 -5.82603e-15)
(-75.2343 26.6115 0)
(-75.7702 25.9546 0)
(-76.0946 25.3087 1.51864e-15)
(-76.2759 24.6203 1.60973e-15)
(-76.3472 23.8539 -1.71063e-15)
(-76.355 22.9879 0)
(-76.2567 21.9242 -5.50483e-15)
(-76.1392 20.6969 5.37435e-15)
(-75.9979 19.2744 -2.44194e-15)
(-75.8498 17.6735 2.32746e-15)
(-75.6978 15.9473 -1.06175e-15)
(-75.5148 14.1352 1.04611e-15)
(-75.2539 12.3103 -2.95556e-16)
(-46.2782 40.6212 -6.9771e-15)
(-50.0847 39.0373 0)
(-55.3834 35.2846 0)
(-61.1084 32.0002 0)
(-65.6882 29.5003 0)
(-68.9293 27.8107 0)
(-70.9447 26.6701 4.81571e-15)
(-72.2325 25.8271 0)
(-73.1168 25.102 0)
(-73.6809 24.4055 1.18462e-15)
(-74.027 23.682 -4.35275e-15)
(-74.2115 22.8959 1.64052e-15)
(-74.295 22.0248 -3.09112e-15)
(-74.2722 20.9935 3.04091e-15)
(-74.1942 19.8085 2.83831e-15)
(-74.0683 18.4535 -1.29734e-15)
(-73.8924 16.9467 2.21615e-17)
(-73.6546 15.312 5.77875e-16)
(-73.3145 13.57 4.95183e-16)
(-72.8769 11.7979 -1.69933e-16)
(-43.5878 38.7858 -1.06182e-14)
(-46.3168 38.0048 1.55253e-14)
(-49.9923 34.9336 0)
(-54.9526 32.046 0)
(-59.6293 29.5127 0)
(-63.4159 27.555 -8.76615e-16)
(-66.2114 26.1252 -2.29729e-15)
(-68.1602 25.06 -8.40538e-16)
(-69.4584 24.1974 -8.60736e-16)
(-70.306 23.4188 0)
(-70.8986 22.6509 0)
(-71.278 21.8445 9.74703e-16)
(-71.486 20.9696 0)
(-71.5476 19.9545 -1.2984e-15)
(-71.5017 18.7881 0)
(-71.3565 17.4622 4.35184e-16)
(-71.1114 15.998 1.35976e-16)
(-70.7475 14.3891 1.71219e-16)
(-70.2135 12.6436 -8.53237e-16)
(-69.5362 10.8733 2.51391e-16)
(-41.1652 36.919 0)
(-43.1314 36.5041 -4.99639e-15)
(-45.5006 34.1004 1.47035e-15)
(-49.1837 31.7246 4.10049e-15)
(-53.2429 29.3896 -4.09127e-15)
(-57.0021 27.3338 1.05934e-15)
(-60.1288 25.6772 1.64558e-15)
(-62.5493 24.3688 -5.91828e-16)
(-64.3613 23.306 1.57871e-15)
(-65.6688 22.3885 6.53756e-16)
(-66.5539 21.5352 0)
(-67.1444 20.6746 -1.00602e-15)
(-67.4973 19.7635 -1.75411e-15)
(-67.6567 18.7157 2.92584e-17)
(-67.6636 17.5331 1.62127e-15)
(-67.5209 16.2038 -1.17708e-15)
(-67.205 14.7246 3.15782e-16)
(-66.6774 13.0702 6.73152e-16)
(-65.863 11.2423 6.08977e-17)
(-64.8747 9.42696 0)
(-38.86 35.1131 0)
(-40.2977 34.8694 -6.73264e-15)
(-42.0061 32.998 3.77612e-15)
(-44.5339 31.032 -2.9342e-15)
(-47.5208 28.9226 4.11559e-15)
(-50.6355 26.8969 5.37679e-16)
(-53.518 25.108 1.28491e-15)
(-55.9772 23.6031 -1.16964e-15)
(-57.9696 22.3411 -7.51566e-16)
(-59.5158 21.2466 4.50186e-16)
(-60.6619 20.2491 3.53849e-17)
(-61.4704 19.2839 -4.65307e-16)
(-61.9815 18.2984 -1.0248e-15)
(-62.2313 17.1797 -2.44232e-16)
(-62.2357 15.9456 5.71149e-16)
(-62.0065 14.5561 -8.73771e-16)
(-61.5238 12.9611 6.92554e-16)
(-60.7539 11.1378 3.19737e-16)
(-59.667 9.15032 -3.46126e-16)
(-58.5033 7.30373 6.74683e-31)
(-36.5425 33.3207 -3.65137e-15)
(-37.6699 33.2243 4.34672e-15)
(-39.1343 31.6674 -2.79292e-15)
(-41.0349 29.9097 2.74827e-15)
(-43.0134 27.962 -7.98015e-16)
(-45.1428 25.9961 -6.82396e-16)
(-47.2643 24.191 -2.58106e-16)
(-49.247 22.5994 0)
(-50.9941 21.205 2.5199e-16)
(-52.4454 19.9552 8.18356e-16)
(-53.5792 18.7922 -7.97939e-16)
(-54.3983 17.6585 4.42939e-16)
(-54.9131 16.4698 7.54774e-16)
(-55.1662 15.1167 -5.73924e-16)
(-55.1151 13.6239 0)
(-54.7765 11.9347 -2.72755e-16)
(-54.1422 10.0283 0)
(-53.2333 7.99365 1.17615e-16)
(-52.1551 6.12344 -1.2539e-16)
(-51.0339 4.55899 -6.76086e-18)
(-33.9052 31.3899 1.88978e-15)
(-34.5213 31.3907 -2.391e-15)
(-35.7788 29.6598 1.083e-15)
(-37.4413 27.5219 -7.23992e-16)
(-39.0765 25.376 1.36943e-15)
(-40.5979 23.4015 -5.97251e-16)
(-41.9941 21.6955 5.55522e-16)
(-43.3175 20.1859 -2.69838e-16)
(-44.5529 18.7897 -3.45039e-16)
(-45.6417 17.4628 3.97715e-16)
(-46.5253 16.1645 6.4922e-17)
(-47.1482 14.8278 -2.85579e-16)
(-47.4626 13.4283 -2.16617e-16)
(-47.4682 11.9504 6.76808e-17)
(-47.183 10.3761 3.10394e-16)
(-46.6542 8.68923 -6.41627e-16)
(-45.9557 6.96152 3.81631e-16)
(-45.1551 5.43622 -1.3739e-16)
(-44.2733 4.14762 1.26775e-17)
(-43.4605 1.55958 8.95769e-18)
(-29.459 31.1199 0)
(-28.8207 31.1377 1.8735e-16)
(-29.2896 29.0656 8.32322e-17)
(-30.014 26.8031 0)
(-30.8308 24.9052 0)
(-31.7309 23.3334 -1.16787e-16)
(-32.6986 21.9596 -2.91646e-16)
(-33.6402 20.7339 2.11325e-16)
(-34.5256 19.5748 0)
(-35.3389 18.3932 7.09449e-17)
(-36.063 17.1444 0)
(-36.6795 15.7867 2.983e-17)
(-37.2089 14.2995 1.41523e-17)
(-37.6299 12.7296 -6.64212e-17)
(-37.9231 11.1062 0)
(-38.0869 9.46274 0)
(-38.1245 7.84193 -4.51824e-17)
(-38.0087 6.28673 2.73509e-17)
(-37.6128 4.84115 -2.56161e-17)
(-37.3724 3.20324 4.60465e-18)
)
;

boundaryField
{
    right
    {
        type            cyclic;
    }
    left
    {
        type            cyclic;
    }
    outerWall
    {
        type            calculated;
        value           nonuniform List<vector> 
60
(
(-3.88268 209.368 0)
(-11.6427 209.081 0)
(-19.3868 208.506 0)
(-27.1041 207.644 0)
(-34.7842 206.496 0)
(-42.4165 205.065 0)
(-49.9903 203.351 0)
(-57.4954 201.357 0)
(-64.9213 199.087 0)
(-72.2579 196.542 0)
(-79.4951 193.727 0)
(-86.6228 190.645 0)
(-93.6313 187.301 0)
(-100.511 183.7 0)
(-107.252 179.845 0)
(-113.846 175.744 0)
(-120.283 171.4 0)
(-126.554 166.821 0)
(-132.651 162.012 0)
(-138.566 156.98 0)
(-141.814 154.101 0)
(-142.488 153.482 0)
(-143.159 152.86 0)
(-143.827 152.235 0)
(-144.492 151.607 0)
(-145.154 150.976 0)
(-145.813 150.341 0)
(-146.469 149.703 0)
(-147.122 149.063 0)
(-147.772 148.419 0)
(-148.419 147.772 0)
(-149.063 147.122 0)
(-149.703 146.469 0)
(-150.341 145.813 0)
(-150.976 145.154 0)
(-151.607 144.492 0)
(-152.235 143.827 0)
(-152.86 143.159 0)
(-153.482 142.488 0)
(-154.101 141.814 0)
(-156.98 138.566 0)
(-162.012 132.651 0)
(-166.821 126.554 0)
(-171.4 120.283 0)
(-175.744 113.846 0)
(-179.845 107.252 0)
(-183.7 100.511 0)
(-187.301 93.6313 0)
(-190.645 86.6228 0)
(-193.727 79.4951 0)
(-196.542 72.2579 0)
(-199.087 64.9213 0)
(-201.357 57.4954 0)
(-203.351 49.9903 0)
(-205.065 42.4165 0)
(-206.496 34.7842 0)
(-207.644 27.1041 0)
(-208.506 19.3868 0)
(-209.081 11.6427 0)
(-209.368 3.88268 0)
)
;
    }
    stirrerWall
    {
        type            calculated;
        value           nonuniform List<vector> 
100
(
(-0.775973 41.8739 0)
(-2.32686 41.817 0)
(-3.87457 41.7025 0)
(-5.41696 41.5307 0)
(-6.95191 41.3017 0)
(-8.4773 41.0159 0)
(-9.99103 40.6737 0)
(-11.491 40.2755 0)
(-12.9752 39.8219 0)
(-14.4415 39.3135 0)
(-15.8879 38.751 0)
(-17.3124 38.1352 0)
(-18.7131 37.4669 0)
(-20.088 36.7471 0)
(-21.4352 35.9768 0)
(-22.7529 35.1569 0)
(-24.0393 34.2887 0)
(-25.2925 33.3733 0)
(-26.5109 32.4121 0)
(-27.6927 31.4062 0)
(-29.3359 32.0508 0)
(-31.4591 34.3677 0)
(-33.5823 36.6846 0)
(-35.7055 39.0016 0)
(-37.8287 41.3185 0)
(-39.9519 43.6354 0)
(-42.0751 45.9523 0)
(-44.1983 48.2693 0)
(-46.3215 50.5862 0)
(-48.4447 52.9031 0)
(-50.5679 55.22 0)
(-52.6911 57.537 0)
(-54.8142 59.8539 0)
(-56.9374 62.1708 0)
(-59.0606 64.4877 0)
(-61.1838 66.8047 0)
(-63.307 69.1216 0)
(-65.4302 71.4385 0)
(-67.5534 73.7554 0)
(-69.6766 76.0724 0)
(-70.9005 77.0685 0)
(-71.2251 76.7439 0)
(-71.5498 76.4192 0)
(-71.8744 76.0946 0)
(-72.199 75.77 0)
(-72.5237 75.4453 0)
(-72.8483 75.1207 0)
(-73.1729 74.7961 0)
(-73.4976 74.4715 0)
(-73.8222 74.1468 0)
(-74.1468 73.8222 0)
(-74.4715 73.4976 0)
(-74.7961 73.1729 0)
(-75.1207 72.8483 0)
(-75.4453 72.5237 0)
(-75.77 72.199 0)
(-76.0946 71.8744 0)
(-76.4192 71.5498 0)
(-76.7439 71.2251 0)
(-77.0685 70.9005 0)
(-76.0724 69.6766 0)
(-73.7554 67.5534 0)
(-71.4385 65.4302 0)
(-69.1216 63.307 0)
(-66.8047 61.1838 0)
(-64.4877 59.0606 0)
(-62.1708 56.9374 0)
(-59.8539 54.8142 0)
(-57.537 52.6911 0)
(-55.22 50.5679 0)
(-52.9031 48.4447 0)
(-50.5862 46.3215 0)
(-48.2693 44.1983 0)
(-45.9523 42.0751 0)
(-43.6354 39.9519 0)
(-41.3185 37.8287 0)
(-39.0016 35.7055 0)
(-36.6846 33.5823 0)
(-34.3677 31.4591 0)
(-32.0508 29.3359 0)
(-31.4062 27.6927 0)
(-32.4121 26.5109 0)
(-33.3733 25.2925 0)
(-34.2887 24.0393 0)
(-35.1569 22.7529 0)
(-35.9768 21.4352 0)
(-36.7471 20.088 0)
(-37.4669 18.7131 0)
(-38.1352 17.3124 0)
(-38.751 15.8879 0)
(-39.3135 14.4415 0)
(-39.8219 12.9752 0)
(-40.2755 11.491 0)
(-40.6737 9.99103 0)
(-41.0159 8.4773 0)
(-41.3017 6.95191 0)
(-41.5307 5.41696 0)
(-41.7025 3.87457 0)
(-41.817 2.32686 0)
(-41.8739 0.775973 0)
)
;
    }
    top
    {
        type            empty;
    }
    bottom
    {
        type            empty;
    }
}


// ************************************************************************* //
