/*--------------------------------*- C++ -*----------------------------------*\
  =========                 |
  \\      /  F ield         | OpenFOAM: The Open Source CFD Toolbox
   \\    /   O peration     | Website:  https://openfoam.org
    \\  /    A nd           | Version:  10
     \\/     M anipulation  |
\*---------------------------------------------------------------------------*/
FoamFile
{
    format      ascii;
    class       volScalarField;
    location    "2000";
    object      yPlus;
}
// * * * * * * * * * * * * * * * * * * * * * * * * * * * * * * * * * * * * * //

dimensions      [0 0 0 0 0 0 0];

internalField   uniform 0;

boundaryField
{
    right
    {
        type            cyclic;
    }
    left
    {
        type            cyclic;
    }
    outerWall
    {
        type            calculated;
        value           nonuniform List<scalar> 0();
    }
    stirrerWall
    {
        type            calculated;
        value           nonuniform List<scalar> 
398
(
0.0232821
0.0235053
0.0233508
0.023359
0.0233174
0.0232209
0.0230548
0.0228173
0.0225112
0.0221475
0.0217519
0.0213478
0.0209554
0.0205837
0.0202294
0.0198752
0.0195133
0.0191375
0.01873
0.0182959
0.0178672
0.0174547
0.0170818
0.0167252
0.0163752
0.0160348
0.0157034
0.0153747
0.0150355
0.0146617
0.0142166
0.0136693
0.0130511
0.0124041
0.0117374
0.0110802
0.0104815
0.00995778
0.00947076
0.00898466
0.00851494
0.00807336
0.00764329
0.00723373
0.00685496
0.0065159
0.00620028
0.00590185
0.00562154
0.00535753
0.00510931
0.00487692
0.00466089
0.00446114
0.00427549
0.00410354
0.00395499
0.00383575
0.00375413
0.00372002
0.00375421
0.00387399
0.00408879
0.00439843
0.0047965
0.0052612
0.0057707
0.00629834
0.00681309
0.0072804
0.00766418
0.00792751
0.00803429
0.00794868
0.00765075
0.00713193
0.00638405
0.00535884
0.00387024
0.00111376
0.00111376
0.00296637
0.00116295
0.00138709
0.00129544
0.0012841
0.00127764
0.00129331
0.00132883
0.00138347
0.00145551
0.00154315
0.00164539
0.00176213
0.0018935
0.00203924
0.00219823
0.00236811
0.0025458
0.00272829
0.00291309
0.00309823
0.00328147
0.00345936
0.0036288
0.0037941
0.00396143
0.00413356
0.00430354
0.00446737
0.00462312
0.00477033
0.00490919
0.00504066
0.00516677
0.00529029
0.00541362
0.00553512
0.00565262
0.00576635
0.00587706
0.00598185
0.00608163
0.00617878
0.00626616
0.00635097
0.0064485
0.00654573
0.00663284
0.00672566
0.00682806
0.00692766
0.00703447
0.0071505
0.00726215
0.00739865
0.0075325
0.00766216
0.0078246
0.0079747
0.00813839
0.00831768
0.00848757
0.00866717
0.00885436
0.00900372
0.00917631
0.00933098
0.00945399
0.0095723
0.00964169
0.0097158
0.00984038
0.00981008
0.0100605
0.00972052
0.0107881
0.00999049
0.0134568
0.0109852
0.0181903
0.0117856
0.0191002
0.0117679
0.0163913
0.020071
0.012247
0.0172317
0.0174846
0.0149873
0.0239296
0.0127456
0.0152205
0.0162984
0.0102508
0.0144809
0.0104956
0.00919509
0.014207
0.00806268
0.00816264
0.0166935
0.00778035
0.0150355
0.008075
0.0120319
0.00920875
0.0105525
0.0116142
0.0088432
0.0118123
0.0117076
0.0123041
0.0138242
0.0134186
0.0143311
0.0153852
0.0155685
0.0153703
0.0149399
0.0145473
0.0139641
0.0126861
0.0107422
0.00903395
0.00762262
0.00638208
0.00532975
0.000692562
0.00152917
0.00099355
0.000697495
0.000552909
0.000466237
0.00040196
0.000352989
0.000316909
0.000291442
0.000273246
0.000257694
0.000242948
0.000228817
0.000215186
0.000202105
0.000189771
0.000178346
0.000168049
0.000159203
0.000152147
0.000147227
0.000144831
0.000145476
0.000150079
0.000159998
0.000176038
0.000199091
0.000229623
0.000267183
0.000310612
0.000358508
0.000409524
0.000462687
0.000517435
0.000573497
0.000630776
0.000689239
0.000748834
0.000809432
0.000871052
0.000933961
0.000998377
0.00106454
0.0011327
0.00120255
0.00127379
0.00134675
0.00142122
0.00149676
0.00157365
0.00165143
0.00172888
0.00180649
0.00188414
0.00196124
0.00203942
0.00211895
0.00219976
0.00228222
0.00236423
0.00244455
0.00252308
0.00260048
0.00267769
0.00275479
0.0028316
0.00290766
0.00298299
0.00305727
0.00312888
0.00319734
0.00325664
0.00330833
0.00335692
0.00341433
0.00352655
0.00359623
0.00359109
0.0039765
0.0044825
0.0039592
0.00476084
0.00592606
0.00461136
0.00566261
0.00667962
0.00541019
0.00627086
0.00645567
0.0070117
0.00856769
0.00995673
0.0105024
0.00917831
0.00810046
0.00885282
0.00968076
0.0101412
0.0102118
0.0102499
0.0104531
0.0104076
0.0104057
0.0105441
0.010701
0.00961732
0.00887536
0.00855329
0.00874644
0.000692562
0.00206174
0.00294334
0.00383087
0.00461648
0.00465683
0.0040599
0.00336159
0.00286156
0.00252183
0.0021763
0.00181836
0.00145224
0.00121854
0.00122636
0.00149663
0.00197097
0.0017998
0.0012862
0.000842237
0.000748874
0.000629023
0.000496815
0.000380311
0.000295879
0.000264659
0.000261382
0.0002703
0.000291557
0.000325975
0.000367526
0.00041604
0.000476995
0.000563132
0.000692477
0.0008843
0.00113483
0.00141878
0.00170704
0.00199944
0.00230268
0.00261175
0.00292229
0.00323469
0.00354905
0.00386526
0.00418391
0.00450578
0.00483172
0.00516277
0.00549993
0.00584423
0.0061967
0.00655825
0.00692966
0.00731228
0.00770738
0.00811633
0.00853999
0.00897972
0.00943719
0.00991423
0.0104132
0.0109361
0.0114843
0.0120594
0.0126638
0.0133
0.0139705
0.0146768
0.0154201
0.0162004
0.0170142
0.0178613
0.0187208
0.0195898
0.0204699
0.0213534
0.0222075
0.0229052
)
;
    }
    top
    {
        type            empty;
    }
    bottom
    {
        type            empty;
    }
    procBoundary1to0
    {
        type            processor;
        value           uniform 0;
    }
}


// ************************************************************************* //
