/*--------------------------------*- C++ -*----------------------------------*\
  =========                 |
  \\      /  F ield         | OpenFOAM: The Open Source CFD Toolbox
   \\    /   O peration     | Website:  https://openfoam.org
    \\  /    A nd           | Version:  10
     \\/     M anipulation  |
\*---------------------------------------------------------------------------*/
FoamFile
{
    format      ascii;
    class       volScalarField;
    location    "80000";
    object      yPlus;
}
// * * * * * * * * * * * * * * * * * * * * * * * * * * * * * * * * * * * * * //

dimensions      [0 0 0 0 0 0 0];

internalField   uniform 0;

boundaryField
{
    right
    {
        type            cyclic;
    }
    left
    {
        type            cyclic;
    }
    outerWall
    {
        type            calculated;
        value           nonuniform List<scalar> 0();
    }
    stirrerWall
    {
        type            calculated;
        value           nonuniform List<scalar> 
398
(
0.632844
0.42022
0.265234
0.187423
0.151545
0.133815
0.123995
0.118521
0.115804
0.115104
0.116072
0.118516
0.122309
0.127346
0.133539
0.140887
0.14943
0.158912
0.169263
0.180341
0.192097
0.204428
0.217159
0.230135
0.243199
0.256117
0.2687
0.280749
0.291967
0.301997
0.310555
0.317825
0.323638
0.327793
0.330386
0.331595
0.331619
0.330441
0.328718
0.326808
0.323876
0.318183
0.309259
0.298829
0.288182
0.276559
0.26499
0.25352
0.242015
0.230803
0.219784
0.209146
0.198951
0.189181
0.179783
0.170687
0.161754
0.153081
0.144775
0.136869
0.129361
0.122222
0.115421
0.108909
0.102694
0.0966656
0.090757
0.0850707
0.0793911
0.0739672
0.0687127
0.0637998
0.059521
0.0560469
0.0532138
0.0504287
0.0465156
0.0398842
0.028982
0.00836395
0.00836395
0.0222976
0.00961527
0.0136966
0.0174883
0.0228784
0.0282715
0.0330068
0.0364865
0.0388776
0.040313
0.0409192
0.0408414
0.0402173
0.0391651
0.0377819
0.0361484
0.03429
0.0323935
0.0304631
0.0286271
0.0269575
0.0253964
0.0239347
0.0225711
0.0213123
0.0201961
0.0192726
0.0186059
0.0182878
0.0184481
0.0194103
0.0214505
0.0245671
0.0286251
0.0333356
0.0383686
0.0434486
0.0485249
0.0535684
0.0587354
0.0639652
0.0693478
0.0748167
0.0806689
0.0865823
0.092668
0.0994286
0.108339
0.120071
0.134295
0.152105
0.173284
0.197687
0.226403
0.260518
0.299626
0.343526
0.392157
0.44547
0.50349
0.566591
0.635617
0.711766
0.796351
0.890822
0.997503
1.12036
1.26459
1.43657
1.64202
1.88533
2.16813
2.48762
2.83557
3.19022
3.52751
3.83798
4.11634
4.36853
4.58674
4.7742
4.93513
5.07304
5.19216
5.29628
5.38897
5.47492
5.55848
5.64268
5.72897
5.81768
5.90945
6.00261
6.09114
6.16601
6.23075
6.28849
6.33586
6.37274
6.39088
6.4012
6.40491
6.40161
6.39086
6.37233
6.34589
6.31247
6.27009
6.21802
6.15602
6.08388
6.00131
5.90794
5.80339
5.68734
5.55944
5.42003
5.27753
5.12791
4.96935
4.80111
4.62327
4.43626
4.24076
4.03778
3.82883
3.61588
0.034256
0.0397335
0.0261575
0.030548
0.0620433
0.137722
0.243357
0.342345
0.41781
0.466056
0.490124
0.49349
0.479579
0.448571
0.404137
0.359654
0.325857
0.293
0.259083
0.225051
0.192642
0.163126
0.137028
0.114339
0.0947672
0.0783517
0.0654917
0.0557303
0.0491637
0.0533264
0.0952415
0.224029
0.406602
0.519147
0.564589
0.565697
0.53854
0.524108
0.544572
0.595482
0.661467
0.726292
0.782535
0.828275
0.875559
0.939592
1.07665
1.33117
2.00142
3.84443
6.67891
9.47533
10.9265
10.8007
11.5973
11.9045
11.4221
11.7423
12.3357
12.7354
12.6771
11.0221
11.8279
11.8899
11.7184
11.3864
11.8725
12.205
11.6788
11.9788
12.2805
12.5832
12.8873
13.1935
13.4999
13.7983
14.0843
14.3594
14.6243
14.8801
15.1278
15.3683
15.6024
15.8309
16.0547
16.2748
16.4925
16.7099
16.926
17.141
17.3552
17.5691
17.7829
17.9972
18.2121
18.428
18.6451
18.8639
19.0849
19.3087
19.535
19.764
19.9961
20.2316
20.4709
20.7142
20.962
21.2146
21.4726
21.7362
0.034256
0.102871
0.161143
0.225459
0.23067
0.217082
0.202774
0.192831
0.231142
0.28644
0.358663
0.448731
0.557424
0.684633
0.828262
0.985509
1.15395
1.33053
1.51211
1.69606
1.88045
2.06395
2.24591
2.42677
2.60888
2.79834
2.98283
3.15793
3.32571
3.4872
3.64152
3.7906
3.93605
4.07944
4.22662
4.38192
4.53399
4.69578
4.87223
5.01907
5.16442
5.3356
5.54082
5.79148
6.09432
6.48403
7.00487
7.72226
8.72121
9.75655
10.9185
11.7269
11.2267
10.2224
10.1294
10.2635
11.555
10.565
10.3909
11.7893
10.7586
11.9374
10.8115
12.0469
10.8717
12.1551
12.2433
12.1163
11.9067
11.6131
11.3962
11.4515
10.0744
9.63032
8.97917
7.74
3.38178
1.22784
0.876948
0.793217
)
;
    }
    top
    {
        type            empty;
    }
    bottom
    {
        type            empty;
    }
    procBoundary1to0
    {
        type            processor;
        value           uniform 0;
    }
}


// ************************************************************************* //
