/*--------------------------------*- C++ -*----------------------------------*\
  =========                 |
  \\      /  F ield         | OpenFOAM: The Open Source CFD Toolbox
   \\    /   O peration     | Website:  https://openfoam.org
    \\  /    A nd           | Version:  10
     \\/     M anipulation  |
\*---------------------------------------------------------------------------*/
FoamFile
{
    format      ascii;
    class       volScalarField;
    location    "47000";
    object      yPlus;
}
// * * * * * * * * * * * * * * * * * * * * * * * * * * * * * * * * * * * * * //

dimensions      [0 0 0 0 0 0 0];

internalField   uniform 0;

boundaryField
{
    right
    {
        type            cyclic;
    }
    left
    {
        type            cyclic;
    }
    outerWall
    {
        type            calculated;
        value           nonuniform List<scalar> 0();
    }
    stirrerWall
    {
        type            calculated;
        value           nonuniform List<scalar> 
398
(
0.2541
0.16771
0.124164
0.104466
0.0941663
0.0877071
0.0832694
0.0804298
0.0791043
0.0792185
0.0806751
0.0833509
0.0871347
0.0919784
0.0977222
0.104213
0.111459
0.119399
0.128003
0.137256
0.147109
0.157336
0.167901
0.178626
0.189382
0.200003
0.21032
0.22012
0.229208
0.237502
0.244842
0.250895
0.255622
0.259202
0.261718
0.26333
0.264226
0.264269
0.263066
0.261049
0.258604
0.254301
0.247946
0.241028
0.23309
0.224505
0.215539
0.206355
0.197378
0.18852
0.17974
0.171183
0.16291
0.154913
0.147165
0.139619
0.132155
0.124824
0.117774
0.11106
0.104693
0.0986501
0.0928859
0.0874088
0.0821293
0.0770012
0.0720911
0.0672327
0.0626135
0.0581564
0.0539683
0.0502647
0.0472369
0.0448911
0.0430213
0.0410526
0.038002
0.0326567
0.0238051
0.00689431
0.00689431
0.0183931
0.00783616
0.0110921
0.013881
0.0179507
0.0220606
0.0256675
0.0282944
0.0300536
0.0310558
0.0314058
0.0312206
0.0306122
0.0296762
0.0284929
0.0271077
0.0256106
0.0240505
0.0224875
0.0210644
0.0197542
0.0185257
0.0173567
0.0162543
0.0152355
0.0143291
0.0135723
0.0130095
0.0127048
0.0127543
0.0133961
0.0148419
0.0170736
0.0199998
0.0234329
0.0270667
0.0307107
0.0342196
0.0377046
0.0411531
0.0446212
0.0480602
0.0515829
0.0552463
0.059167
0.0635454
0.0686028
0.0749971
0.0836921
0.0941318
0.107307
0.12271
0.14027
0.160784
0.184559
0.211527
0.241772
0.275328
0.312223
0.352462
0.39615
0.443569
0.49523
0.551824
0.614108
0.6829
0.759182
0.844501
0.940746
1.05014
1.17588
1.32007
1.48476
1.67137
1.8723
2.07698
2.27947
2.47452
2.66434
2.84173
3.00384
3.14998
3.28076
3.39717
3.50147
3.59726
3.68792
3.77582
3.86224
3.94767
4.0318
4.1144
4.19529
4.26756
4.32582
4.37607
4.41803
4.44867
4.46527
4.47019
4.46718
4.4569
4.43938
4.41596
4.38554
4.34744
4.30191
4.24918
4.18929
4.1223
4.04813
3.96661
3.87732
3.77907
3.67425
3.569
3.45935
3.34414
3.22311
3.09673
2.96581
2.83142
2.69477
2.55729
2.42071
2.28703
2.1586
0.0271075
0.0383937
0.0245893
0.0213575
0.0317875
0.0575469
0.105075
0.163269
0.216235
0.256928
0.283779
0.297642
0.299326
0.289676
0.272047
0.246881
0.227923
0.210287
0.191914
0.172832
0.153725
0.135235
0.117913
0.102059
0.087814
0.075143
0.0640874
0.054818
0.0476199
0.042617
0.0409344
0.0530288
0.100952
0.186791
0.272655
0.330589
0.361182
0.369523
0.372637
0.387078
0.418968
0.463614
0.509476
0.550141
0.588674
0.624283
0.661449
0.705942
0.778401
0.916214
1.14617
1.84331
3.52114
6.03091
8.55513
10.1548
10.2801
10.4162
10.1301
10.4637
10.822
11.1031
11.5381
11.7085
12.2002
12.3818
10.9658
11.2644
12.3214
10.7178
11.0422
11.5939
13.2912
11.4068
11.4603
11.733
11.7037
11.9412
12.1701
12.3909
12.6047
12.8121
13.0142
13.2114
13.4046
13.5947
13.7828
13.9705
14.1572
14.3429
14.528
14.7128
14.8977
15.0829
15.2687
15.4554
15.6431
15.8321
16.0227
16.2151
16.4099
16.6076
16.8076
17.0105
17.2166
17.4262
17.6396
17.8572
18.0793
18.3059
0.0271075
0.078543
0.117812
0.160935
0.164009
0.160591
0.160253
0.154876
0.1721
0.202551
0.241782
0.289655
0.34659
0.412778
0.488125
0.572445
0.665037
0.765104
0.871686
0.983796
1.10024
1.21982
1.34162
1.4656
1.59244
1.72444
1.86772
2.01118
2.15008
2.28425
2.41387
2.53872
2.65982
2.77921
2.89771
3.01948
3.14218
3.27032
3.39739
3.5405
3.65042
3.72285
3.81401
3.90934
4.01214
4.12901
4.2668
4.42723
4.62416
4.87324
5.1968
5.62686
6.21031
6.95313
7.74497
8.64155
9.68688
10.9079
11.5114
10.7355
9.70039
10.4314
10.3468
11.5353
11.8684
11.8513
11.6848
10.5674
10.6839
11.4699
11.5168
10.8762
8.13861
4.29863
1.5197
0.747924
0.644114
0.615939
0.51548
0.37997
)
;
    }
    top
    {
        type            empty;
    }
    bottom
    {
        type            empty;
    }
    procBoundary1to0
    {
        type            processor;
        value           uniform 0;
    }
}


// ************************************************************************* //
