/*--------------------------------*- C++ -*----------------------------------*\
  =========                 |
  \\      /  F ield         | OpenFOAM: The Open Source CFD Toolbox
   \\    /   O peration     | Website:  https://openfoam.org
    \\  /    A nd           | Version:  10
     \\/     M anipulation  |
\*---------------------------------------------------------------------------*/
FoamFile
{
    format      ascii;
    class       volScalarField;
    location    "41000";
    object      yPlus;
}
// * * * * * * * * * * * * * * * * * * * * * * * * * * * * * * * * * * * * * //

dimensions      [0 0 0 0 0 0 0];

internalField   uniform 0;

boundaryField
{
    right
    {
        type            cyclic;
    }
    left
    {
        type            cyclic;
    }
    outerWall
    {
        type            calculated;
        value           nonuniform List<scalar> 0();
    }
    stirrerWall
    {
        type            calculated;
        value           nonuniform List<scalar> 
398
(
0.193508
0.131951
0.100774
0.0862915
0.0789613
0.0745977
0.0717264
0.0699547
0.0692614
0.0696698
0.0711999
0.0738173
0.0774395
0.0820398
0.0874378
0.0934996
0.100248
0.107611
0.11557
0.124113
0.133296
0.14284
0.152676
0.162674
0.172709
0.182619
0.192222
0.201334
0.209839
0.217677
0.224566
0.230366
0.234868
0.238235
0.240704
0.24242
0.2435
0.243789
0.242871
0.240845
0.238249
0.234077
0.228313
0.222222
0.215187
0.20741
0.1993
0.190798
0.182511
0.174359
0.166255
0.15833
0.150663
0.143231
0.135998
0.128932
0.121931
0.115056
0.108445
0.102151
0.0961887
0.0905342
0.0851319
0.0800309
0.0750469
0.0702909
0.0656561
0.0612008
0.0569131
0.0528131
0.0490399
0.0457968
0.0432025
0.0412343
0.0396859
0.0379882
0.0352185
0.0302849
0.0220892
0.00640119
0.00640119
0.0170792
0.00725915
0.0102378
0.0127058
0.0163487
0.0200516
0.02334
0.0257431
0.0273481
0.0282565
0.0285629
0.0283722
0.0277869
0.0268955
0.0257737
0.0244568
0.0230605
0.0215728
0.0201133
0.0187977
0.0175761
0.0164173
0.0153083
0.0142595
0.0132866
0.0124149
0.0116743
0.0111047
0.0107638
0.0107374
0.011239
0.0124842
0.0144967
0.0171692
0.0202866
0.0235898
0.0268695
0.0299761
0.0329619
0.0359222
0.0388832
0.0418041
0.0447299
0.0477738
0.0510881
0.0548001
0.0592571
0.0649133
0.0725865
0.0817812
0.0934353
0.10701
0.122451
0.140445
0.161125
0.184489
0.210675
0.239737
0.271724
0.306662
0.344635
0.385841
0.430643
0.479568
0.533243
0.592326
0.657541
0.729935
0.810707
0.901365
1.0041
1.12084
1.25399
1.40582
1.57131
1.74245
1.91472
2.08411
2.25015
2.40898
2.55558
2.68964
2.81035
2.91904
3.01691
3.10706
3.19256
3.27542
3.35705
3.43723
3.51576
3.59223
3.66667
3.73403
3.78869
3.83522
3.87441
3.90287
3.91826
3.92235
3.91835
3.90713
3.88947
3.86592
3.83513
3.79724
3.7527
3.70171
3.64442
3.58092
3.5112
3.43491
3.35095
3.26088
3.16513
3.07113
2.97215
2.86806
2.75938
2.64705
2.53207
2.41541
2.29817
2.18172
2.06768
1.95792
1.85457
0.0244892
0.036954
0.023972
0.0198845
0.0261642
0.0429708
0.075219
0.120556
0.163934
0.199199
0.224253
0.239138
0.243534
0.239229
0.228513
0.210744
0.19576
0.182182
0.168098
0.153385
0.138447
0.123683
0.109535
0.0962796
0.0840822
0.0730677
0.0632423
0.05477
0.0478153
0.0426581
0.0398615
0.0426558
0.0670963
0.118575
0.186021
0.244597
0.2865
0.31133
0.323121
0.338334
0.362983
0.397576
0.437261
0.475179
0.509803
0.541874
0.571303
0.607764
0.654218
0.729173
0.860854
1.07698
1.67793
3.12774
5.40832
7.94201
10.0378
11.1534
11.3783
11.2999
11.7396
11.5394
10.9657
10.0866
11.3336
11.7188
11.8428
12.2933
12.6584
12.9228
13.0742
12.8684
10.7264
11.0281
11.5327
13.1199
11.3864
11.6596
11.6457
11.5972
11.8013
11.9997
12.1927
12.381
12.5655
12.7471
12.9267
13.106
13.2844
13.4618
13.6386
13.8152
13.9919
14.1689
14.3465
14.5249
14.7043
14.885
15.0671
15.2509
15.4368
15.6252
15.8163
16.01
16.2068
16.4069
16.6107
16.8184
17.0301
17.2457
0.0244892
0.070163
0.103711
0.141277
0.143817
0.142002
0.144229
0.144498
0.158357
0.184343
0.217215
0.257023
0.304029
0.35817
0.419484
0.487979
0.563405
0.645197
0.732783
0.825446
0.922442
1.02286
1.1261
1.23209
1.34122
1.45528
1.57929
1.70744
1.83277
1.95516
2.07476
2.19048
2.30218
2.40981
2.51562
2.62852
2.73594
2.85154
2.96895
3.09311
3.20657
3.27375
3.33793
3.40814
3.48127
3.55776
3.64209
3.7405
3.85685
3.99477
4.16329
4.37389
4.64314
4.99129
5.44818
6.05166
6.70037
7.40232
8.18753
9.07715
10.0805
11.1883
11.1896
10.8905
10.5978
10.7506
10.9858
11.0443
10.652
10.2525
8.74807
5.88647
2.84836
1.06069
0.656067
0.608057
0.590709
0.512376
0.404982
0.292167
)
;
    }
    top
    {
        type            empty;
    }
    bottom
    {
        type            empty;
    }
    procBoundary1to0
    {
        type            processor;
        value           uniform 0;
    }
}


// ************************************************************************* //
