/*--------------------------------*- C++ -*----------------------------------*\
  =========                 |
  \\      /  F ield         | OpenFOAM: The Open Source CFD Toolbox
   \\    /   O peration     | Website:  https://openfoam.org
    \\  /    A nd           | Version:  10
     \\/     M anipulation  |
\*---------------------------------------------------------------------------*/
FoamFile
{
    format      ascii;
    class       volScalarField;
    location    "42000";
    object      yPlus;
}
// * * * * * * * * * * * * * * * * * * * * * * * * * * * * * * * * * * * * * //

dimensions      [0 0 0 0 0 0 0];

internalField   uniform 0;

boundaryField
{
    right
    {
        type            cyclic;
    }
    left
    {
        type            cyclic;
    }
    outerWall
    {
        type            calculated;
        value           nonuniform List<scalar> 0();
    }
    stirrerWall
    {
        type            calculated;
        value           nonuniform List<scalar> 
398
(
0.210427
0.14416
0.103945
0.0853777
0.0778007
0.0745239
0.0727854
0.0718601
0.0716315
0.072256
0.0738297
0.0764079
0.0799526
0.0844499
0.0898262
0.0958947
0.102637
0.110071
0.118165
0.126847
0.136186
0.145841
0.155804
0.165921
0.176077
0.186094
0.195801
0.204998
0.213575
0.221469
0.228393
0.234205
0.238686
0.242029
0.244467
0.246119
0.247122
0.247329
0.246296
0.244189
0.241566
0.23728
0.231406
0.225196
0.217965
0.210065
0.201843
0.193221
0.184851
0.176592
0.168406
0.160412
0.152656
0.145136
0.137835
0.130709
0.123642
0.116698
0.110022
0.103668
0.0976476
0.0919355
0.0864738
0.0813269
0.0762888
0.0714729
0.0667852
0.0622621
0.0579149
0.0537504
0.0499013
0.0465728
0.0438974
0.0418584
0.0402528
0.038509
0.0356913
0.0306859
0.0223777
0.00648376
0.00648376
0.0172995
0.00735767
0.0103855
0.0129129
0.0166345
0.0204167
0.0237629
0.0262055
0.0278362
0.0287588
0.0290706
0.0288792
0.0282893
0.0273907
0.0262601
0.0249295
0.0235224
0.0220249
0.0205411
0.019212
0.0179771
0.016808
0.0156909
0.0146356
0.013658
0.0127857
0.0120489
0.0114879
0.0111622
0.0111631
0.0117225
0.0130267
0.0150987
0.0178128
0.0209652
0.0242918
0.0275954
0.0307257
0.0337452
0.0367486
0.0397561
0.0427451
0.0457928
0.0489897
0.0524938
0.0563995
0.061025
0.066798
0.0746601
0.0840507
0.0959402
0.109867
0.125688
0.14411
0.16534
0.18936
0.216286
0.246175
0.279074
0.315005
0.354055
0.39643
0.442518
0.492875
0.548159
0.609051
0.676316
0.751089
0.834665
0.928674
1.03546
1.15704
1.29577
1.45376
1.62553
1.80264
1.98032
2.15411
2.32451
2.48641
2.63572
2.77177
2.89401
3.00404
3.10283
3.19398
3.28054
3.36453
3.44719
3.52848
3.6081
3.68564
3.7613
3.82914
3.88384
3.93073
3.9697
3.99792
4.01265
4.01621
4.01182
4.00023
3.98208
3.95808
3.92679
3.8883
3.84303
3.79121
3.73297
3.66832
3.59731
3.5196
3.43416
3.3423
3.24472
3.14866
3.04755
2.9412
2.83007
2.71509
2.59724
2.4775
2.357
2.23716
2.11962
2.00631
1.89939
0.0249677
0.037164
0.0240263
0.020043
0.0269464
0.0451612
0.0800111
0.127847
0.173234
0.209786
0.235423
0.250282
0.254257
0.248918
0.236885
0.217589
0.201798
0.187385
0.172411
0.156791
0.140984
0.125436
0.110624
0.0968235
0.0842296
0.0728991
0.0628477
0.0542424
0.047262
0.0422132
0.0397361
0.044819
0.073744
0.132751
0.205269
0.264377
0.303163
0.322003
0.328194
0.338803
0.362755
0.400298
0.445788
0.492347
0.533554
0.566418
0.593157
0.625391
0.671378
0.75296
0.896351
1.14542
1.87002
3.52129
5.9709
8.55222
10.5343
11.3608
11.3533
10.6449
11.7889
10.6395
11.1011
11.3849
11.4937
11.604
12.1172
12.5722
12.9345
13.1507
13.0627
11.7183
13.4445
13.8298
13.5068
13.3392
11.4532
12.0127
13.5012
11.7398
11.9442
12.144
12.3384
12.5282
12.7141
12.8971
13.0781
13.2588
13.4386
13.6173
13.7955
13.9735
14.1515
14.3298
14.5088
14.6886
14.8694
15.0514
15.235
15.4202
15.6075
15.7975
15.9901
16.1853
16.3837
16.5854
16.7908
17.0002
17.2138
17.4315
0.0249677
0.0716972
0.106278
0.144903
0.14763
0.145561
0.147302
0.146903
0.160548
0.187131
0.220981
0.262071
0.310689
0.366829
0.430501
0.501697
0.580106
0.665125
0.756115
0.852303
0.95293
1.05698
1.16376
1.2732
1.38572
1.50316
1.63057
1.76193
1.89014
2.01517
2.13711
2.25499
2.36876
2.47852
2.58642
2.70107
2.81158
2.93015
3.04904
3.17613
3.29014
3.35854
3.42666
3.49933
3.57781
3.66066
3.75333
3.86233
3.98964
4.14333
4.33422
4.57527
4.88625
5.29325
5.83489
6.49493
7.19235
7.96807
8.85088
9.85936
10.9949
10.7419
10.8637
11.1915
11.5472
11.6509
11.5244
11.2078
10.6956
10.662
9.85542
7.27474
3.8931
1.45301
0.726057
0.612474
0.602884
0.536081
0.423241
0.306402
)
;
    }
    top
    {
        type            empty;
    }
    bottom
    {
        type            empty;
    }
    procBoundary1to0
    {
        type            processor;
        value           uniform 0;
    }
}


// ************************************************************************* //
