# Residuals   
# Time        	k             	nut           	omega         	p             	Urelx         	Urely         
0             	N/A	N/A	N/A	N/A	N/A
1             	1.000000e+00	N/A	5.098443e-02	1.000000e+00	1.000000e+00	1.000000e+00
2             	4.616643e-01	N/A	9.176235e-02	1.605650e-01	5.844404e-01	7.536939e-01
3             	4.013157e-01	N/A	7.330440e-02	1.683610e-01	3.989155e-01	3.935279e-01
4             	3.285414e-01	N/A	4.252636e-02	1.483652e-01	3.153305e-01	3.590659e-01
5             	2.988557e-01	N/A	2.754199e-02	1.479188e-01	2.511806e-01	2.898774e-01
6             	2.523143e-01	N/A	2.095716e-02	1.470532e-01	2.185552e-01	2.398949e-01
7             	2.203350e-01	N/A	1.831110e-02	1.445776e-01	2.104283e-01	2.085041e-01
8             	2.201348e-01	N/A	1.547316e-02	1.463463e-01	1.720424e-01	1.837265e-01
9             	2.316110e-01	N/A	1.298432e-02	1.535982e-01	1.500346e-01	1.554205e-01
10            	2.387876e-01	N/A	1.213885e-02	1.323259e-01	1.304028e-01	1.416294e-01
11            	2.416540e-01	N/A	1.000865e-02	1.126862e-01	1.209291e-01	1.387603e-01
12            	2.399887e-01	N/A	9.075655e-03	1.027650e-01	1.174644e-01	1.238113e-01
13            	2.028902e-01	N/A	9.504210e-03	1.019034e-01	1.090278e-01	1.106398e-01
14            	1.835545e-01	N/A	9.550120e-03	1.017389e-01	1.030629e-01	1.007129e-01
15            	1.761690e-01	N/A	9.645211e-03	9.964267e-02	9.141903e-02	9.516167e-02
16            	1.886263e-01	N/A	7.712585e-03	1.015752e-01	7.745890e-02	9.453959e-02
17            	1.832249e-01	N/A	8.022933e-03	9.747718e-02	7.366592e-02	9.010427e-02
18            	1.789568e-01	N/A	7.523948e-03	9.736150e-02	7.181136e-02	7.975215e-02
19            	1.760813e-01	N/A	7.879621e-03	9.995967e-02	7.161491e-02	7.163609e-02
20            	1.725780e-01	N/A	7.969098e-03	9.843235e-02	6.768167e-02	6.421265e-02
21            	1.672095e-01	N/A	8.019660e-03	9.325436e-02	6.146610e-02	6.116534e-02
22            	1.638738e-01	N/A	7.426188e-03	8.947754e-02	5.626782e-02	5.882576e-02
23            	1.534025e-01	N/A	6.867720e-03	8.215047e-02	5.237531e-02	5.789102e-02
24            	1.785205e-01	N/A	7.004547e-03	8.175556e-02	4.899338e-02	5.545604e-02
25            	1.492544e-01	N/A	6.466449e-03	7.043476e-02	4.651729e-02	5.272153e-02
26            	1.652685e-01	N/A	5.402280e-03	6.849033e-02	4.629167e-02	4.701339e-02
27            	1.637112e-01	N/A	5.473246e-03	6.391630e-02	4.343908e-02	4.087142e-02
28            	1.576721e-01	N/A	5.140955e-03	5.950201e-02	4.011741e-02	3.810493e-02
29            	1.573729e-01	N/A	5.087001e-03	5.470155e-02	3.740962e-02	3.627526e-02
30            	1.556816e-01	N/A	5.614356e-03	5.231526e-02	3.340399e-02	3.288590e-02
31            	1.779959e-01	N/A	5.138878e-03	5.069270e-02	3.032334e-02	3.058850e-02
32            	1.493879e-01	N/A	5.214090e-03	4.343243e-02	2.765237e-02	2.740643e-02
33            	1.687565e-01	N/A	4.458001e-03	4.120894e-02	2.397103e-02	2.451394e-02
34            	1.697537e-01	N/A	4.653150e-03	3.939462e-02	2.116242e-02	2.253916e-02
35            	1.397626e-01	N/A	3.872650e-03	3.914318e-02	2.004822e-02	2.096702e-02
36            	1.829569e-01	N/A	3.562869e-03	4.100720e-02	1.847525e-02	2.077001e-02
37            	1.328861e-01	N/A	3.279856e-03	3.699573e-02	1.764812e-02	2.033638e-02
38            	1.656318e-01	N/A	2.601276e-03	3.388937e-02	1.637712e-02	1.975238e-02
39            	1.504534e-01	N/A	2.902514e-03	3.262881e-02	1.604630e-02	1.893271e-02
40            	1.458047e-01	N/A	2.555837e-03	3.155568e-02	1.513662e-02	1.725955e-02
41            	1.949711e-01	N/A	2.744576e-03	2.944756e-02	1.437932e-02	1.559984e-02
42            	1.253884e-01	N/A	3.033430e-03	2.642278e-02	1.296750e-02	1.429703e-02
43            	1.017402e-01	N/A	2.077881e-03	2.402841e-02	1.221887e-02	1.358500e-02
44            	2.024619e-01	N/A	2.480323e-03	2.170402e-02	1.132702e-02	1.303858e-02
45            	1.192958e-01	N/A	3.216640e-03	1.921773e-02	1.090405e-02	1.236289e-02
46            	1.101427e-01	N/A	1.813750e-03	1.704572e-02	1.032527e-02	1.114177e-02
47            	1.781080e-01	N/A	2.320889e-03	1.616593e-02	9.837197e-03	1.031123e-02
48            	1.376582e-01	N/A	3.096295e-03	1.750575e-02	9.421471e-03	1.028456e-02
49            	9.375050e-02	N/A	2.020659e-03	2.098390e-02	9.450141e-03	1.068652e-02
50            	1.151601e-01	N/A	1.933482e-03	2.243054e-02	9.418064e-03	1.154499e-02
51            	1.845453e-01	N/A	2.531386e-03	2.047463e-02	9.753621e-03	1.259942e-02
52            	1.220250e-01	N/A	3.190630e-03	2.061037e-02	9.640142e-03	1.287136e-02
53            	1.001927e-01	N/A	2.172026e-03	2.122023e-02	1.076000e-02	1.280500e-02
54            	1.650861e-01	N/A	2.340733e-03	2.208835e-02	1.125910e-02	1.289791e-02
55            	1.083259e-01	N/A	2.578590e-03	2.237445e-02	1.157866e-02	1.354124e-02
56            	1.007034e-01	N/A	1.933281e-03	2.189580e-02	1.074689e-02	1.405539e-02
57            	1.653294e-01	N/A	2.344336e-03	1.980963e-02	1.089348e-02	1.367071e-02
58            	1.112635e-01	N/A	2.884895e-03	1.774024e-02	1.083021e-02	1.276662e-02
59            	1.037955e-01	N/A	2.239635e-03	1.923229e-02	1.050429e-02	1.331938e-02
60            	1.526081e-01	N/A	2.437169e-03	2.124483e-02	1.082623e-02	1.444797e-02
61            	1.127768e-01	N/A	2.800953e-03	2.256371e-02	1.099899e-02	1.486258e-02
62            	1.216331e-01	N/A	2.175042e-03	2.205529e-02	1.119987e-02	1.420937e-02
63            	1.446431e-01	N/A	2.364435e-03	1.941545e-02	1.142257e-02	1.393267e-02
64            	1.219169e-01	N/A	2.577731e-03	2.002308e-02	1.036434e-02	1.385544e-02
65            	1.197404e-01	N/A	2.349645e-03	2.095026e-02	1.009061e-02	1.411860e-02
66            	1.278790e-01	N/A	2.368642e-03	2.173762e-02	1.040404e-02	1.482451e-02
67            	1.219503e-01	N/A	2.302625e-03	2.136237e-02	1.100391e-02	1.447128e-02
68            	9.134714e-02	N/A	2.034486e-03	1.957858e-02	1.076236e-02	1.463042e-02
69            	1.341647e-01	N/A	2.189125e-03	1.738074e-02	1.033424e-02	1.400715e-02
70            	1.459740e-01	N/A	3.182612e-03	1.552017e-02	1.070984e-02	1.283224e-02
71            	8.544804e-02	N/A	2.862143e-03	1.651048e-02	1.026249e-02	1.345419e-02
72            	9.456502e-02	N/A	2.043191e-03	1.997796e-02	1.042635e-02	1.436753e-02
73            	1.391974e-01	N/A	2.574692e-03	2.243296e-02	1.140123e-02	1.545895e-02
74            	1.086469e-01	N/A	2.876494e-03	2.128146e-02	1.154586e-02	1.614337e-02
75            	1.136538e-01	N/A	2.607153e-03	2.151089e-02	1.048630e-02	1.578283e-02
76            	7.773296e-02	N/A	2.330328e-03	2.131002e-02	1.055979e-02	1.490342e-02
77            	1.451110e-01	N/A	2.341319e-03	2.118933e-02	1.063011e-02	1.477144e-02
78            	1.494113e-01	N/A	2.959635e-03	2.086516e-02	1.140478e-02	1.475953e-02
79            	7.174588e-02	N/A	2.453473e-03	1.949126e-02	1.096493e-02	1.519413e-02
80            	5.691888e-02	N/A	1.816172e-03	1.784314e-02	1.048354e-02	1.453531e-02
81            	1.106458e-01	N/A	2.158638e-03	1.596687e-02	1.073704e-02	1.297785e-02
82            	1.523003e-01	N/A	2.819329e-03	1.661355e-02	1.112477e-02	1.315386e-02
83            	1.096188e-01	N/A	2.657446e-03	1.921634e-02	1.047016e-02	1.437171e-02
84            	7.342187e-02	N/A	2.284321e-03	2.176068e-02	1.096428e-02	1.560978e-02
85            	7.261669e-02	N/A	1.985658e-03	2.075158e-02	1.118237e-02	1.571645e-02
86            	1.519422e-01	N/A	2.329121e-03	2.102827e-02	1.081055e-02	1.551611e-02
87            	1.143733e-01	N/A	3.099380e-03	2.114774e-02	1.104114e-02	1.529788e-02
88            	8.513758e-02	N/A	2.225781e-03	2.079287e-02	1.072196e-02	1.486377e-02
89            	7.199357e-02	N/A	1.819012e-03	2.071730e-02	1.099133e-02	1.437372e-02
90            	1.285393e-01	N/A	2.049508e-03	1.952485e-02	1.085165e-02	1.503093e-02
91            	1.118793e-01	N/A	2.650495e-03	1.757553e-02	1.080786e-02	1.475265e-02
92            	1.030385e-01	N/A	2.221129e-03	1.529986e-02	1.070987e-02	1.322700e-02
93            	7.791310e-02	N/A	2.236913e-03	1.560217e-02	1.091074e-02	1.248281e-02
94            	1.049766e-01	N/A	2.039804e-03	1.840157e-02	1.014027e-02	1.390069e-02
95            	1.147248e-01	N/A	2.792090e-03	2.111981e-02	1.099381e-02	1.566693e-02
96            	7.651332e-02	N/A	2.549315e-03	2.070905e-02	1.168884e-02	1.644800e-02
97            	1.227401e-01	N/A	2.262918e-03	2.011411e-02	1.137119e-02	1.640729e-02
98            	5.748463e-02	N/A	2.593569e-03	2.090313e-02	1.154690e-02	1.497688e-02
99            	7.026896e-02	N/A	2.143094e-03	2.068091e-02	1.093573e-02	1.512050e-02
100           	1.269152e-01	N/A	2.114709e-03	2.052286e-02	1.164484e-02	1.514472e-02
101           	7.558134e-02	N/A	2.270535e-03	1.929110e-02	1.216236e-02	1.561277e-02
102           	1.175655e-01	N/A	2.238026e-03	1.782974e-02	1.103953e-02	1.545334e-02
103           	6.889996e-02	N/A	2.458741e-03	1.541524e-02	1.154741e-02	1.416832e-02
104           	7.103723e-02	N/A	2.049177e-03	1.529342e-02	1.118997e-02	1.397651e-02
105           	1.067424e-01	N/A	1.972205e-03	1.786836e-02	1.124053e-02	1.439050e-02
106           	6.933513e-02	N/A	2.640795e-03	2.075675e-02	1.245751e-02	1.680679e-02
107           	1.310716e-01	N/A	2.417327e-03	2.112808e-02	1.248999e-02	1.783728e-02
108           	9.313812e-02	N/A	2.604203e-03	2.019543e-02	1.312584e-02	1.819329e-02
109           	5.948007e-02	N/A	2.193983e-03	2.105503e-02	1.217686e-02	1.673530e-02
110           	1.047831e-01	N/A	2.176193e-03	2.038126e-02	1.202076e-02	1.571905e-02
111           	8.476539e-02	N/A	2.254431e-03	2.026670e-02	1.285145e-02	1.663976e-02
112           	1.302333e-01	N/A	2.142958e-03	1.915751e-02	1.186106e-02	1.617192e-02
113           	6.707667e-02	N/A	2.548551e-03	1.756448e-02	1.186288e-02	1.656560e-02
114           	8.385853e-02	N/A	2.051091e-03	1.509858e-02	1.123657e-02	1.497893e-02
115           	5.980209e-02	N/A	2.118220e-03	1.470703e-02	1.170718e-02	1.320687e-02
116           	5.316943e-02	N/A	1.773146e-03	1.681913e-02	1.070591e-02	1.421049e-02
117           	7.547239e-02	N/A	1.839019e-03	1.979486e-02	1.124167e-02	1.599101e-02
118           	1.427360e-01	N/A	2.318514e-03	2.082337e-02	1.283200e-02	1.734008e-02
119           	7.596216e-02	N/A	2.841259e-03	1.948128e-02	1.237140e-02	1.792094e-02
120           	6.871942e-02	N/A	2.316805e-03	2.007602e-02	1.208293e-02	1.647035e-02
121           	6.350399e-02	N/A	2.003741e-03	1.961665e-02	1.154606e-02	1.579487e-02
122           	4.101705e-02	N/A	1.621348e-03	1.938853e-02	1.186150e-02	1.576986e-02
123           	8.577034e-02	N/A	1.719942e-03	1.869133e-02	1.196091e-02	1.553523e-02
124           	1.439715e-01	N/A	2.466481e-03	1.732388e-02	1.159933e-02	1.627871e-02
125           	7.877476e-02	N/A	2.649607e-03	1.503607e-02	1.219178e-02	1.482061e-02
126           	4.425098e-02	N/A	2.170105e-03	1.419368e-02	1.105192e-02	1.371398e-02
127           	5.881627e-02	N/A	1.635584e-03	1.635345e-02	1.090445e-02	1.388301e-02
128           	9.254024e-02	N/A	1.942366e-03	1.900397e-02	1.146814e-02	1.589290e-02
129           	9.828794e-02	N/A	2.324041e-03	2.045184e-02	1.295365e-02	1.775009e-02
130           	8.806833e-02	N/A	2.428033e-03	1.886154e-02	1.262340e-02	1.794282e-02
131           	5.814174e-02	N/A	2.327012e-03	1.973535e-02	1.172614e-02	1.710284e-02
132           	1.152310e-01	N/A	2.370272e-03	1.949175e-02	1.184487e-02	1.625669e-02
133           	6.258897e-02	N/A	2.451315e-03	1.956217e-02	1.249026e-02	1.637449e-02
134           	6.791716e-02	N/A	1.817710e-03	1.863921e-02	1.228423e-02	1.673907e-02
135           	8.594589e-02	N/A	1.937032e-03	1.736964e-02	1.241494e-02	1.668978e-02
136           	5.961905e-02	N/A	2.189337e-03	1.531973e-02	1.225082e-02	1.557996e-02
137           	5.062494e-02	N/A	1.928630e-03	1.413530e-02	1.160105e-02	1.412398e-02
138           	1.234918e-01	N/A	1.926306e-03	1.577995e-02	1.190336e-02	1.456175e-02
139           	8.909143e-02	N/A	2.484817e-03	1.894564e-02	1.197679e-02	1.676459e-02
140           	5.524781e-02	N/A	2.121374e-03	2.034598e-02	1.287949e-02	1.837584e-02
141           	4.142173e-02	N/A	1.856746e-03	1.872778e-02	1.295157e-02	1.855625e-02
142           	9.668808e-02	N/A	2.167038e-03	1.956569e-02	1.190695e-02	1.769215e-02
143           	7.037343e-02	N/A	2.616837e-03	1.955429e-02	1.325630e-02	1.687315e-02
144           	1.054888e-01	N/A	2.296321e-03	1.950287e-02	1.243135e-02	1.705928e-02
145           	6.002254e-02	N/A	2.130473e-03	1.872164e-02	1.321155e-02	1.691046e-02
146           	3.977914e-02	N/A	1.757221e-03	1.740172e-02	1.315296e-02	1.673661e-02
147           	7.350624e-02	N/A	1.829446e-03	1.541156e-02	1.149516e-02	1.650714e-02
148           	8.093342e-02	N/A	2.130396e-03	1.407852e-02	1.276498e-02	1.528882e-02
149           	5.377770e-02	N/A	2.062143e-03	1.533513e-02	1.173118e-02	1.517237e-02
150           	7.906365e-02	N/A	1.824470e-03	1.796438e-02	1.173047e-02	1.660250e-02
151           	7.253604e-02	N/A	2.274771e-03	2.066503e-02	1.397349e-02	1.877772e-02
152           	8.361915e-02	N/A	2.105592e-03	1.886237e-02	1.343740e-02	1.939191e-02
153           	8.081925e-02	N/A	2.332840e-03	1.915183e-02	1.278679e-02	1.853218e-02
154           	5.845299e-02	N/A	2.181832e-03	1.926473e-02	1.271123e-02	1.705558e-02
155           	4.991293e-02	N/A	1.846619e-03	1.906867e-02	1.248709e-02	1.662886e-02
156           	9.625694e-02	N/A	1.750631e-03	1.863144e-02	1.275497e-02	1.633827e-02
157           	8.564181e-02	N/A	2.073349e-03	1.731806e-02	1.270639e-02	1.746413e-02
158           	6.507537e-02	N/A	2.023178e-03	1.558064e-02	1.175745e-02	1.636317e-02
159           	4.421653e-02	N/A	1.839788e-03	1.384298e-02	1.199892e-02	1.476614e-02
160           	7.478467e-02	N/A	1.864966e-03	1.439211e-02	1.161012e-02	1.414636e-02
161           	7.661664e-02	N/A	2.088936e-03	1.734560e-02	1.185780e-02	1.617897e-02
162           	1.022011e-01	N/A	2.469100e-03	2.007406e-02	1.328521e-02	1.857133e-02
163           	5.722138e-02	N/A	2.210590e-03	1.900434e-02	1.423222e-02	1.965790e-02
164           	3.641249e-02	N/A	2.008786e-03	1.913405e-02	1.326289e-02	1.878921e-02
165           	4.008786e-02	N/A	1.900925e-03	1.922619e-02	1.298979e-02	1.706912e-02
166           	1.346069e-01	N/A	2.150551e-03	1.956526e-02	1.336716e-02	1.728776e-02
167           	6.887528e-02	N/A	2.794224e-03	1.949434e-02	1.483047e-02	1.815303e-02
168           	6.998249e-02	N/A	1.972639e-03	1.792585e-02	1.363565e-02	1.829538e-02
169           	5.654271e-02	N/A	1.786513e-03	1.627978e-02	1.274326e-02	1.817319e-02
170           	6.788663e-02	N/A	1.908260e-03	1.430036e-02	1.280866e-02	1.600162e-02
171           	4.301932e-02	N/A	1.965125e-03	1.414808e-02	1.263137e-02	1.471464e-02
172           	3.517567e-02	N/A	1.589039e-03	1.653076e-02	1.202511e-02	1.591247e-02
173           	8.715657e-02	N/A	2.043578e-03	1.953336e-02	1.316255e-02	1.822153e-02
174           	8.956293e-02	N/A	2.640499e-03	2.002116e-02	1.454817e-02	2.053534e-02
175           	7.552479e-02	N/A	2.345451e-03	1.886566e-02	1.428811e-02	1.993581e-02
176           	4.516984e-02	N/A	2.067937e-03	1.972597e-02	1.333737e-02	1.839942e-02
177           	3.133962e-02	N/A	1.861686e-03	1.927731e-02	1.305317e-02	1.777352e-02
178           	7.744531e-02	N/A	1.734899e-03	1.906740e-02	1.336602e-02	1.715537e-02
179           	4.147860e-02	N/A	1.972575e-03	1.796538e-02	1.391447e-02	1.753258e-02
180           	9.662696e-02	N/A	2.053480e-03	1.645057e-02	1.254655e-02	1.776401e-02
181           	8.758579e-02	N/A	2.456519e-03	1.436885e-02	1.303044e-02	1.632977e-02
182           	4.989991e-02	N/A	2.287006e-03	1.369448e-02	1.290810e-02	1.479766e-02
183           	4.652356e-02	N/A	1.689589e-03	1.578493e-02	1.177146e-02	1.597832e-02
184           	1.310995e-01	N/A	1.932945e-03	1.840771e-02	1.264558e-02	1.840313e-02
185           	5.817738e-02	N/A	2.716404e-03	2.025238e-02	1.564918e-02	2.010791e-02
186           	5.753242e-02	N/A	2.095661e-03	1.844017e-02	1.425476e-02	2.106427e-02
187           	4.993488e-02	N/A	2.038281e-03	1.936284e-02	1.450451e-02	1.953620e-02
188           	3.265121e-02	N/A	1.901473e-03	1.926697e-02	1.391185e-02	1.884213e-02
189           	2.908882e-02	N/A	1.645984e-03	1.895717e-02	1.354907e-02	1.934826e-02
190           	1.085763e-01	N/A	1.797106e-03	1.866595e-02	1.465846e-02	1.851027e-02
191           	7.956437e-02	N/A	2.563846e-03	1.726343e-02	1.502355e-02	1.952920e-02
192           	5.876633e-02	N/A	2.057957e-03	1.486422e-02	1.349060e-02	1.818300e-02
193           	6.699274e-02	N/A	1.889069e-03	1.375081e-02	1.360001e-02	1.497008e-02
194           	3.986343e-02	N/A	1.690564e-03	1.519984e-02	1.322378e-02	1.616980e-02
195           	4.586902e-02	N/A	1.579102e-03	1.773978e-02	1.264898e-02	1.923089e-02
196           	6.685471e-02	N/A	1.896761e-03	2.012961e-02	1.528913e-02	2.012663e-02
197           	8.589206e-02	N/A	2.095778e-03	1.851304e-02	1.492836e-02	2.082980e-02
198           	6.392723e-02	N/A	2.384165e-03	1.887015e-02	1.426617e-02	2.088915e-02
199           	3.372872e-02	N/A	2.005731e-03	1.912501e-02	1.436103e-02	1.890672e-02
200           	5.833267e-02	N/A	1.756502e-03	1.904848e-02	1.342867e-02	1.862888e-02
201           	6.153735e-02	N/A	1.682926e-03	1.850985e-02	1.483264e-02	1.864787e-02
202           	4.149177e-02	N/A	1.678619e-03	1.739955e-02	1.395124e-02	1.883552e-02
203           	8.628799e-02	N/A	1.783117e-03	1.556161e-02	1.316985e-02	1.789020e-02
204           	5.141118e-02	N/A	2.247719e-03	1.410100e-02	1.395889e-02	1.613351e-02
205           	6.529706e-02	N/A	2.054594e-03	1.442577e-02	1.296107e-02	1.554743e-02
206           	4.986506e-02	N/A	1.722235e-03	1.701338e-02	1.286510e-02	1.813652e-02
207           	6.558033e-02	N/A	2.075105e-03	1.963277e-02	1.455476e-02	2.009560e-02
208           	3.376327e-02	N/A	2.032714e-03	1.912357e-02	1.539974e-02	2.070148e-02
209           	2.778500e-02	N/A	1.827791e-03	1.870627e-02	1.415966e-02	2.039166e-02
210           	9.754832e-02	N/A	2.061978e-03	1.932356e-02	1.390447e-02	1.851344e-02
211           	8.061338e-02	N/A	2.660275e-03	1.914807e-02	1.464254e-02	1.924272e-02
212           	5.295440e-02	N/A	2.124296e-03	1.911731e-02	1.436743e-02	1.927441e-02
213           	8.039112e-02	N/A	1.754780e-03	1.764511e-02	1.418136e-02	1.939496e-02
214           	9.520869e-02	N/A	2.147990e-03	1.638615e-02	1.414184e-02	1.891240e-02
215           	4.408094e-02	N/A	2.060927e-03	1.453754e-02	1.389624e-02	1.730850e-02
216           	3.192803e-02	N/A	1.907055e-03	1.380097e-02	1.343270e-02	1.574936e-02
217           	2.855742e-02	N/A	1.432643e-03	1.584884e-02	1.263679e-02	1.641227e-02
218           	7.340290e-02	N/A	1.686388e-03	1.852054e-02	1.332868e-02	1.896570e-02
219           	6.485799e-02	N/A	2.218107e-03	1.984435e-02	1.541076e-02	2.096768e-02
220           	8.783441e-02	N/A	2.192876e-03	1.838117e-02	1.494514e-02	2.079135e-02
221           	7.406831e-02	N/A	2.403857e-03	1.923189e-02	1.428890e-02	2.007442e-02
222           	4.027467e-02	N/A	2.040831e-03	1.877641e-02	1.383921e-02	1.919557e-02
223           	3.506272e-02	N/A	1.643380e-03	1.877167e-02	1.388537e-02	1.857366e-02
224           	2.910216e-02	N/A	1.363663e-03	1.811453e-02	1.433592e-02	1.866807e-02
225           	5.328231e-02	N/A	1.523121e-03	1.702200e-02	1.379242e-02	1.931170e-02
226           	1.332403e-01	N/A	2.128600e-03	1.515238e-02	1.321546e-02	1.800919e-02
227           	7.310109e-02	N/A	2.850976e-03	1.363891e-02	1.482472e-02	1.703062e-02
228           	4.340768e-02	N/A	2.107172e-03	1.479620e-02	1.373762e-02	1.705103e-02
229           	3.903632e-02	N/A	1.534595e-03	1.729107e-02	1.376240e-02	1.861215e-02
230           	3.044847e-02	N/A	1.769635e-03	1.978872e-02	1.499798e-02	2.086879e-02
231           	2.704732e-02	N/A	1.666902e-03	1.884465e-02	1.560761e-02	2.116321e-02
232           	1.053677e-01	N/A	1.911184e-03	1.936727e-02	1.514501e-02	1.997332e-02
233           	7.364601e-02	N/A	2.714916e-03	1.937285e-02	1.605245e-02	2.040912e-02
234           	7.780665e-02	N/A	2.187754e-03	1.913642e-02	1.485488e-02	2.062209e-02
235           	4.161069e-02	N/A	1.796687e-03	1.923012e-02	1.597658e-02	1.989864e-02
236           	2.935593e-02	N/A	1.578084e-03	1.807149e-02	1.566132e-02	2.049022e-02
237           	5.653717e-02	N/A	1.644894e-03	1.628221e-02	1.419473e-02	2.065255e-02
238           	3.647982e-02	N/A	1.808452e-03	1.443310e-02	1.516404e-02	1.786398e-02
239           	6.753813e-02	N/A	1.916376e-03	1.400091e-02	1.403958e-02	1.660810e-02
240           	4.843970e-02	N/A	1.846676e-03	1.630982e-02	1.415589e-02	1.846180e-02
241           	4.840928e-02	N/A	1.721604e-03	1.901415e-02	1.499972e-02	2.023233e-02
242           	3.872412e-02	N/A	1.672078e-03	1.948149e-02	1.564930e-02	2.176859e-02
243           	5.068611e-02	N/A	1.666283e-03	1.842155e-02	1.589563e-02	2.091718e-02
244           	4.685727e-02	N/A	1.978252e-03	1.939324e-02	1.470671e-02	1.980085e-02
245           	4.262579e-02	N/A	1.874598e-03	1.874816e-02	1.443811e-02	1.952524e-02
246           	8.213866e-02	N/A	1.836611e-03	1.882007e-02	1.487573e-02	1.936665e-02
247           	4.939086e-02	N/A	1.885319e-03	1.815663e-02	1.554116e-02	1.963077e-02
248           	4.662443e-02	N/A	1.740096e-03	1.705105e-02	1.421550e-02	2.005958e-02
249           	3.230432e-02	N/A	1.541213e-03	1.502861e-02	1.391757e-02	1.850409e-02
250           	6.731099e-02	N/A	1.866086e-03	1.358817e-02	1.344496e-02	1.578029e-02
251           	8.401011e-02	N/A	2.102864e-03	1.480615e-02	1.397769e-02	1.690589e-02
252           	6.972318e-02	N/A	1.918718e-03	1.745275e-02	1.362678e-02	1.961090e-02
253           	4.075062e-02	N/A	2.077831e-03	1.965995e-02	1.514336e-02	2.052389e-02
254           	2.619720e-02	N/A	1.760582e-03	1.836573e-02	1.528630e-02	2.065310e-02
255           	2.311364e-02	N/A	1.579172e-03	1.871686e-02	1.457930e-02	1.988598e-02
256           	9.917311e-02	N/A	1.979863e-03	1.900970e-02	1.422514e-02	1.895489e-02
257           	7.263309e-02	N/A	2.484715e-03	1.896549e-02	1.526146e-02	2.022608e-02
258           	6.212367e-02	N/A	1.829455e-03	1.856811e-02	1.505233e-02	1.953047e-02
259           	3.147336e-02	N/A	1.531843e-03	1.773330e-02	1.503928e-02	2.010240e-02
260           	2.923142e-02	N/A	1.580426e-03	1.653099e-02	1.399933e-02	1.987102e-02
261           	3.993113e-02	N/A	1.560992e-03	1.447666e-02	1.352800e-02	1.727233e-02
262           	5.961594e-02	N/A	1.882768e-03	1.377797e-02	1.352291e-02	1.600589e-02
263           	4.641340e-02	N/A	1.712192e-03	1.606150e-02	1.389378e-02	1.764541e-02
264           	1.088415e-01	N/A	1.932468e-03	1.850539e-02	1.443865e-02	2.029352e-02
265           	4.732891e-02	N/A	2.490630e-03	1.980953e-02	1.745582e-02	2.221401e-02
266           	3.938348e-02	N/A	1.953241e-03	1.837632e-02	1.638082e-02	2.170329e-02
267           	3.511982e-02	N/A	1.833608e-03	1.927362e-02	1.587146e-02	2.170993e-02
268           	7.279325e-02	N/A	1.849186e-03	1.910450e-02	1.597849e-02	2.053871e-02
269           	5.396735e-02	N/A	1.936248e-03	1.913552e-02	1.586304e-02	2.059604e-02
270           	8.300205e-02	N/A	1.699215e-03	1.846821e-02	1.597070e-02	2.026774e-02
271           	3.396756e-02	N/A	1.929900e-03	1.783890e-02	1.568039e-02	2.114944e-02
272           	3.824867e-02	N/A	1.737434e-03	1.608796e-02	1.426962e-02	1.939513e-02
273           	3.149669e-02	N/A	1.607682e-03	1.413428e-02	1.417550e-02	1.710155e-02
274           	4.336917e-02	N/A	1.510027e-03	1.446335e-02	1.366928e-02	1.724911e-02
275           	3.315506e-02	N/A	1.486824e-03	1.697289e-02	1.434553e-02	1.891528e-02
276           	2.777532e-02	N/A	1.541203e-03	1.952895e-02	1.508880e-02	2.044555e-02
277           	3.219374e-02	N/A	1.571237e-03	1.912372e-02	1.619098e-02	2.122275e-02
278           	1.041403e-01	N/A	1.895804e-03	1.858643e-02	1.555042e-02	2.122942e-02
279           	6.662736e-02	N/A	2.756247e-03	1.946392e-02	1.621368e-02	2.096495e-02
280           	6.186497e-02	N/A	2.198824e-03	1.906735e-02	1.552744e-02	2.084559e-02
281           	6.196312e-02	N/A	1.734536e-03	1.934590e-02	1.584092e-02	2.174306e-02
282           	3.899297e-02	N/A	1.514906e-03	1.856815e-02	1.677406e-02	2.086504e-02
283           	4.238982e-02	N/A	1.500717e-03	1.724881e-02	1.568753e-02	2.016685e-02
284           	4.797387e-02	N/A	1.513031e-03	1.514409e-02	1.482352e-02	1.875370e-02
285           	5.243501e-02	N/A	1.792373e-03	1.368395e-02	1.436777e-02	1.707803e-02
286           	6.535723e-02	N/A	1.803662e-03	1.515554e-02	1.455716e-02	1.778772e-02
287           	5.637558e-02	N/A	1.950831e-03	1.770927e-02	1.442289e-02	2.045443e-02
288           	4.527292e-02	N/A	2.018674e-03	1.996300e-02	1.612096e-02	2.099867e-02
289           	3.962132e-02	N/A	1.806440e-03	1.864360e-02	1.664784e-02	2.196277e-02
290           	3.695236e-02	N/A	1.665397e-03	1.902027e-02	1.553329e-02	2.156341e-02
291           	1.052961e-01	N/A	1.963951e-03	1.917476e-02	1.515142e-02	2.025474e-02
292           	3.319197e-02	N/A	2.317243e-03	1.908686e-02	1.616618e-02	2.067815e-02
293           	2.868550e-02	N/A	1.589787e-03	1.870003e-02	1.589201e-02	2.101847e-02
294           	2.490265e-02	N/A	1.216749e-03	1.844072e-02	1.683040e-02	2.046484e-02
295           	2.797349e-02	N/A	1.359889e-03	1.710091e-02	1.483243e-02	2.124990e-02
296           	2.940167e-02	N/A	1.426695e-03	1.487457e-02	1.480284e-02	1.941059e-02
297           	3.027112e-02	N/A	1.485967e-03	1.410713e-02	1.497358e-02	1.720673e-02
298           	5.524186e-02	N/A	1.472798e-03	1.579143e-02	1.460222e-02	1.902025e-02
299           	4.725272e-02	N/A	1.732096e-03	1.853506e-02	1.560530e-02	2.153462e-02
300           	6.215211e-02	N/A	1.904729e-03	2.001284e-02	1.661458e-02	2.181993e-02
301           	7.636612e-02	N/A	2.109837e-03	1.858278e-02	1.684566e-02	2.175516e-02
302           	4.437292e-02	N/A	2.127593e-03	1.936922e-02	1.618243e-02	2.160292e-02
303           	8.501104e-02	N/A	2.068203e-03	1.907454e-02	1.578237e-02	2.116961e-02
304           	5.770911e-02	N/A	2.150076e-03	1.885498e-02	1.631315e-02	2.168489e-02
305           	5.497202e-02	N/A	1.790220e-03	1.851766e-02	1.661380e-02	2.045036e-02
306           	3.980507e-02	N/A	1.513605e-03	1.783939e-02	1.609855e-02	2.099021e-02
307           	2.420188e-02	N/A	1.488661e-03	1.645015e-02	1.499851e-02	2.036060e-02
308           	2.218315e-02	N/A	1.482537e-03	1.430232e-02	1.479593e-02	1.746923e-02
309           	3.107447e-02	N/A	1.550480e-03	1.424500e-02	1.439765e-02	1.723322e-02
310           	6.055835e-02	N/A	1.526551e-03	1.649208e-02	1.426673e-02	1.891724e-02
311           	6.502882e-02	N/A	1.817393e-03	1.910052e-02	1.551063e-02	2.129536e-02
312           	4.894424e-02	N/A	1.876864e-03	1.955057e-02	1.653046e-02	2.190673e-02
313           	3.553153e-02	N/A	1.594914e-03	1.840082e-02	1.632336e-02	2.123208e-02
314           	2.533368e-02	N/A	1.672384e-03	1.939683e-02	1.560250e-02	2.106031e-02
315           	7.969157e-02	N/A	1.782690e-03	1.898436e-02	1.529152e-02	2.055266e-02
316           	6.425077e-02	N/A	2.147361e-03	1.938627e-02	1.569858e-02	2.169320e-02
317           	5.079629e-02	N/A	1.711173e-03	1.891688e-02	1.648488e-02	2.051842e-02
318           	2.558212e-02	N/A	1.452343e-03	1.770799e-02	1.550861e-02	2.119455e-02
319           	2.443043e-02	N/A	1.483778e-03	1.595929e-02	1.458774e-02	1.968117e-02
320           	3.551398e-02	N/A	1.547606e-03	1.387910e-02	1.410102e-02	1.714718e-02
321           	5.636389e-02	N/A	1.571918e-03	1.443959e-02	1.420837e-02	1.720968e-02
322           	4.298677e-02	N/A	1.667487e-03	1.703951e-02	1.485750e-02	1.940271e-02
323           	8.648058e-02	N/A	1.902773e-03	1.931402e-02	1.560251e-02	2.137610e-02
324           	6.020184e-02	N/A	2.200994e-03	1.937965e-02	1.776407e-02	2.205735e-02
325           	3.940354e-02	N/A	1.850292e-03	1.866493e-02	1.735441e-02	2.214661e-02
326           	3.004333e-02	N/A	1.783720e-03	1.936277e-02	1.640213e-02	2.196549e-02
327           	3.810901e-02	N/A	1.552131e-03	1.902976e-02	1.619598e-02	2.091126e-02
328           	1.025704e-01	N/A	1.798293e-03	1.918470e-02	1.605009e-02	2.096614e-02
329           	5.113287e-02	N/A	2.054357e-03	1.942911e-02	1.840982e-02	2.249756e-02
330           	6.326717e-02	N/A	1.772028e-03	1.825192e-02	1.630724e-02	2.253945e-02
331           	4.079331e-02	N/A	1.804292e-03	1.607608e-02	1.622443e-02	2.079717e-02
332           	2.684043e-02	N/A	1.678519e-03	1.410523e-02	1.538594e-02	1.852638e-02
333           	2.158031e-02	N/A	1.317351e-03	1.495175e-02	1.505363e-02	1.921422e-02
334           	5.968383e-02	N/A	1.443142e-03	1.763454e-02	1.508725e-02	2.026533e-02
335           	4.925362e-02	N/A	1.862447e-03	2.015400e-02	1.709070e-02	2.205479e-02
336           	3.761011e-02	N/A	1.720880e-03	1.923482e-02	1.728063e-02	2.279987e-02
337           	3.757714e-02	N/A	1.500369e-03	1.876891e-02	1.655513e-02	2.193995e-02
338           	4.864430e-02	N/A	1.780783e-03	1.950203e-02	1.593133e-02	2.151257e-02
339           	3.277557e-02	N/A	1.722309e-03	1.906319e-02	1.561646e-02	2.161790e-02
340           	2.433195e-02	N/A	1.490635e-03	1.943727e-02	1.553001e-02	2.141941e-02
341           	5.463686e-02	N/A	1.328387e-03	1.938347e-02	1.629247e-02	2.105593e-02
342           	3.811737e-02	N/A	1.620358e-03	1.791501e-02	1.649151e-02	2.129477e-02
343           	2.629988e-02	N/A	1.574527e-03	1.563932e-02	1.473596e-02	1.987004e-02
344           	3.048866e-02	N/A	1.561422e-03	1.387929e-02	1.440114e-02	1.730617e-02
345           	5.222148e-02	N/A	1.492948e-03	1.486262e-02	1.415694e-02	1.800495e-02
346           	4.952598e-02	N/A	1.553128e-03	1.737113e-02	1.511072e-02	1.996089e-02
347           	4.925963e-02	N/A	1.626654e-03	1.997490e-02	1.634419e-02	2.112744e-02
348           	7.935648e-02	N/A	1.808478e-03	1.917931e-02	1.690800e-02	2.187783e-02
349           	4.355379e-02	N/A	1.991876e-03	1.900414e-02	1.708162e-02	2.229250e-02
350           	2.955452e-02	N/A	1.921488e-03	1.943223e-02	1.623879e-02	2.148452e-02
351           	2.314761e-02	N/A	1.521286e-03	1.904365e-02	1.582247e-02	2.158411e-02
352           	6.130738e-02	N/A	1.553741e-03	1.958517e-02	1.665851e-02	2.109899e-02
353           	7.098264e-02	N/A	1.711009e-03	1.914113e-02	1.756715e-02	2.171632e-02
354           	3.768395e-02	N/A	1.656110e-03	1.765621e-02	1.705488e-02	2.181873e-02
355           	2.265482e-02	N/A	1.546232e-03	1.567937e-02	1.513990e-02	2.023778e-02
356           	1.882141e-02	N/A	1.449312e-03	1.400506e-02	1.461609e-02	1.743378e-02
357           	2.846727e-02	N/A	1.305391e-03	1.489194e-02	1.432955e-02	1.808963e-02
358           	6.798929e-02	N/A	1.559423e-03	1.749106e-02	1.497417e-02	2.003160e-02
359           	6.386038e-02	N/A	2.059312e-03	2.021909e-02	1.656922e-02	2.209482e-02
360           	6.205721e-02	N/A	1.872893e-03	1.917121e-02	1.783807e-02	2.198930e-02
361           	4.264808e-02	N/A	1.670494e-03	1.888300e-02	1.723043e-02	2.187497e-02
362           	2.573765e-02	N/A	1.692104e-03	1.926426e-02	1.650452e-02	2.144509e-02
363           	2.612789e-02	N/A	1.464952e-03	1.907266e-02	1.568145e-02	2.102426e-02
364           	4.565195e-02	N/A	1.504266e-03	1.969235e-02	1.620516e-02	2.070619e-02
365           	4.466518e-02	N/A	1.491848e-03	1.948020e-02	1.745296e-02	2.171302e-02
366           	9.689554e-02	N/A	1.721819e-03	1.801288e-02	1.635220e-02	2.146872e-02
367           	6.797903e-02	N/A	2.320419e-03	1.612524e-02	1.681233e-02	2.080552e-02
368           	4.490812e-02	N/A	2.138081e-03	1.440733e-02	1.638491e-02	1.887067e-02
369           	3.047097e-02	N/A	1.660907e-03	1.497713e-02	1.602054e-02	1.994374e-02
370           	2.702937e-02	N/A	1.414268e-03	1.749227e-02	1.625406e-02	2.086135e-02
371           	5.030389e-02	N/A	1.530327e-03	2.016835e-02	1.706099e-02	2.167286e-02
372           	4.980832e-02	N/A	1.759054e-03	1.972788e-02	1.807591e-02	2.299825e-02
373           	3.927973e-02	N/A	1.660749e-03	1.887968e-02	1.771159e-02	2.250361e-02
374           	3.908098e-02	N/A	1.721372e-03	1.948886e-02	1.655886e-02	2.150874e-02
375           	4.642910e-02	N/A	1.629826e-03	1.931627e-02	1.530192e-02	2.197646e-02
376           	2.375650e-02	N/A	1.553153e-03	1.969417e-02	1.659552e-02	2.153154e-02
377           	3.472179e-02	N/A	1.301809e-03	1.931581e-02	1.657224e-02	2.114092e-02
378           	7.304629e-02	N/A	1.545566e-03	1.801812e-02	1.623181e-02	2.149061e-02
379           	4.701759e-02	N/A	1.907902e-03	1.620464e-02	1.626385e-02	2.122451e-02
380           	3.295721e-02	N/A	1.752261e-03	1.431637e-02	1.543044e-02	1.901056e-02
381           	4.056659e-02	N/A	1.546004e-03	1.474783e-02	1.559304e-02	1.819872e-02
382           	3.625083e-02	N/A	1.431044e-03	1.728142e-02	1.530047e-02	2.059626e-02
383           	2.528777e-02	N/A	1.375742e-03	1.975977e-02	1.604900e-02	2.162691e-02
384           	2.952400e-02	N/A	1.461908e-03	1.967643e-02	1.742804e-02	2.146027e-02
385           	2.001448e-02	N/A	1.481360e-03	1.855923e-02	1.684390e-02	2.144178e-02
386           	5.131937e-02	N/A	1.569354e-03	1.927476e-02	1.597392e-02	2.135772e-02
387           	6.685673e-02	N/A	1.905418e-03	1.957454e-02	1.562380e-02	2.176308e-02
388           	6.548625e-02	N/A	1.861077e-03	1.938742e-02	1.603097e-02	2.159394e-02
389           	4.018132e-02	N/A	1.642239e-03	1.966891e-02	1.765909e-02	2.187561e-02
390           	2.157307e-02	N/A	1.431821e-03	1.840423e-02	1.707784e-02	2.186396e-02
391           	2.435210e-02	N/A	1.428125e-03	1.625769e-02	1.556685e-02	2.083442e-02
392           	3.070533e-02	N/A	1.518296e-03	1.432847e-02	1.506918e-02	1.868810e-02
393           	4.895912e-02	N/A	1.548661e-03	1.487952e-02	1.509377e-02	1.878923e-02
394           	4.347311e-02	N/A	1.561946e-03	1.718324e-02	1.554897e-02	2.034035e-02
395           	2.880334e-02	N/A	1.502016e-03	1.950794e-02	1.636317e-02	2.200836e-02
396           	8.022224e-02	N/A	1.723543e-03	1.974926e-02	1.696938e-02	2.226236e-02
397           	9.150248e-02	N/A	2.295273e-03	1.910913e-02	1.822127e-02	2.340070e-02
398           	6.338550e-02	N/A	2.076374e-03	1.994521e-02	1.787899e-02	2.319209e-02
399           	3.423462e-02	N/A	1.761109e-03	1.944655e-02	1.687528e-02	2.280513e-02
400           	2.444435e-02	N/A	1.517336e-03	1.883803e-02	1.654738e-02	2.181009e-02
401           	2.099198e-02	N/A	1.176570e-03	1.918296e-02	1.744268e-02	2.202912e-02
402           	1.868661e-02	N/A	1.226847e-03	1.880058e-02	1.723228e-02	2.212032e-02
403           	1.758371e-02	N/A	1.337254e-03	1.708797e-02	1.635541e-02	2.175126e-02
404           	6.850803e-02	N/A	1.660093e-03	1.468683e-02	1.602346e-02	1.946556e-02
405           	5.599747e-02	N/A	2.018095e-03	1.474127e-02	1.684007e-02	1.969392e-02
406           	6.094186e-02	N/A	1.710028e-03	1.706938e-02	1.562412e-02	2.090123e-02
407           	6.645651e-02	N/A	1.723779e-03	1.956226e-02	1.731190e-02	2.253558e-02
408           	3.687812e-02	N/A	1.926002e-03	2.015088e-02	1.872639e-02	2.347085e-02
409           	2.682215e-02	N/A	1.719000e-03	1.868527e-02	1.813788e-02	2.349208e-02
410           	3.370272e-02	N/A	1.531014e-03	1.961320e-02	1.780827e-02	2.228312e-02
411           	8.943369e-02	N/A	1.735037e-03	1.944887e-02	1.674489e-02	2.188974e-02
412           	5.243196e-02	N/A	2.234038e-03	1.887474e-02	1.780905e-02	2.271731e-02
413           	3.207207e-02	N/A	1.619010e-03	1.890685e-02	1.813518e-02	2.234996e-02
414           	2.534079e-02	N/A	1.387598e-03	1.860907e-02	1.804701e-02	2.138674e-02
415           	2.851159e-02	N/A	1.396479e-03	1.693210e-02	1.615152e-02	2.180577e-02
416           	2.471347e-02	N/A	1.510613e-03	1.490194e-02	1.590911e-02	2.021572e-02
417           	4.533597e-02	N/A	1.459418e-03	1.485874e-02	1.592943e-02	1.856245e-02
418           	2.962782e-02	N/A	1.555069e-03	1.678067e-02	1.652529e-02	2.029661e-02
419           	3.272507e-02	N/A	1.412586e-03	1.898306e-02	1.640030e-02	2.257780e-02
420           	2.901232e-02	N/A	1.529750e-03	2.002466e-02	1.746168e-02	2.250590e-02
421           	9.238587e-02	N/A	1.822064e-03	1.873301e-02	1.723522e-02	2.216030e-02
422           	4.928436e-02	N/A	2.331386e-03	1.964268e-02	1.814575e-02	2.267184e-02
423           	4.052718e-02	N/A	1.863562e-03	1.944253e-02	1.692131e-02	2.229876e-02
424           	4.915400e-02	N/A	1.595060e-03	1.862827e-02	1.645247e-02	2.235893e-02
425           	6.240374e-02	N/A	1.472875e-03	1.901651e-02	1.797362e-02	2.130635e-02
426           	4.587459e-02	N/A	1.480691e-03	1.864909e-02	1.816327e-02	2.164833e-02
427           	3.924129e-02	N/A	1.450850e-03	1.699375e-02	1.640743e-02	2.193735e-02
428           	3.511529e-02	N/A	1.573325e-03	1.475982e-02	1.590725e-02	1.935511e-02
429           	2.110879e-02	N/A	1.435178e-03	1.429284e-02	1.508825e-02	1.836761e-02
430           	4.150884e-02	N/A	1.389617e-03	1.608349e-02	1.479490e-02	1.930580e-02
431           	3.153705e-02	N/A	1.519984e-03	1.874700e-02	1.600979e-02	2.126339e-02
432           	4.394837e-02	N/A	1.685921e-03	2.023176e-02	1.722929e-02	2.142808e-02
433           	4.059889e-02	N/A	1.704204e-03	1.869458e-02	1.802844e-02	2.199360e-02
434           	8.106635e-02	N/A	1.739849e-03	1.909767e-02	1.662071e-02	2.160040e-02
435           	2.881298e-02	N/A	2.054273e-03	1.975510e-02	1.694231e-02	2.230271e-02
436           	4.741407e-02	N/A	1.828199e-03	1.890075e-02	1.579475e-02	2.194396e-02
437           	3.223678e-02	N/A	1.484364e-03	1.902797e-02	1.756477e-02	2.214804e-02
438           	2.778800e-02	N/A	1.343185e-03	1.860998e-02	1.795852e-02	2.170773e-02
439           	2.665254e-02	N/A	1.343773e-03	1.717626e-02	1.675305e-02	2.124669e-02
440           	2.027574e-02	N/A	1.421147e-03	1.499189e-02	1.606787e-02	1.978839e-02
441           	6.660185e-02	N/A	1.541921e-03	1.422224e-02	1.513111e-02	1.851618e-02
442           	6.747971e-02	N/A	1.961539e-03	1.606234e-02	1.603870e-02	2.056597e-02
443           	7.155401e-02	N/A	1.955424e-03	1.867005e-02	1.662161e-02	2.232142e-02
444           	3.581727e-02	N/A	1.891775e-03	2.043654e-02	1.826270e-02	2.299993e-02
445           	2.508479e-02	N/A	1.618243e-03	1.870861e-02	1.797810e-02	2.248484e-02
446           	2.091494e-02	N/A	1.375138e-03	1.910526e-02	1.688409e-02	2.162715e-02
447           	3.957941e-02	N/A	1.460817e-03	1.955547e-02	1.625776e-02	2.182155e-02
448           	2.673888e-02	N/A	1.602132e-03	1.923444e-02	1.660019e-02	2.136810e-02
449           	4.802988e-02	N/A	1.465587e-03	1.938976e-02	1.751508e-02	2.131394e-02
450           	4.804789e-02	N/A	1.633579e-03	1.872283e-02	1.833290e-02	2.214989e-02
451           	4.614983e-02	N/A	1.611056e-03	1.765600e-02	1.716566e-02	2.149549e-02
452           	4.770006e-02	N/A	1.627196e-03	1.546349e-02	1.617327e-02	2.012882e-02
453           	3.679086e-02	N/A	1.739458e-03	1.434558e-02	1.613318e-02	1.971651e-02
454           	1.143392e-01	N/A	1.844328e-03	1.568855e-02	1.557815e-02	2.045158e-02
455           	3.209934e-02	N/A	2.311212e-03	1.879212e-02	1.808075e-02	2.271933e-02
456           	2.765190e-02	N/A	1.905950e-03	2.028154e-02	1.765923e-02	2.340161e-02
457           	2.289785e-02	N/A	1.469768e-03	1.893609e-02	1.875980e-02	2.236895e-02
458           	2.013181e-02	N/A	1.336968e-03	1.919146e-02	1.705402e-02	2.325264e-02
459           	1.883746e-02	N/A	1.348731e-03	1.994814e-02	1.738680e-02	2.234961e-02
460           	2.819083e-02	N/A	1.370812e-03	1.973183e-02	1.698829e-02	2.145891e-02
461           	2.886843e-02	N/A	1.406084e-03	1.924316e-02	1.822941e-02	2.232900e-02
462           	1.810900e-02	N/A	1.201296e-03	1.896773e-02	1.795857e-02	2.229918e-02
463           	1.602913e-02	N/A	1.209454e-03	1.789439e-02	1.681633e-02	2.140743e-02
464           	6.520500e-02	N/A	1.544364e-03	1.576264e-02	1.555867e-02	1.992918e-02
465           	7.010702e-02	N/A	2.043056e-03	1.445114e-02	1.636339e-02	1.967110e-02
466           	6.650792e-02	N/A	1.802165e-03	1.556209e-02	1.617142e-02	2.019663e-02
467           	3.492812e-02	N/A	1.592376e-03	1.817551e-02	1.650340e-02	2.223978e-02
468           	2.884946e-02	N/A	1.465892e-03	2.007311e-02	1.745133e-02	2.196828e-02
469           	2.149215e-02	N/A	1.305640e-03	1.895052e-02	1.766584e-02	2.170938e-02
470           	2.357145e-02	N/A	1.349203e-03	1.880742e-02	1.699337e-02	2.190224e-02
471           	3.014983e-02	N/A	1.499177e-03	1.934069e-02	1.703530e-02	2.151469e-02
472           	8.095753e-02	N/A	1.659349e-03	1.930773e-02	1.637390e-02	2.161480e-02
473           	7.506007e-02	N/A	2.015857e-03	1.955500e-02	1.779950e-02	2.272396e-02
474           	3.823684e-02	N/A	1.549315e-03	1.950519e-02	1.868103e-02	2.180541e-02
475           	2.579262e-02	N/A	1.370656e-03	1.826045e-02	1.758533e-02	2.197675e-02
476           	1.957461e-02	N/A	1.347301e-03	1.618935e-02	1.664659e-02	2.171174e-02
477           	3.226459e-02	N/A	1.444094e-03	1.458105e-02	1.602433e-02	1.960479e-02
478           	2.386526e-02	N/A	1.490406e-03	1.550713e-02	1.637810e-02	1.958062e-02
479           	6.881024e-02	N/A	1.548296e-03	1.777137e-02	1.613572e-02	2.087672e-02
480           	4.828586e-02	N/A	1.936340e-03	1.990865e-02	1.809728e-02	2.313438e-02
481           	9.934958e-02	N/A	2.019679e-03	1.956182e-02	1.838607e-02	2.274007e-02
482           	5.618549e-02	N/A	2.267594e-03	1.904298e-02	1.987179e-02	2.426250e-02
483           	4.729930e-02	N/A	1.827912e-03	1.936128e-02	1.866969e-02	2.327566e-02
484           	4.112900e-02	N/A	1.541330e-03	1.933339e-02	1.688707e-02	2.252006e-02
485           	3.791203e-02	N/A	1.532860e-03	1.884274e-02	1.706443e-02	2.148084e-02
486           	3.013652e-02	N/A	1.248522e-03	1.916859e-02	1.836947e-02	2.161592e-02
487           	2.153898e-02	N/A	1.142095e-03	1.852608e-02	1.793594e-02	2.188345e-02
488           	1.998293e-02	N/A	1.240186e-03	1.674659e-02	1.649634e-02	2.152838e-02
489           	1.868032e-02	N/A	1.310662e-03	1.452980e-02	1.582747e-02	1.911569e-02
490           	1.758478e-02	N/A	1.347448e-03	1.449470e-02	1.535848e-02	1.876219e-02
491           	7.711335e-02	N/A	1.625634e-03	1.654949e-02	1.543955e-02	2.005223e-02
492           	1.311431e-01	N/A	2.424739e-03	1.950291e-02	1.747908e-02	2.259103e-02
493           	4.467970e-02	N/A	2.834497e-03	2.067184e-02	2.075691e-02	2.416156e-02
494           	3.759220e-02	N/A	1.911294e-03	1.916185e-02	2.032929e-02	2.512538e-02
495           	4.382165e-02	N/A	1.517665e-03	1.972026e-02	1.874429e-02	2.426423e-02
496           	4.113424e-02	N/A	1.503096e-03	1.984793e-02	1.805047e-02	2.369759e-02
497           	2.783326e-02	N/A	1.536085e-03	1.930033e-02	1.795951e-02	2.231515e-02
498           	2.519915e-02	N/A	1.279437e-03	1.965583e-02	1.935111e-02	2.234393e-02
499           	2.305959e-02	N/A	1.219819e-03	1.893884e-02	1.880978e-02	2.295766e-02
500           	2.105384e-02	N/A	1.298761e-03	1.731802e-02	1.703274e-02	2.270793e-02
501           	1.058632e-01	N/A	1.734928e-03	1.517896e-02	1.602145e-02	2.006551e-02
502           	3.824974e-02	N/A	2.443511e-03	1.504291e-02	1.788716e-02	2.069080e-02
503           	3.411000e-02	N/A	1.746013e-03	1.653045e-02	1.704453e-02	2.199603e-02
504           	2.926072e-02	N/A	1.333627e-03	1.926164e-02	1.722983e-02	2.273699e-02
505           	2.584776e-02	N/A	1.484950e-03	2.051521e-02	1.793028e-02	2.352952e-02
506           	3.891208e-02	N/A	1.517087e-03	1.925764e-02	1.942911e-02	2.298263e-02
507           	2.908332e-02	N/A	1.454749e-03	1.962358e-02	1.889113e-02	2.252265e-02
508           	3.545822e-02	N/A	1.448639e-03	1.959431e-02	1.795310e-02	2.336216e-02
509           	3.884176e-02	N/A	1.548110e-03	1.907772e-02	1.668558e-02	2.325463e-02
510           	3.262748e-02	N/A	1.462475e-03	1.888769e-02	1.731659e-02	2.145472e-02
511           	8.220250e-02	N/A	1.513204e-03	1.885180e-02	1.760955e-02	2.121215e-02
512           	3.456985e-02	N/A	1.956682e-03	1.765226e-02	1.821890e-02	2.276495e-02
513           	2.966722e-02	N/A	1.702781e-03	1.549970e-02	1.656979e-02	2.064970e-02
514           	2.535156e-02	N/A	1.414585e-03	1.417759e-02	1.654742e-02	1.939331e-02
515           	4.357642e-02	N/A	1.323580e-03	1.568073e-02	1.647409e-02	2.024497e-02
516           	3.338164e-02	N/A	1.453715e-03	1.858419e-02	1.666330e-02	2.219617e-02
517           	3.554171e-02	N/A	1.663760e-03	2.024847e-02	1.753408e-02	2.250286e-02
518           	7.208134e-02	N/A	1.764674e-03	1.891069e-02	1.767251e-02	2.337718e-02
519           	4.023476e-02	N/A	1.901173e-03	1.930835e-02	1.806514e-02	2.328729e-02
520           	4.932015e-02	N/A	1.707235e-03	1.962429e-02	1.704769e-02	2.235375e-02
521           	4.348667e-02	N/A	1.563205e-03	1.935191e-02	1.631592e-02	2.189858e-02
522           	2.897821e-02	N/A	1.433118e-03	1.889964e-02	1.655167e-02	2.191334e-02
523           	1.834141e-02	N/A	1.132697e-03	1.918982e-02	1.734813e-02	2.175715e-02
524           	2.212580e-02	N/A	1.197165e-03	1.799269e-02	1.690773e-02	2.127413e-02
525           	1.706637e-02	N/A	1.313271e-03	1.577296e-02	1.601406e-02	2.063905e-02
526           	2.040286e-02	N/A	1.371903e-03	1.422399e-02	1.550896e-02	1.865882e-02
527           	2.199033e-02	N/A	1.352054e-03	1.519474e-02	1.542612e-02	1.905129e-02
528           	1.401943e-01	N/A	1.826850e-03	1.789930e-02	1.512656e-02	2.063857e-02
529           	6.607844e-02	N/A	3.213597e-03	2.087075e-02	2.013363e-02	2.347871e-02
530           	4.667981e-02	N/A	2.276558e-03	1.986144e-02	2.105421e-02	2.468385e-02
531           	4.477070e-02	N/A	1.550805e-03	1.916818e-02	1.973855e-02	2.518685e-02
532           	5.031909e-02	N/A	1.549025e-03	1.978657e-02	1.933832e-02	2.425436e-02
533           	5.700894e-02	N/A	1.554338e-03	1.994578e-02	1.851247e-02	2.306506e-02
534           	3.807673e-02	N/A	1.554724e-03	1.914692e-02	1.897392e-02	2.301401e-02
535           	2.919462e-02	N/A	1.264520e-03	1.901587e-02	1.924281e-02	2.288208e-02
536           	2.403933e-02	N/A	1.226350e-03	1.837644e-02	1.802876e-02	2.298930e-02
537           	2.113777e-02	N/A	1.322941e-03	1.663696e-02	1.642738e-02	2.197187e-02
538           	7.764184e-02	N/A	1.630053e-03	1.472272e-02	1.580864e-02	1.948298e-02
539           	4.125451e-02	N/A	2.041247e-03	1.527385e-02	1.710042e-02	2.060990e-02
540           	4.293499e-02	N/A	1.625666e-03	1.742839e-02	1.642057e-02	2.176867e-02
541           	5.727537e-02	N/A	1.451869e-03	1.975897e-02	1.740949e-02	2.316900e-02
542           	3.659783e-02	N/A	1.657073e-03	1.982113e-02	1.903350e-02	2.329966e-02
543           	2.889001e-02	N/A	1.516960e-03	1.868585e-02	1.811825e-02	2.277668e-02
544           	1.992768e-02	N/A	1.349860e-03	1.935355e-02	1.737278e-02	2.213993e-02
545           	2.426328e-02	N/A	1.341449e-03	1.954370e-02	1.641697e-02	2.181925e-02
546           	2.444449e-02	N/A	1.417775e-03	1.884732e-02	1.651331e-02	2.114104e-02
547           	2.255011e-02	N/A	1.176747e-03	1.889233e-02	1.773683e-02	2.112999e-02
548           	4.129430e-02	N/A	1.193980e-03	1.860979e-02	1.746542e-02	2.136406e-02
549           	8.914724e-02	N/A	1.749307e-03	1.703760e-02	1.693621e-02	2.172976e-02
550           	4.531611e-02	N/A	2.229599e-03	1.506207e-02	1.787368e-02	2.032773e-02
551           	4.375979e-02	N/A	1.751430e-03	1.459930e-02	1.716875e-02	2.073005e-02
552           	5.753581e-02	N/A	1.504658e-03	1.633324e-02	1.730302e-02	2.225853e-02
553           	3.294212e-02	N/A	1.542837e-03	1.943553e-02	1.849636e-02	2.299918e-02
554           	2.481287e-02	N/A	1.583889e-03	2.034523e-02	1.862905e-02	2.309085e-02
555           	4.022111e-02	N/A	1.477159e-03	1.883669e-02	1.862308e-02	2.336829e-02
556           	5.318194e-02	N/A	1.545079e-03	1.926673e-02	1.786084e-02	2.289774e-02
557           	2.895678e-02	N/A	1.549025e-03	2.006787e-02	1.797404e-02	2.206108e-02
558           	2.132096e-02	N/A	1.453423e-03	1.915368e-02	1.642468e-02	2.230460e-02
559           	5.590293e-02	N/A	1.467336e-03	1.887463e-02	1.789914e-02	2.125630e-02
560           	4.551067e-02	N/A	1.678930e-03	1.893254e-02	1.883205e-02	2.206656e-02
561           	2.879972e-02	N/A	1.505450e-03	1.728994e-02	1.707419e-02	2.244549e-02
562           	2.868754e-02	N/A	1.491190e-03	1.507046e-02	1.674342e-02	2.081216e-02
563           	8.022826e-02	N/A	1.586008e-03	1.428447e-02	1.592773e-02	1.908667e-02
564           	4.907704e-02	N/A	1.885497e-03	1.603018e-02	1.739005e-02	2.093297e-02
565           	3.448898e-02	N/A	1.522936e-03	1.859908e-02	1.694779e-02	2.246525e-02
566           	1.998486e-02	N/A	1.491743e-03	2.045267e-02	1.762934e-02	2.254029e-02
567           	2.303984e-02	N/A	1.432429e-03	1.890124e-02	1.773602e-02	2.304321e-02
568           	1.863191e-02	N/A	1.284453e-03	1.911758e-02	1.754355e-02	2.184081e-02
569           	1.629916e-02	N/A	1.318110e-03	1.995864e-02	1.698336e-02	2.127533e-02
570           	1.560674e-02	N/A	1.284453e-03	1.930795e-02	1.612077e-02	2.184751e-02
571           	1.666385e-01	N/A	1.861998e-03	1.884158e-02	1.674758e-02	2.149461e-02
572           	4.291737e-02	N/A	3.009144e-03	1.999122e-02	2.178041e-02	2.392888e-02
573           	5.475814e-02	N/A	1.984362e-03	1.829782e-02	1.948609e-02	2.416584e-02
574           	5.678613e-02	N/A	1.619134e-03	1.591955e-02	1.917182e-02	2.328837e-02
575           	4.636219e-02	N/A	1.606132e-03	1.470778e-02	1.860988e-02	2.213095e-02
576           	3.546996e-02	N/A	1.495359e-03	1.601965e-02	1.839618e-02	2.164556e-02
577           	3.245827e-02	N/A	1.378652e-03	1.888374e-02	1.866953e-02	2.264386e-02
578           	2.899140e-02	N/A	1.614459e-03	2.079284e-02	1.953291e-02	2.400722e-02
579           	2.605291e-02	N/A	1.489610e-03	1.943453e-02	1.915061e-02	2.510984e-02
580           	2.371592e-02	N/A	1.328912e-03	1.922803e-02	1.819119e-02	2.363701e-02
581           	1.042121e-01	N/A	1.738552e-03	2.001571e-02	1.701633e-02	2.268162e-02
582           	3.991657e-02	N/A	2.313334e-03	2.016809e-02	1.845968e-02	2.422276e-02
583           	3.479069e-02	N/A	1.628650e-03	1.893099e-02	1.870247e-02	2.299280e-02
584           	2.893420e-02	N/A	1.161459e-03	1.905001e-02	1.895765e-02	2.268427e-02
585           	2.438980e-02	N/A	1.129078e-03	1.829443e-02	1.839110e-02	2.389833e-02
586           	3.732211e-02	N/A	1.321686e-03	1.661575e-02	1.765571e-02	2.221577e-02
587           	2.737024e-02	N/A	1.461478e-03	1.476842e-02	1.756028e-02	2.081820e-02
588           	1.802650e-02	N/A	1.291685e-03	1.493432e-02	1.711144e-02	2.131446e-02
589           	3.120108e-02	N/A	1.272650e-03	1.736409e-02	1.650656e-02	2.231083e-02
590           	3.842695e-02	N/A	1.457785e-03	1.990765e-02	1.722923e-02	2.276746e-02
591           	8.448969e-02	N/A	1.794208e-03	1.971219e-02	1.856142e-02	2.285287e-02
592           	3.766715e-02	N/A	2.101157e-03	1.883463e-02	1.924731e-02	2.367107e-02
593           	4.214983e-02	N/A	1.738215e-03	1.953253e-02	1.778355e-02	2.252360e-02
594           	2.912648e-02	N/A	1.455413e-03	1.926793e-02	1.722733e-02	2.285633e-02
595           	3.767476e-02	N/A	1.584943e-03	1.858636e-02	1.659246e-02	2.192951e-02
596           	2.766355e-02	N/A	1.355205e-03	1.912036e-02	1.791660e-02	2.165286e-02
597           	2.395786e-02	N/A	1.245883e-03	1.845121e-02	1.787770e-02	2.133866e-02
598           	5.889314e-02	N/A	1.453387e-03	1.666438e-02	1.623328e-02	2.160783e-02
599           	5.486358e-02	N/A	1.923898e-03	1.477513e-02	1.678531e-02	1.966971e-02
600           	3.562130e-02	N/A	1.744735e-03	1.462838e-02	1.611688e-02	1.981000e-02
601           	2.336365e-02	N/A	1.495067e-03	1.641331e-02	1.636024e-02	2.067631e-02
602           	1.798602e-02	N/A	1.257324e-03	1.922860e-02	1.649702e-02	2.243163e-02
603           	2.586986e-02	N/A	1.408450e-03	2.022959e-02	1.779662e-02	2.257792e-02
604           	2.104451e-02	N/A	1.479973e-03	1.922698e-02	1.904305e-02	2.225020e-02
605           	6.032935e-02	N/A	1.489802e-03	1.948547e-02	1.773439e-02	2.239072e-02
606           	7.720510e-02	N/A	1.914464e-03	1.970340e-02	1.772885e-02	2.372717e-02
607           	5.919426e-02	N/A	1.966081e-03	1.902197e-02	1.696047e-02	2.295854e-02
608           	3.442996e-02	N/A	1.565511e-03	1.909283e-02	1.815488e-02	2.232252e-02
609           	2.156069e-02	N/A	1.297028e-03	1.873660e-02	1.792952e-02	2.229406e-02
610           	1.838285e-02	N/A	1.280559e-03	1.745895e-02	1.701073e-02	2.206539e-02
611           	1.661886e-02	N/A	1.343660e-03	1.538473e-02	1.636294e-02	2.018020e-02
612           	1.544063e-02	N/A	1.336481e-03	1.454825e-02	1.608373e-02	1.899213e-02
613           	1.152849e-01	N/A	1.715289e-03	1.590866e-02	1.584284e-02	2.017929e-02
614           	5.099089e-02	N/A	2.592764e-03	1.930149e-02	1.894793e-02	2.356182e-02
615           	4.125301e-02	N/A	2.012029e-03	2.075537e-02	1.845249e-02	2.400396e-02
616           	3.119650e-02	N/A	1.496628e-03	1.891778e-02	1.864759e-02	2.351937e-02
617           	3.027482e-02	N/A	1.352425e-03	1.888871e-02	1.814100e-02	2.350060e-02
618           	2.929646e-02	N/A	1.375887e-03	1.974941e-02	1.788168e-02	2.282122e-02
619           	2.058581e-02	N/A	1.363419e-03	1.991087e-02	1.689960e-02	2.208140e-02
620           	2.226950e-02	N/A	1.253416e-03	1.906162e-02	1.789779e-02	2.208971e-02
621           	1.736532e-02	N/A	1.110082e-03	1.861371e-02	1.791430e-02	2.168750e-02
622           	1.423453e-01	N/A	1.596738e-03	1.782212e-02	1.695705e-02	2.156160e-02
623           	3.660689e-02	N/A	2.933072e-03	1.656470e-02	2.002173e-02	2.232998e-02
624           	7.534055e-02	N/A	2.042458e-03	1.491483e-02	1.865987e-02	2.167924e-02
625           	6.809725e-02	N/A	1.729966e-03	1.560964e-02	1.943982e-02	2.289502e-02
626           	4.309646e-02	N/A	1.624619e-03	1.803099e-02	1.883236e-02	2.470630e-02
627           	3.504941e-02	N/A	1.713853e-03	2.061482e-02	1.919054e-02	2.401503e-02
628           	3.145985e-02	N/A	1.542181e-03	2.011122e-02	2.037893e-02	2.407365e-02
629           	2.798804e-02	N/A	1.339852e-03	1.990288e-02	1.989191e-02	2.502303e-02
630           	2.489386e-02	N/A	1.376684e-03	2.021367e-02	1.868986e-02	2.436840e-02
631           	2.222939e-02	N/A	1.342272e-03	2.006476e-02	1.735426e-02	2.326672e-02
632           	2.014838e-02	N/A	1.330582e-03	1.917220e-02	1.689834e-02	2.246106e-02
633           	6.378153e-02	N/A	1.327894e-03	1.954935e-02	1.790085e-02	2.213140e-02
634           	7.291627e-02	N/A	1.723164e-03	1.910494e-02	1.919204e-02	2.290841e-02
635           	3.607564e-02	N/A	1.600813e-03	1.715865e-02	1.802774e-02	2.326399e-02
636           	2.405333e-02	N/A	1.467232e-03	1.459456e-02	1.708923e-02	2.125099e-02
637           	2.033464e-02	N/A	1.350952e-03	1.472337e-02	1.672333e-02	2.072480e-02
638           	3.384532e-02	N/A	1.428569e-03	1.700504e-02	1.680280e-02	2.121034e-02
639           	3.152100e-02	N/A	1.444029e-03	1.975643e-02	1.808410e-02	2.284537e-02
640           	6.034002e-02	N/A	1.640886e-03	2.001198e-02	1.880571e-02	2.297398e-02
641           	4.149368e-02	N/A	1.867661e-03	1.903501e-02	1.931117e-02	2.424152e-02
642           	2.631051e-02	N/A	1.534611e-03	1.953268e-02	1.763551e-02	2.313317e-02
643           	2.949034e-02	N/A	1.387649e-03	1.984885e-02	1.661391e-02	2.201673e-02
644           	1.983929e-02	N/A	1.459235e-03	1.903076e-02	1.661578e-02	2.167287e-02
645           	3.523911e-02	N/A	1.330161e-03	1.870096e-02	1.749338e-02	2.075201e-02
646           	2.352508e-02	N/A	1.250710e-03	1.847473e-02	1.794026e-02	2.153192e-02
647           	2.546980e-02	N/A	1.228201e-03	1.692382e-02	1.632137e-02	2.162067e-02
648           	4.325866e-02	N/A	1.491413e-03	1.478319e-02	1.535005e-02	1.979234e-02
649           	5.776545e-02	N/A	1.630275e-03	1.404674e-02	1.510776e-02	1.887028e-02
650           	5.003792e-02	N/A	1.727732e-03	1.574803e-02	1.596649e-02	1.996692e-02
651           	3.116015e-02	N/A	1.491435e-03	1.862586e-02	1.658708e-02	2.200856e-02
652           	1.871475e-02	N/A	1.521555e-03	2.017883e-02	1.753574e-02	2.199768e-02
653           	1.571806e-02	N/A	1.356179e-03	1.877382e-02	1.750493e-02	2.242265e-02
654           	2.582226e-02	N/A	1.275901e-03	1.905073e-02	1.697296e-02	2.189829e-02
655           	5.286448e-02	N/A	1.515746e-03	1.998518e-02	1.725355e-02	2.143234e-02
656           	3.349931e-02	N/A	1.702610e-03	1.951073e-02	1.724036e-02	2.193202e-02
657           	5.021165e-02	N/A	1.554352e-03	1.870398e-02	1.751732e-02	2.201985e-02
658           	9.189205e-02	N/A	1.602052e-03	1.904809e-02	1.896535e-02	2.148664e-02
659           	4.047196e-02	N/A	1.854363e-03	1.792856e-02	1.909938e-02	2.208903e-02
660           	2.853516e-02	N/A	1.668648e-03	1.564563e-02	1.677924e-02	2.195265e-02
661           	2.294738e-02	N/A	1.382332e-03	1.422833e-02	1.703497e-02	1.992361e-02
662           	2.056743e-02	N/A	1.324594e-03	1.551599e-02	1.681107e-02	1.969885e-02
663           	4.896853e-02	N/A	1.388011e-03	1.837184e-02	1.633637e-02	2.178810e-02
664           	5.146751e-02	N/A	1.986212e-03	2.033388e-02	1.842114e-02	2.317089e-02
665           	4.622691e-02	N/A	1.865084e-03	1.917047e-02	1.885085e-02	2.304254e-02
666           	4.416472e-02	N/A	1.545220e-03	1.887661e-02	1.749880e-02	2.330885e-02
667           	3.426339e-02	N/A	1.545762e-03	1.947280e-02	1.676559e-02	2.264393e-02
668           	2.976217e-02	N/A	1.471700e-03	1.987950e-02	1.604064e-02	2.205664e-02
669           	1.704359e-02	N/A	1.337784e-03	1.913720e-02	1.607504e-02	2.202824e-02
670           	3.590951e-02	N/A	1.206451e-03	1.912016e-02	1.767479e-02	2.187666e-02
671           	3.107121e-02	N/A	1.248954e-03	1.832293e-02	1.796713e-02	2.163543e-02
672           	1.579104e-02	N/A	1.302423e-03	1.623747e-02	1.663185e-02	2.173716e-02
673           	1.983799e-02	N/A	1.273825e-03	1.433768e-02	1.624881e-02	1.910101e-02
674           	3.384010e-02	N/A	1.281902e-03	1.480501e-02	1.553675e-02	1.933967e-02
675           	8.259301e-02	N/A	1.636998e-03	1.714684e-02	1.613046e-02	2.091212e-02
676           	7.893190e-02	N/A	2.041270e-03	2.007413e-02	1.800333e-02	2.270481e-02
677           	4.825273e-02	N/A	1.938257e-03	1.981810e-02	1.894377e-02	2.383350e-02
678           	3.481400e-02	N/A	1.630931e-03	1.882351e-02	1.865284e-02	2.320037e-02
679           	2.878924e-02	N/A	1.426726e-03	1.940272e-02	1.764750e-02	2.278973e-02
680           	2.290574e-02	N/A	1.338507e-03	1.976684e-02	1.708747e-02	2.191605e-02
681           	3.045390e-02	N/A	1.419031e-03	1.915136e-02	1.712798e-02	2.104292e-02
682           	3.593164e-02	N/A	1.282078e-03	1.901489e-02	1.877718e-02	2.173795e-02
683           	9.829135e-02	N/A	1.467003e-03	1.865790e-02	1.838390e-02	2.211089e-02
684           	3.735169e-02	N/A	2.187045e-03	1.732542e-02	1.936483e-02	2.303534e-02
685           	3.856068e-02	N/A	1.857837e-03	1.509329e-02	1.763398e-02	2.078618e-02
686           	3.718720e-02	N/A	1.469561e-03	1.443740e-02	1.775804e-02	2.116263e-02
687           	2.772053e-02	N/A	1.380182e-03	1.638371e-02	1.787123e-02	2.175787e-02
688           	6.089955e-02	N/A	1.451779e-03	1.934965e-02	1.749588e-02	2.241930e-02
689           	7.328717e-02	N/A	2.033075e-03	2.059198e-02	1.934227e-02	2.395629e-02
690           	3.740412e-02	N/A	1.895949e-03	1.888613e-02	1.980944e-02	2.395749e-02
691           	2.687567e-02	N/A	1.478250e-03	1.918092e-02	1.754128e-02	2.277715e-02
692           	3.485222e-02	N/A	1.364015e-03	1.969364e-02	1.668694e-02	2.181978e-02
693           	2.842806e-02	N/A	1.458341e-03	1.901750e-02	1.594681e-02	2.196904e-02
694           	1.900567e-02	N/A	1.330399e-03	1.856784e-02	1.720044e-02	2.095057e-02
695           	3.572842e-02	N/A	1.220145e-03	1.876212e-02	1.758922e-02	2.068978e-02
696           	2.546002e-02	N/A	1.359990e-03	1.733103e-02	1.708436e-02	2.145183e-02
697           	3.430211e-02	N/A	1.458496e-03	1.497966e-02	1.591327e-02	1.993343e-02
698           	6.229417e-02	N/A	1.584467e-03	1.423244e-02	1.587238e-02	1.894775e-02
699           	5.581294e-02	N/A	1.749897e-03	1.579921e-02	1.663464e-02	1.996321e-02
700           	3.918445e-02	N/A	1.550646e-03	1.846294e-02	1.695811e-02	2.226825e-02
701           	4.075537e-02	N/A	1.647169e-03	2.015090e-02	1.804273e-02	2.284658e-02
702           	2.350457e-02	N/A	1.488972e-03	1.895479e-02	1.824482e-02	2.288884e-02
703           	2.573356e-02	N/A	1.353781e-03	1.887384e-02	1.710352e-02	2.187516e-02
704           	2.601796e-02	N/A	1.361385e-03	1.977409e-02	1.666761e-02	2.201083e-02
705           	3.295874e-02	N/A	1.408508e-03	1.963859e-02	1.587225e-02	2.156499e-02
706           	5.709753e-02	N/A	1.553494e-03	1.894256e-02	1.716443e-02	2.148309e-02
707           	4.618082e-02	N/A	1.481032e-03	1.919778e-02	1.829040e-02	2.228659e-02
708           	3.542815e-02	N/A	1.326468e-03	1.797244e-02	1.694676e-02	2.190345e-02
709           	1.931943e-02	N/A	1.359339e-03	1.578348e-02	1.636238e-02	2.078550e-02
710           	2.102888e-02	N/A	1.323990e-03	1.411961e-02	1.549830e-02	1.909597e-02
711           	6.287865e-02	N/A	1.398367e-03	1.495754e-02	1.541205e-02	1.984987e-02
712           	4.121364e-02	N/A	1.728606e-03	1.787899e-02	1.718060e-02	2.124855e-02
713           	2.675109e-02	N/A	1.515695e-03	2.010636e-02	1.738406e-02	2.242337e-02
714           	2.850247e-02	N/A	1.346441e-03	1.917407e-02	1.800955e-02	2.269585e-02
715           	3.453758e-02	N/A	1.311923e-03	1.871409e-02	1.747113e-02	2.282341e-02
716           	3.232369e-02	N/A	1.510821e-03	1.929725e-02	1.724127e-02	2.235356e-02
717           	2.473555e-02	N/A	1.477972e-03	1.976991e-02	1.630128e-02	2.174661e-02
718           	1.018083e-01	N/A	1.752475e-03	1.971746e-02	1.610129e-02	2.161060e-02
719           	4.087994e-02	N/A	2.201784e-03	1.989711e-02	1.964318e-02	2.245013e-02
720           	3.215667e-02	N/A	1.604587e-03	1.898749e-02	1.793168e-02	2.297553e-02
721           	2.527997e-02	N/A	1.314614e-03	1.683615e-02	1.785531e-02	2.164467e-02
722           	2.632650e-02	N/A	1.410819e-03	1.469647e-02	1.700508e-02	2.056537e-02
723           	2.101152e-02	N/A	1.397194e-03	1.509926e-02	1.645359e-02	2.088040e-02
724           	1.602102e-02	N/A	1.398347e-03	1.754245e-02	1.723944e-02	2.097731e-02
725           	2.474905e-02	N/A	1.515781e-03	2.005150e-02	1.753174e-02	2.289650e-02
726           	5.917842e-02	N/A	1.719876e-03	1.986647e-02	1.851342e-02	2.380197e-02
727           	3.776411e-02	N/A	1.738798e-03	1.936911e-02	1.949795e-02	2.392270e-02
728           	4.148514e-02	N/A	1.620732e-03	1.964353e-02	1.759676e-02	2.303576e-02
729           	9.002812e-02	N/A	1.758108e-03	1.983312e-02	1.719354e-02	2.247277e-02
730           	3.968898e-02	N/A	2.108405e-03	1.921066e-02	1.821299e-02	2.324047e-02
731           	2.781861e-02	N/A	1.574004e-03	1.880843e-02	1.827003e-02	2.280810e-02
732           	2.442805e-02	N/A	1.154301e-03	1.864873e-02	1.870974e-02	2.215863e-02
733           	3.290745e-02	N/A	1.295585e-03	1.726077e-02	1.759972e-02	2.177716e-02
734           	6.985673e-02	N/A	1.684696e-03	1.497814e-02	1.693765e-02	2.067638e-02
735           	4.948649e-02	N/A	1.865057e-03	1.441349e-02	1.734094e-02	2.035336e-02
736           	2.688620e-02	N/A	1.395832e-03	1.592286e-02	1.644080e-02	2.081697e-02
737           	1.845593e-02	N/A	1.245591e-03	1.862760e-02	1.625451e-02	2.191771e-02
738           	3.198619e-02	N/A	1.507481e-03	2.022812e-02	1.730687e-02	2.202298e-02
739           	5.085988e-02	N/A	1.607628e-03	1.878240e-02	1.822881e-02	2.203132e-02
740           	3.023631e-02	N/A	1.500790e-03	1.890246e-02	1.746415e-02	2.247523e-02
741           	2.397935e-02	N/A	1.455547e-03	1.948358e-02	1.662579e-02	2.174547e-02
742           	2.814844e-02	N/A	1.372906e-03	1.929766e-02	1.543483e-02	2.133141e-02
743           	3.874598e-02	N/A	1.410165e-03	1.878249e-02	1.663126e-02	2.085884e-02
744           	8.729624e-02	N/A	1.497844e-03	1.902682e-02	1.772720e-02	2.162658e-02
745           	4.537225e-02	N/A	1.865610e-03	1.780217e-02	1.796164e-02	2.251371e-02
746           	5.835233e-02	N/A	1.753626e-03	1.556170e-02	1.646102e-02	2.090972e-02
747           	4.588480e-02	N/A	1.657581e-03	1.397795e-02	1.662760e-02	1.955429e-02
748           	2.720113e-02	N/A	1.409953e-03	1.493790e-02	1.642434e-02	2.021851e-02
749           	2.336099e-02	N/A	1.286041e-03	1.776690e-02	1.621881e-02	2.111901e-02
750           	2.195365e-02	N/A	1.558307e-03	2.036249e-02	1.761794e-02	2.196713e-02
751           	5.558329e-02	N/A	1.596705e-03	1.943051e-02	1.850151e-02	2.282827e-02
752           	5.223251e-02	N/A	1.730690e-03	1.929319e-02	1.859274e-02	2.380054e-02
753           	5.424631e-02	N/A	1.723607e-03	1.965124e-02	1.749368e-02	2.302192e-02
754           	3.376386e-02	N/A	1.708643e-03	1.997778e-02	1.703982e-02	2.254118e-02
755           	2.296094e-02	N/A	1.459590e-03	1.946562e-02	1.696528e-02	2.163387e-02
756           	2.346528e-02	N/A	1.145008e-03	1.906510e-02	1.802026e-02	2.240724e-02
757           	4.805571e-02	N/A	1.227766e-03	1.835419e-02	1.751174e-02	2.195390e-02
758           	6.767372e-02	N/A	1.700700e-03	1.661660e-02	1.700939e-02	2.152224e-02
759           	3.691856e-02	N/A	1.718718e-03	1.442602e-02	1.716062e-02	2.003457e-02
760           	2.337262e-02	N/A	1.404886e-03	1.490184e-02	1.659929e-02	1.966356e-02
761           	1.905274e-02	N/A	1.208808e-03	1.709353e-02	1.616246e-02	2.094209e-02
762           	3.261570e-02	N/A	1.292257e-03	1.973237e-02	1.683395e-02	2.255336e-02
763           	3.497155e-02	N/A	1.557762e-03	2.011554e-02	1.886576e-02	2.202165e-02
764           	3.623091e-02	N/A	1.565436e-03	1.892323e-02	1.860389e-02	2.247151e-02
765           	3.250616e-02	N/A	1.464431e-03	1.950845e-02	1.761686e-02	2.285582e-02
766           	4.769721e-02	N/A	1.525134e-03	1.969536e-02	1.646552e-02	2.229270e-02
767           	8.024970e-02	N/A	1.843037e-03	1.890070e-02	1.636859e-02	2.156489e-02
768           	4.109562e-02	N/A	1.901032e-03	1.908048e-02	1.897775e-02	2.221580e-02
769           	2.818354e-02	N/A	1.429369e-03	1.877098e-02	1.862671e-02	2.214005e-02
770           	2.398484e-02	N/A	1.334528e-03	1.706694e-02	1.716249e-02	2.231367e-02
771           	3.809504e-02	N/A	1.478032e-03	1.486541e-02	1.655545e-02	2.019097e-02
772           	3.965733e-02	N/A	1.501878e-03	1.437924e-02	1.618450e-02	1.975770e-02
773           	9.071866e-02	N/A	1.594525e-03	1.605437e-02	1.638610e-02	2.072756e-02
774           	3.165413e-02	N/A	2.006304e-03	1.906013e-02	1.854748e-02	2.316622e-02
775           	2.761915e-02	N/A	1.793616e-03	2.038296e-02	1.812174e-02	2.376991e-02
776           	2.232087e-02	N/A	1.406537e-03	1.888396e-02	1.859010e-02	2.286680e-02
777           	3.131847e-02	N/A	1.345637e-03	1.918321e-02	1.729002e-02	2.314289e-02
778           	2.621126e-02	N/A	1.415046e-03	1.955998e-02	1.719874e-02	2.263313e-02
779           	2.387217e-02	N/A	1.395856e-03	1.965839e-02	1.659086e-02	2.174087e-02
780           	2.959494e-02	N/A	1.317401e-03	1.902646e-02	1.771878e-02	2.120417e-02
781           	3.069904e-02	N/A	1.272066e-03	1.860677e-02	1.811754e-02	2.164657e-02
782           	2.262041e-02	N/A	1.287021e-03	1.756792e-02	1.714325e-02	2.140581e-02
783           	8.634502e-02	N/A	1.633153e-03	1.561635e-02	1.573814e-02	1.992265e-02
784           	4.768538e-02	N/A	2.167308e-03	1.441155e-02	1.761795e-02	2.024644e-02
785           	3.005513e-02	N/A	1.694929e-03	1.553537e-02	1.647699e-02	2.068455e-02
786           	4.838171e-02	N/A	1.407503e-03	1.803748e-02	1.666391e-02	2.176554e-02
787           	4.102638e-02	N/A	1.786180e-03	2.039012e-02	1.837552e-02	2.260454e-02
788           	3.323663e-02	N/A	1.572931e-03	1.904345e-02	1.839767e-02	2.277638e-02
789           	3.062262e-02	N/A	1.381676e-03	1.889626e-02	1.781659e-02	2.277312e-02
790           	3.450907e-02	N/A	1.447629e-03	1.936790e-02	1.690343e-02	2.220825e-02
791           	2.438125e-02	N/A	1.436338e-03	1.951936e-02	1.592744e-02	2.142464e-02
792           	1.561402e-02	N/A	1.317472e-03	1.895313e-02	1.633721e-02	2.074919e-02
793           	3.757405e-02	N/A	1.198003e-03	1.894180e-02	1.745472e-02	2.083800e-02
794           	3.974886e-02	N/A	1.337668e-03	1.805585e-02	1.734123e-02	2.164779e-02
795           	4.557243e-02	N/A	1.486541e-03	1.611826e-02	1.623571e-02	2.123549e-02
796           	4.106018e-02	N/A	1.553194e-03	1.419183e-02	1.645334e-02	1.910870e-02
797           	3.994130e-02	N/A	1.384273e-03	1.479059e-02	1.595084e-02	1.977040e-02
798           	4.348138e-02	N/A	1.416394e-03	1.723264e-02	1.584446e-02	2.093717e-02
799           	3.952516e-02	N/A	1.504611e-03	1.990031e-02	1.699784e-02	2.236652e-02
800           	2.105473e-02	N/A	1.554168e-03	1.954872e-02	1.789348e-02	2.274495e-02
801           	5.524841e-02	N/A	1.551936e-03	1.860532e-02	1.772033e-02	2.264479e-02
802           	3.605748e-02	N/A	1.655354e-03	1.969610e-02	1.812526e-02	2.236432e-02
803           	1.987105e-02	N/A	1.490036e-03	1.981030e-02	1.644773e-02	2.214429e-02
804           	1.621678e-02	N/A	1.378457e-03	1.938747e-02	1.659182e-02	2.184544e-02
805           	1.530627e-02	N/A	1.198849e-03	1.921508e-02	1.694298e-02	2.165422e-02
806           	3.396793e-02	N/A	1.227219e-03	1.845520e-02	1.703887e-02	2.094235e-02
807           	1.059858e-01	N/A	1.816790e-03	1.662752e-02	1.685385e-02	2.088929e-02
808           	6.335198e-02	N/A	2.465355e-03	1.477558e-02	1.788939e-02	2.124489e-02
809           	4.061557e-02	N/A	1.783416e-03	1.476433e-02	1.784640e-02	1.935842e-02
810           	4.135162e-02	N/A	1.406503e-03	1.660459e-02	1.696125e-02	2.212011e-02
811           	3.235648e-02	N/A	1.390146e-03	1.949912e-02	1.873157e-02	2.359625e-02
812           	2.461658e-02	N/A	1.462124e-03	2.042068e-02	1.926157e-02	2.251497e-02
813           	5.765621e-02	N/A	1.540109e-03	1.909179e-02	1.902212e-02	2.321522e-02
814           	5.744141e-02	N/A	1.812057e-03	1.977648e-02	1.843648e-02	2.482622e-02
815           	5.423341e-02	N/A	1.707611e-03	2.017186e-02	1.787405e-02	2.295397e-02
816           	3.284131e-02	N/A	1.676203e-03	1.926154e-02	1.694478e-02	2.271474e-02
817           	2.060508e-02	N/A	1.376764e-03	1.877748e-02	1.787971e-02	2.198165e-02
818           	1.835020e-02	N/A	1.192163e-03	1.869284e-02	1.797587e-02	2.116925e-02
819           	1.683024e-02	N/A	1.181502e-03	1.720134e-02	1.643320e-02	2.155431e-02
820           	3.071008e-02	N/A	1.425343e-03	1.506354e-02	1.579209e-02	2.000465e-02
821           	2.851087e-02	N/A	1.422940e-03	1.450859e-02	1.642208e-02	1.868469e-02
822           	2.811319e-02	N/A	1.277888e-03	1.597465e-02	1.617779e-02	2.027709e-02
823           	3.302474e-02	N/A	1.322724e-03	1.868035e-02	1.623153e-02	2.226212e-02
824           	1.028226e-01	N/A	1.910450e-03	2.039874e-02	1.738188e-02	2.235986e-02
825           	4.057649e-02	N/A	2.405623e-03	1.906996e-02	1.985537e-02	2.324558e-02
826           	5.663337e-02	N/A	1.846490e-03	1.912548e-02	1.799738e-02	2.344156e-02
827           	4.091000e-02	N/A	1.546068e-03	1.938678e-02	1.868704e-02	2.377002e-02
828           	3.083572e-02	N/A	1.492691e-03	1.915701e-02	1.681050e-02	2.248027e-02
829           	2.606382e-02	N/A	1.310541e-03	1.879727e-02	1.775196e-02	2.131450e-02
830           	7.533767e-02	N/A	1.399210e-03	1.879937e-02	1.833338e-02	2.116202e-02
831           	4.077109e-02	N/A	1.867029e-03	1.769731e-02	1.827213e-02	2.285383e-02
832           	5.826286e-02	N/A	1.683518e-03	1.575287e-02	1.668454e-02	2.087196e-02
833           	5.567143e-02	N/A	1.698855e-03	1.428706e-02	1.647780e-02	1.962181e-02
834           	2.663885e-02	N/A	1.589897e-03	1.545772e-02	1.709024e-02	2.085481e-02
835           	2.613780e-02	N/A	1.377234e-03	1.812436e-02	1.648703e-02	2.150612e-02
836           	1.995181e-02	N/A	1.499798e-03	2.024370e-02	1.722954e-02	2.191960e-02
837           	1.714705e-02	N/A	1.403720e-03	1.924309e-02	1.803268e-02	2.247769e-02
838           	1.628334e-02	N/A	1.236772e-03	1.932223e-02	1.802054e-02	2.210544e-02
839           	4.610286e-02	N/A	1.426275e-03	1.961278e-02	1.736739e-02	2.231762e-02
840           	2.915102e-02	N/A	1.657038e-03	1.989564e-02	1.691821e-02	2.302132e-02
841           	8.171892e-02	N/A	1.661415e-03	1.930558e-02	1.689097e-02	2.215105e-02
842           	4.005855e-02	N/A	1.812988e-03	1.967261e-02	2.033617e-02	2.220244e-02
843           	3.222026e-02	N/A	1.548961e-03	1.852236e-02	1.837614e-02	2.303514e-02
844           	4.281373e-02	N/A	1.437170e-03	1.617644e-02	1.763010e-02	2.317349e-02
845           	3.270531e-02	N/A	1.556860e-03	1.452893e-02	1.804800e-02	1.994573e-02
846           	4.448556e-02	N/A	1.470360e-03	1.509725e-02	1.717926e-02	1.972453e-02
847           	5.229434e-02	N/A	1.550294e-03	1.748467e-02	1.710258e-02	2.183898e-02
848           	4.475491e-02	N/A	1.553604e-03	1.996501e-02	1.779817e-02	2.269559e-02
849           	2.523727e-02	N/A	1.526349e-03	1.953572e-02	1.793518e-02	2.285469e-02
850           	2.527545e-02	N/A	1.446585e-03	1.847557e-02	1.739782e-02	2.248045e-02
851           	2.898276e-02	N/A	1.304493e-03	1.918437e-02	1.678068e-02	2.185967e-02
852           	6.244894e-02	N/A	1.521073e-03	1.970559e-02	1.551672e-02	2.155435e-02
853           	2.588983e-02	N/A	1.842288e-03	1.942621e-02	1.699392e-02	2.177362e-02
854           	2.217606e-02	N/A	1.368282e-03	1.899395e-02	1.729004e-02	2.176023e-02
855           	2.398092e-02	N/A	1.184924e-03	1.844103e-02	1.759001e-02	2.072202e-02
856           	3.644195e-02	N/A	1.375089e-03	1.654946e-02	1.595736e-02	2.118616e-02
857           	3.664399e-02	N/A	1.507985e-03	1.445402e-02	1.599864e-02	1.924165e-02
858           	3.821479e-02	N/A	1.387969e-03	1.448881e-02	1.610677e-02	1.849856e-02
859           	2.743279e-02	N/A	1.372421e-03	1.655306e-02	1.589989e-02	2.026013e-02
860           	3.144910e-02	N/A	1.347996e-03	1.909481e-02	1.643552e-02	2.190627e-02
861           	7.570931e-02	N/A	1.681132e-03	1.997800e-02	1.730482e-02	2.206050e-02
862           	4.023590e-02	N/A	2.099340e-03	1.908007e-02	1.894500e-02	2.332846e-02
863           	2.779038e-02	N/A	1.587822e-03	1.928965e-02	1.729106e-02	2.270590e-02
864           	3.297854e-02	N/A	1.374630e-03	1.975856e-02	1.702975e-02	2.221916e-02
865           	5.698457e-02	N/A	1.611568e-03	1.911280e-02	1.618126e-02	2.191634e-02
866           	4.601630e-02	N/A	1.639303e-03	1.870546e-02	1.797442e-02	2.151666e-02
867           	2.727040e-02	N/A	1.408525e-03	1.864606e-02	1.787062e-02	2.153666e-02
868           	1.808892e-02	N/A	1.247362e-03	1.714980e-02	1.673397e-02	2.148397e-02
869           	1.577910e-02	N/A	1.378726e-03	1.500480e-02	1.587828e-02	1.933883e-02
870           	3.605055e-02	N/A	1.362885e-03	1.424628e-02	1.506109e-02	1.863214e-02
871           	1.054382e-01	N/A	1.750556e-03	1.578961e-02	1.603506e-02	1.999333e-02
872           	5.860682e-02	N/A	2.229024e-03	1.912565e-02	1.809960e-02	2.296055e-02
873           	3.788285e-02	N/A	1.906575e-03	2.038236e-02	1.825408e-02	2.328992e-02
874           	2.625572e-02	N/A	1.444312e-03	1.903248e-02	1.836680e-02	2.288236e-02
875           	3.205119e-02	N/A	1.341702e-03	1.900421e-02	1.737935e-02	2.306875e-02
876           	2.471992e-02	N/A	1.385401e-03	1.997161e-02	1.811347e-02	2.197869e-02
877           	1.700473e-02	N/A	1.344140e-03	1.972352e-02	1.705502e-02	2.121161e-02
878           	5.576293e-02	N/A	1.398762e-03	1.881829e-02	1.778772e-02	2.181481e-02
879           	5.877353e-02	N/A	1.693671e-03	1.904898e-02	1.902099e-02	2.265333e-02
880           	5.874667e-02	N/A	1.564117e-03	1.771257e-02	1.799480e-02	2.169244e-02
881           	4.846981e-02	N/A	1.738417e-03	1.538998e-02	1.734366e-02	2.143822e-02
882           	2.444101e-02	N/A	1.545417e-03	1.414338e-02	1.702697e-02	2.065808e-02
883           	2.357714e-02	N/A	1.349912e-03	1.528784e-02	1.651631e-02	1.960484e-02
884           	1.709416e-02	N/A	1.246422e-03	1.812632e-02	1.624010e-02	2.113068e-02
885           	2.075700e-02	N/A	1.498238e-03	2.023775e-02	1.711501e-02	2.210159e-02
886           	1.706457e-02	N/A	1.396680e-03	1.922722e-02	1.818876e-02	2.228733e-02
887           	2.052658e-02	N/A	1.271522e-03	1.906330e-02	1.754314e-02	2.205949e-02
888           	6.338712e-02	N/A	1.538719e-03	1.938800e-02	1.644494e-02	2.248759e-02
889           	8.825616e-02	N/A	2.000312e-03	1.996934e-02	1.702467e-02	2.255091e-02
890           	4.786353e-02	N/A	2.032229e-03	1.942669e-02	1.818818e-02	2.241670e-02
891           	3.516148e-02	N/A	1.560847e-03	1.951194e-02	1.923497e-02	2.275983e-02
892           	3.249648e-02	N/A	1.317656e-03	1.810302e-02	1.824330e-02	2.300015e-02
893           	4.197654e-02	N/A	1.466202e-03	1.606137e-02	1.725722e-02	2.164297e-02
894           	3.063339e-02	N/A	1.537945e-03	1.436678e-02	1.732786e-02	1.910557e-02
895           	2.600808e-02	N/A	1.360253e-03	1.502911e-02	1.690353e-02	1.971889e-02
896           	8.214047e-02	N/A	1.541775e-03	1.738368e-02	1.632419e-02	2.135546e-02
897           	4.942221e-02	N/A	2.024364e-03	2.007583e-02	1.865964e-02	2.299828e-02
898           	3.684814e-02	N/A	1.764578e-03	1.951152e-02	1.844077e-02	2.294409e-02
899           	3.773406e-02	N/A	1.348861e-03	1.856627e-02	1.832926e-02	2.350151e-02
900           	4.257693e-02	N/A	1.487629e-03	1.937510e-02	1.741633e-02	2.290008e-02
901           	4.771915e-02	N/A	1.606293e-03	1.981605e-02	1.648672e-02	2.194695e-02
902           	2.689870e-02	N/A	1.531063e-03	1.979000e-02	1.628282e-02	2.193191e-02
903           	1.902611e-02	N/A	1.277338e-03	1.940841e-02	1.735918e-02	2.124814e-02
904           	2.290492e-02	N/A	1.192145e-03	1.887467e-02	1.736388e-02	2.133789e-02
905           	2.913102e-02	N/A	1.282251e-03	1.670793e-02	1.619673e-02	2.119566e-02
906           	5.901500e-02	N/A	1.538700e-03	1.449288e-02	1.592814e-02	1.894172e-02
907           	5.855024e-02	N/A	1.784601e-03	1.453064e-02	1.646771e-02	1.939258e-02
908           	3.054406e-02	N/A	1.686907e-03	1.679844e-02	1.692798e-02	2.084212e-02
909           	2.907261e-02	N/A	1.391980e-03	1.946623e-02	1.675186e-02	2.273639e-02
910           	3.343283e-02	N/A	1.494803e-03	1.995984e-02	1.832064e-02	2.253060e-02
911           	3.405565e-02	N/A	1.497677e-03	1.876076e-02	1.843467e-02	2.221503e-02
912           	4.977166e-02	N/A	1.468201e-03	1.909897e-02	1.751319e-02	2.192581e-02
913           	6.143196e-02	N/A	1.698784e-03	1.976131e-02	1.686775e-02	2.245781e-02
914           	2.824545e-02	N/A	1.731943e-03	1.925162e-02	1.647464e-02	2.220650e-02
915           	1.891217e-02	N/A	1.403137e-03	1.867531e-02	1.685370e-02	2.118800e-02
916           	1.655025e-02	N/A	1.130381e-03	1.858785e-02	1.744304e-02	2.154000e-02
917           	8.266436e-02	N/A	1.458190e-03	1.707469e-02	1.664443e-02	2.130520e-02
918           	2.960757e-02	N/A	2.156703e-03	1.524742e-02	1.749889e-02	2.115190e-02
919           	2.585639e-02	N/A	1.576950e-03	1.410473e-02	1.661597e-02	1.970655e-02
920           	3.810467e-02	N/A	1.403492e-03	1.582392e-02	1.676878e-02	2.008254e-02
921           	2.562939e-02	N/A	1.401658e-03	1.880051e-02	1.658628e-02	2.263527e-02
922           	2.843091e-02	N/A	1.529261e-03	2.043783e-02	1.834477e-02	2.222484e-02
923           	2.528197e-02	N/A	1.470005e-03	1.932229e-02	1.854548e-02	2.239882e-02
924           	2.109366e-02	N/A	1.309764e-03	1.917195e-02	1.726308e-02	2.281781e-02
925           	1.503365e-02	N/A	1.278210e-03	1.976827e-02	1.666527e-02	2.269278e-02
926           	2.500625e-02	N/A	1.360015e-03	1.953289e-02	1.549644e-02	2.155627e-02
927           	6.218997e-02	N/A	1.496745e-03	1.894722e-02	1.719588e-02	2.080236e-02
928           	5.137419e-02	N/A	1.762548e-03	1.937690e-02	1.827002e-02	2.252547e-02
929           	2.876518e-02	N/A	1.394981e-03	1.800844e-02	1.717079e-02	2.211105e-02
930           	4.784351e-02	N/A	1.503924e-03	1.562969e-02	1.600057e-02	2.073547e-02
931           	3.989162e-02	N/A	1.590385e-03	1.416518e-02	1.649289e-02	1.954677e-02
932           	3.849394e-02	N/A	1.424321e-03	1.518908e-02	1.618606e-02	2.016692e-02
933           	3.184833e-02	N/A	1.380531e-03	1.790384e-02	1.633588e-02	2.156368e-02
934           	5.141017e-02	N/A	1.757752e-03	2.007190e-02	1.733184e-02	2.222297e-02
935           	4.091799e-02	N/A	1.784864e-03	1.912494e-02	1.836115e-02	2.246718e-02
936           	2.175908e-02	N/A	1.519447e-03	1.879345e-02	1.742069e-02	2.258532e-02
937           	1.707729e-02	N/A	1.399986e-03	1.964297e-02	1.631892e-02	2.169225e-02
938           	3.292938e-02	N/A	1.372663e-03	2.002076e-02	1.602884e-02	2.128345e-02
939           	3.806256e-02	N/A	1.471141e-03	1.928587e-02	1.661413e-02	2.201807e-02
940           	3.466813e-02	N/A	1.273658e-03	1.941493e-02	1.779759e-02	2.198190e-02
941           	5.391908e-02	N/A	1.306975e-03	1.830543e-02	1.733220e-02	2.179922e-02
942           	3.884474e-02	N/A	1.611023e-03	1.634043e-02	1.695733e-02	2.121155e-02
943           	3.111991e-02	N/A	1.483571e-03	1.449891e-02	1.586703e-02	1.923757e-02
944           	3.646198e-02	N/A	1.460627e-03	1.476595e-02	1.598775e-02	1.928310e-02
945           	4.458309e-02	N/A	1.569280e-03	1.690985e-02	1.655676e-02	2.112191e-02
946           	2.845820e-02	N/A	1.708477e-03	1.960479e-02	1.681908e-02	2.264855e-02
947           	1.833506e-02	N/A	1.537215e-03	1.968294e-02	1.753275e-02	2.199649e-02
948           	5.273807e-02	N/A	1.412219e-03	1.897219e-02	1.804353e-02	2.176955e-02
949           	3.602238e-02	N/A	1.693516e-03	1.970896e-02	1.804627e-02	2.269013e-02
950           	2.010034e-02	N/A	1.458575e-03	1.978619e-02	1.666573e-02	2.234982e-02
951           	1.581975e-02	N/A	1.362420e-03	1.899435e-02	1.618089e-02	2.167332e-02
952           	1.979884e-02	N/A	1.179506e-03	1.869266e-02	1.694450e-02	2.132234e-02
953           	6.306165e-02	N/A	1.310091e-03	1.853431e-02	1.772191e-02	2.104518e-02
954           	7.736658e-02	N/A	1.973676e-03	1.705021e-02	1.782583e-02	2.224699e-02
955           	8.505660e-02	N/A	2.239220e-03	1.506796e-02	1.744206e-02	2.111776e-02
956           	5.019979e-02	N/A	2.005335e-03	1.458945e-02	1.806596e-02	2.036806e-02
957           	3.522702e-02	N/A	1.591008e-03	1.617500e-02	1.766144e-02	2.213061e-02
958           	2.789843e-02	N/A	1.341175e-03	1.889317e-02	1.724428e-02	2.319871e-02
959           	3.679734e-02	N/A	1.550636e-03	2.044910e-02	1.870986e-02	2.243955e-02
960           	3.512104e-02	N/A	1.501510e-03	1.920879e-02	1.943742e-02	2.313052e-02
961           	3.380989e-02	N/A	1.365157e-03	1.910323e-02	1.838477e-02	2.345675e-02
962           	3.427541e-02	N/A	1.406853e-03	1.929325e-02	1.742260e-02	2.298212e-02
963           	2.183716e-02	N/A	1.404524e-03	1.924987e-02	1.596708e-02	2.225681e-02
964           	7.121120e-02	N/A	1.485183e-03	1.882476e-02	1.653772e-02	2.096029e-02
965           	3.499873e-02	N/A	1.768591e-03	1.900987e-02	1.909728e-02	2.200166e-02
966           	2.940385e-02	N/A	1.515644e-03	1.766298e-02	1.724484e-02	2.241822e-02
967           	4.024331e-02	N/A	1.448554e-03	1.548534e-02	1.684341e-02	2.152597e-02
968           	1.073527e-01	N/A	1.794265e-03	1.422311e-02	1.637634e-02	1.949704e-02
969           	3.302677e-02	N/A	2.201679e-03	1.563583e-02	1.813899e-02	2.110927e-02
970           	2.901736e-02	N/A	1.607405e-03	1.799175e-02	1.722791e-02	2.233468e-02
971           	3.043752e-02	N/A	1.577735e-03	2.033933e-02	1.738197e-02	2.271169e-02
972           	2.412136e-02	N/A	1.455858e-03	1.929937e-02	1.860349e-02	2.359623e-02
973           	1.911783e-02	N/A	1.293367e-03	1.919947e-02	1.873937e-02	2.246584e-02
974           	2.262207e-02	N/A	1.335816e-03	1.975740e-02	1.774471e-02	2.253009e-02
975           	4.713404e-02	N/A	1.456108e-03	1.993442e-02	1.681895e-02	2.305300e-02
976           	2.977488e-02	N/A	1.562040e-03	1.941678e-02	1.761661e-02	2.262749e-02
977           	4.842485e-02	N/A	1.325461e-03	1.912841e-02	1.795393e-02	2.202441e-02
978           	3.160514e-02	N/A	1.397982e-03	1.840908e-02	1.831343e-02	2.218244e-02
979           	2.695610e-02	N/A	1.402602e-03	1.653619e-02	1.666715e-02	2.192284e-02
980           	1.963730e-02	N/A	1.303976e-03	1.432908e-02	1.658026e-02	1.971759e-02
981           	2.585160e-02	N/A	1.241525e-03	1.472703e-02	1.649228e-02	1.945246e-02
982           	4.047864e-02	N/A	1.389514e-03	1.710854e-02	1.626471e-02	2.069381e-02
983           	7.290194e-02	N/A	1.609824e-03	1.974900e-02	1.720488e-02	2.237424e-02
984           	3.004578e-02	N/A	1.880426e-03	1.993416e-02	1.892669e-02	2.327986e-02
985           	2.785711e-02	N/A	1.596684e-03	1.869627e-02	1.801180e-02	2.264583e-02
986           	2.590548e-02	N/A	1.367204e-03	1.934396e-02	1.718257e-02	2.234651e-02
987           	1.773538e-02	N/A	1.295089e-03	1.965217e-02	1.669934e-02	2.156058e-02
988           	4.558020e-02	N/A	1.504212e-03	1.881275e-02	1.615844e-02	2.096215e-02
989           	2.891043e-02	N/A	1.424080e-03	1.875312e-02	1.793829e-02	2.199506e-02
990           	3.166368e-02	N/A	1.254381e-03	1.850392e-02	1.754972e-02	2.107938e-02
991           	3.533890e-02	N/A	1.409485e-03	1.696057e-02	1.638390e-02	2.124727e-02
992           	3.447711e-02	N/A	1.592594e-03	1.467816e-02	1.598621e-02	1.985528e-02
993           	3.410813e-02	N/A	1.456028e-03	1.420421e-02	1.564996e-02	1.878249e-02
994           	4.603604e-02	N/A	1.412583e-03	1.597619e-02	1.560870e-02	1.954996e-02
995           	3.683798e-02	N/A	1.488784e-03	1.893272e-02	1.673333e-02	2.160976e-02
996           	2.037163e-02	N/A	1.581040e-03	2.009368e-02	1.737392e-02	2.211654e-02
997           	2.663019e-02	N/A	1.407367e-03	1.864472e-02	1.741152e-02	2.196744e-02
998           	4.034518e-02	N/A	1.381357e-03	1.900175e-02	1.661746e-02	2.196211e-02
999           	4.639865e-02	N/A	1.523977e-03	1.970282e-02	1.658942e-02	2.170206e-02
1000          	2.871429e-02	N/A	1.494498e-03	1.902461e-02	1.575178e-02	2.159318e-02
