/*--------------------------------*- C++ -*----------------------------------*\
  =========                 |
  \\      /  F ield         | OpenFOAM: The Open Source CFD Toolbox
   \\    /   O peration     | Website:  https://openfoam.org
    \\  /    A nd           | Version:  10
     \\/     M anipulation  |
\*---------------------------------------------------------------------------*/
FoamFile
{
    format      ascii;
    class       volScalarField;
    location    "12000";
    object      yPlus;
}
// * * * * * * * * * * * * * * * * * * * * * * * * * * * * * * * * * * * * * //

dimensions      [0 0 0 0 0 0 0];

internalField   uniform 0;

boundaryField
{
    right
    {
        type            cyclic;
    }
    left
    {
        type            cyclic;
    }
    outerWall
    {
        type            calculated;
        value           nonuniform List<scalar> 0();
    }
    stirrerWall
    {
        type            calculated;
        value           nonuniform List<scalar> 
398
(
0.0325471
0.0323724
0.0312437
0.0298531
0.0282858
0.026672
0.0250416
0.0234018
0.0217473
0.0200673
0.0183577
0.0166254
0.0148957
0.0132179
0.0116595
0.0103004
0.0092108
0.00842543
0.00792796
0.00766812
0.00758856
0.00764377
0.00780474
0.00805561
0.00838863
0.00879975
0.00928838
0.00985426
0.0104979
0.0112201
0.012018
0.0128896
0.0138311
0.0148182
0.0158357
0.0168838
0.0179489
0.0190024
0.0200203
0.0210398
0.0220249
0.0229165
0.0236762
0.0243345
0.0248978
0.0253694
0.0258091
0.0262815
0.0268351
0.0273802
0.02781
0.0281172
0.028321
0.0284263
0.028409
0.0282307
0.0278645
0.0273313
0.0266439
0.0257984
0.0248021
0.023645
0.0224111
0.0211491
0.0198871
0.018655
0.0174767
0.0163708
0.015352
0.0144321
0.0136174
0.0129057
0.012281
0.011706
0.0111135
0.0104032
0.00944577
0.00805637
0.00589566
0.00171614
0.00171614
0.00458075
0.00182357
0.00236481
0.00234825
0.00239285
0.00229031
0.00208537
0.00182246
0.00155721
0.00131343
0.00110449
0.000942284
0.000834986
0.00077766
0.000766277
0.000793899
0.000851514
0.000930692
0.0010255
0.00113371
0.00125503
0.0013928
0.0015499
0.00172908
0.00193302
0.00216382
0.00242468
0.00271894
0.00304967
0.0034195
0.0038313
0.0042882
0.00479321
0.00534893
0.0059576
0.00662122
0.0073414
0.00811969
0.00895771
0.00985657
0.0108168
0.0118397
0.0129278
0.0140832
0.0153095
0.0166092
0.0179834
0.0194283
0.0209502
0.0225575
0.0242451
0.026014
0.0278795
0.0298595
0.0319927
0.0341767
0.0363996
0.0386421
0.0408741
0.0431139
0.0452908
0.0473845
0.0494192
0.051307
0.0530698
0.054723
0.0561451
0.0573677
0.0581396
0.0583288
0.0586929
0.0593127
0.0596831
0.0596385
0.0591964
0.058618
0.0578365
0.0567552
0.0556944
0.0545657
0.053295
0.0520626
0.0510394
0.0498495
0.0485269
0.0489069
0.0481408
0.0448705
0.0475344
0.0508655
0.0439199
0.0427662
0.0430189
0.0440373
0.0455084
0.0470297
0.0479306
0.0482079
0.0498925
0.0516081
0.0522234
0.0522554
0.0508729
0.0474509
0.0438122
0.0398178
0.036379
0.0334699
0.0303547
0.0301573
0.0318598
0.0340429
0.0372958
0.0407998
0.0426874
0.0434074
0.0438806
0.0445096
0.0448683
0.0460527
0.0476202
0.0487963
0.0488404
0.0483851
0.0476742
0.0468535
0.0461292
0.00172927
0.00386871
0.00253185
0.00187523
0.00159316
0.00143636
0.00132448
0.00125027
0.0012148
0.00121522
0.00124305
0.00128231
0.00132201
0.00135894
0.00139198
0.00141604
0.00142575
0.00141821
0.00139303
0.00134957
0.00128797
0.00121054
0.00112043
0.00102172
0.000918922
0.000816619
0.000719324
0.000632905
0.000579802
0.000685719
0.0013261
0.00302023
0.00587683
0.00881532
0.0107073
0.0113896
0.0113224
0.01114
0.0112265
0.0116591
0.0123603
0.0132399
0.0142395
0.0153408
0.0165965
0.0180674
0.0198243
0.0219244
0.0244043
0.0273652
0.0307189
0.034647
0.0390519
0.0440358
0.0496624
0.0559298
0.0628481
0.0704353
0.0787037
0.0876698
0.097359
0.107808
0.119064
0.131192
0.144265
0.158374
0.17362
0.190122
0.208009
0.227427
0.248549
0.271587
0.296842
0.32471
0.355371
0.388137
0.422364
0.458115
0.495404
0.534287
0.574765
0.616895
0.660768
0.706464
0.754038
0.803547
0.855162
0.908997
0.965088
1.02351
1.08437
1.14799
1.21473
1.28484
1.35852
1.43592
1.51726
1.60275
1.69258
1.78696
1.88615
1.99023
2.09931
2.21339
2.33226
2.45571
2.58338
2.7149
2.85004
2.98853
0.00172927
0.00507792
0.00720474
0.00929458
0.0108895
0.010292
0.00894381
0.00850375
0.00928317
0.0111676
0.0117739
0.0127891
0.015369
0.0162785
0.0177967
0.0213624
0.0225424
0.0243212
0.0289254
0.0302412
0.0318949
0.0370611
0.0388146
0.0408309
0.0456318
0.0479879
0.0499514
0.0530737
0.0568106
0.0608345
0.0650886
0.0694099
0.0736978
0.0778696
0.0818501
0.0855335
0.0887886
0.0915912
0.0942558
0.0968368
0.0990481
0.100775
0.102199
0.103394
0.104439
0.105326
0.105991
0.106435
0.106689
0.106746
0.106532
0.105871
0.104597
0.102841
0.100957
0.0988833
0.0966324
0.0943158
0.0919422
0.0895017
0.0870295
0.0845702
0.0821552
0.0798163
0.0775431
0.0752048
0.0725578
0.0690157
0.0648968
0.0603782
0.0555545
0.0505001
0.0452639
0.0399869
0.0352103
0.032041
0.0303328
0.0300959
0.030943
0.032006
)
;
    }
    top
    {
        type            empty;
    }
    bottom
    {
        type            empty;
    }
    procBoundary1to0
    {
        type            processor;
        value           uniform 0;
    }
}


// ************************************************************************* //
