/*--------------------------------*- C++ -*----------------------------------*\
  =========                 |
  \\      /  F ield         | OpenFOAM: The Open Source CFD Toolbox
   \\    /   O peration     | Website:  https://openfoam.org
    \\  /    A nd           | Version:  10
     \\/     M anipulation  |
\*---------------------------------------------------------------------------*/
FoamFile
{
    format      ascii;
    class       volScalarField;
    location    "26000";
    object      yPlus;
}
// * * * * * * * * * * * * * * * * * * * * * * * * * * * * * * * * * * * * * //

dimensions      [0 0 0 0 0 0 0];

internalField   uniform 0;

boundaryField
{
    right
    {
        type            cyclic;
    }
    left
    {
        type            cyclic;
    }
    outerWall
    {
        type            calculated;
        value           nonuniform List<scalar> 0();
    }
    stirrerWall
    {
        type            calculated;
        value           nonuniform List<scalar> 
398
(
0.265875
0.209046
0.154581
0.110688
0.0797354
0.0607678
0.0500855
0.0442027
0.0409512
0.0392482
0.0385828
0.0387
0.0394321
0.0406984
0.0424428
0.0446328
0.0472405
0.0502461
0.0536244
0.0573441
0.0613656
0.0656405
0.0701267
0.0748092
0.0796778
0.0846819
0.0897041
0.094597
0.0994566
0.104181
0.108729
0.113022
0.116988
0.120547
0.123593
0.125986
0.127754
0.129033
0.129698
0.129418
0.127832
0.12563
0.12333
0.121377
0.119191
0.116356
0.113165
0.109682
0.105865
0.101777
0.0976065
0.0933663
0.0890914
0.0847693
0.0805591
0.0764166
0.0723082
0.0681656
0.0640467
0.0600276
0.0561606
0.0524695
0.0489985
0.0457632
0.042744
0.0399279
0.037318
0.0349388
0.0328095
0.0309458
0.0293674
0.0281006
0.0271697
0.026519
0.0259443
0.0250541
0.0233155
0.0201331
0.0147566
0.00429576
0.00429576
0.0114685
0.0047911
0.00667607
0.0077607
0.00941887
0.0109522
0.0122168
0.0130203
0.0134664
0.0136172
0.0135221
0.0132297
0.0127845
0.012225
0.0115826
0.0108868
0.0101582
0.00942718
0.00877041
0.00816753
0.00760609
0.00708714
0.00661119
0.0061855
0.0058251
0.0055488
0.00537996
0.00534913
0.00551506
0.00594046
0.00662267
0.00752398
0.00856778
0.00966829
0.0107617
0.0118012
0.0127842
0.0137111
0.0146233
0.0155306
0.0164842
0.0175749
0.01886
0.0204022
0.0223229
0.024704
0.0276657
0.0312322
0.0354149
0.0403561
0.0459383
0.0522797
0.0593911
0.0672599
0.0759108
0.0853511
0.095602
0.106698
0.118695
0.131666
0.145708
0.160938
0.177495
0.195532
0.215229
0.236784
0.260409
0.286338
0.314857
0.346225
0.380644
0.418584
0.460605
0.507191
0.558197
0.611899
0.668301
0.727386
0.789388
0.853799
0.919344
0.984068
1.05301
1.12085
1.18656
1.24949
1.30772
1.36057
1.4098
1.45614
1.49973
1.54221
1.58307
1.6232
1.66288
1.70177
1.73988
1.77643
1.80925
1.83766
1.86328
1.88554
1.9024
1.91041
1.9129
1.90996
1.90257
1.89004
1.87283
1.85143
1.82618
1.79723
1.76404
1.727
1.68739
1.64472
1.59929
1.55003
1.50116
1.45454
1.40547
1.35536
1.30494
1.25491
1.20573
1.15768
1.111
0.0155492
0.0292811
0.0187584
0.0146057
0.0139338
0.0154004
0.0187938
0.0241009
0.0324344
0.0429648
0.0521854
0.059358
0.064371
0.0672204
0.0680162
0.0678263
0.066489
0.0647743
0.0626768
0.06014
0.0571907
0.0539434
0.0505061
0.0470084
0.0436096
0.0404355
0.0376317
0.0354163
0.0340944
0.0344587
0.0395836
0.0504932
0.0678137
0.089755
0.112518
0.135137
0.155223
0.17345
0.191974
0.210735
0.230074
0.249408
0.269061
0.288323
0.309794
0.33237
0.357726
0.385853
0.415684
0.451741
0.494967
0.541479
0.603013
0.681752
0.773831
0.874887
1.00572
1.23341
1.70484
2.57338
3.86585
5.46278
7.17452
8.80247
10.1382
10.9635
11.2409
11.2048
11.1962
11.69
11.9491
11.8857
11.5793
10.5959
10.8006
9.8683
10.3723
11.9303
10.0738
10.6446
12.4291
11.6465
11.9125
12.1606
12.3657
12.3989
11.5141
12.6899
12.535
11.5479
12.5551
12.6085
12.4098
11.3991
12.0037
12.6267
11.4746
11.5832
11.5873
11.7487
11.912
12.0772
12.2444
12.4139
12.5861
12.761
12.9373
13.1137
13.2928
13.4743
0.0155492
0.0450102
0.0650825
0.0869771
0.0947407
0.0917607
0.093232
0.101461
0.115639
0.133124
0.153421
0.176625
0.202724
0.231707
0.263514
0.298055
0.33521
0.374825
0.416726
0.460706
0.506555
0.554317
0.604485
0.658736
0.720648
0.783842
0.848215
0.913457
0.979555
1.04507
1.10996
1.17332
1.23271
1.28942
1.34641
1.40336
1.46144
1.52228
1.58651
1.6569
1.75418
1.80253
1.80322
1.82375
1.83936
1.84042
1.83963
1.84608
1.85558
1.86535
1.87464
1.88338
1.89059
1.89466
1.89365
1.88767
1.87651
1.85934
1.83446
1.79993
1.76098
1.70682
1.63426
1.5423
1.43217
1.30827
1.17831
1.04714
0.925668
0.826428
0.752218
0.70142
0.68138
0.692028
0.671187
0.603197
0.517674
0.443373
0.378425
0.320969
)
;
    }
    top
    {
        type            empty;
    }
    bottom
    {
        type            empty;
    }
    procBoundary1to0
    {
        type            processor;
        value           uniform 0;
    }
}


// ************************************************************************* //
