/*--------------------------------*- C++ -*----------------------------------*\
  =========                 |
  \\      /  F ield         | OpenFOAM: The Open Source CFD Toolbox
   \\    /   O peration     | Website:  https://openfoam.org
    \\  /    A nd           | Version:  10
     \\/     M anipulation  |
\*---------------------------------------------------------------------------*/
FoamFile
{
    format      ascii;
    class       volScalarField;
    location    "75000";
    object      yPlus;
}
// * * * * * * * * * * * * * * * * * * * * * * * * * * * * * * * * * * * * * //

dimensions      [0 0 0 0 0 0 0];

internalField   uniform 0;

boundaryField
{
    right
    {
        type            cyclic;
    }
    left
    {
        type            cyclic;
    }
    outerWall
    {
        type            calculated;
        value           nonuniform List<scalar> 0();
    }
    stirrerWall
    {
        type            calculated;
        value           nonuniform List<scalar> 
398
(
0.590634
0.404495
0.257473
0.178424
0.142486
0.125833
0.117659
0.113425
0.11144
0.111076
0.112139
0.114559
0.11828
0.123225
0.12933
0.136566
0.144935
0.154267
0.164477
0.175379
0.18692
0.199061
0.21161
0.224351
0.23717
0.24987
0.262235
0.274052
0.285072
0.294936
0.30332
0.310481
0.316214
0.320325
0.322939
0.324226
0.324356
0.323342
0.321647
0.31969
0.316912
0.311458
0.302864
0.292731
0.282396
0.271112
0.259752
0.248541
0.237302
0.226332
0.215555
0.205138
0.195145
0.185562
0.176339
0.167409
0.158631
0.150098
0.14192
0.134134
0.126741
0.119712
0.113017
0.106599
0.100498
0.0945395
0.0887352
0.0831233
0.0775515
0.072219
0.0670643
0.0622744
0.0581384
0.0548011
0.0520876
0.0494005
0.0455823
0.0390865
0.0284057
0.00819896
0.00819896
0.021859
0.00941607
0.0133954
0.0170677
0.0223103
0.0275658
0.0321883
0.0355871
0.0379149
0.0393053
0.0398834
0.0397925
0.039169
0.0381297
0.0367707
0.0351714
0.0333478
0.0315092
0.0296241
0.0278392
0.0262159
0.0247012
0.023282
0.0219567
0.0207329
0.0196467
0.0187461
0.0180929
0.0177732
0.0179086
0.0187911
0.0207114
0.0236773
0.0275748
0.0321297
0.037019
0.04198
0.0469262
0.0518227
0.0567955
0.0618102
0.0669255
0.0721753
0.0777697
0.0835442
0.0894792
0.0960278
0.104608
0.115948
0.129682
0.14688
0.167374
0.190957
0.218682
0.25156
0.289247
0.331582
0.37852
0.430019
0.486078
0.547007
0.613558
0.68685
0.76814
0.858725
0.960612
1.07722
1.21315
1.37419
1.56583
1.79242
2.05605
2.35498
2.68255
3.01935
3.34278
3.64339
3.91588
4.16497
4.38292
4.57177
4.73498
4.87559
4.99739
5.10424
5.19947
5.28763
5.373
5.45854
5.54569
5.63474
5.72619
5.81866
5.90634
5.97994
6.04337
6.09968
6.14532
6.1804
6.19699
6.20563
6.20755
6.20241
6.18977
6.16933
6.14145
6.10626
6.06213
6.00852
5.94527
5.87216
5.78894
5.69526
5.59079
5.47522
5.34817
5.21129
5.07109
4.92397
4.76824
4.60325
4.42918
4.24652
4.05602
3.85879
3.6565
3.4511
0.0336165
0.0396379
0.025905
0.0292126
0.0581279
0.12783
0.22845
0.324356
0.398554
0.446771
0.471527
0.47617
0.463928
0.435042
0.393258
0.349981
0.317648
0.286326
0.253925
0.221273
0.190041
0.161424
0.135989
0.113817
0.0946309
0.078338
0.0654587
0.0557503
0.0488138
0.0502025
0.0824248
0.190022
0.366921
0.48801
0.540232
0.548006
0.527161
0.510515
0.525495
0.568613
0.627331
0.689658
0.749157
0.804263
0.84913
0.904036
1.0105
1.23016
1.71881
3.24336
5.89489
8.83832
10.8102
10.8905
10.39
9.6675
10.1951
11.5172
12.0237
12.4725
12.6973
12.7425
12.9039
10.9706
11.3978
12.0447
11.9343
11.4851
11.7732
11.7792
12.0765
12.3754
12.6756
12.9777
13.28
13.5744
13.8565
14.1278
14.389
14.6414
14.8857
15.1229
15.3538
15.5791
15.7998
16.0169
16.2317
16.446
16.6592
16.8712
17.0824
17.2933
17.5042
17.7155
17.9274
18.1403
18.3545
18.5703
18.7881
19.0086
19.2318
19.4575
19.6863
19.9185
20.1544
20.3942
20.6385
20.8875
21.1418
21.4017
0.0336165
0.100626
0.157019
0.219249
0.22482
0.212808
0.199752
0.188544
0.224111
0.276278
0.344298
0.429036
0.5313
0.651158
0.786912
0.936062
1.09637
1.26518
1.43951
1.61677
1.79496
1.97292
2.14988
2.32619
2.50393
2.68873
2.87116
3.04434
3.20995
3.37039
3.5235
3.67121
3.81476
3.95565
4.10056
4.25255
4.40228
4.55956
4.73506
4.88001
5.01408
5.17296
5.36176
5.59145
5.86623
6.21452
6.67372
7.29836
8.17552
9.1684
10.2629
11.5199
11.037
10.8974
10.9452
11.8263
12.3109
12.4876
12.0404
10.6211
11.5651
10.4979
10.2448
11.6319
10.5487
11.7603
11.8248
11.6858
11.9274
12.0466
11.8817
11.2091
10.6906
10.8798
11.4835
7.5807
2.97343
1.09966
0.83036
0.747741
)
;
    }
    top
    {
        type            empty;
    }
    bottom
    {
        type            empty;
    }
    procBoundary1to0
    {
        type            processor;
        value           uniform 0;
    }
}


// ************************************************************************* //
