/*--------------------------------*- C++ -*----------------------------------*\
  =========                 |
  \\      /  F ield         | OpenFOAM: The Open Source CFD Toolbox
   \\    /   O peration     | Website:  https://openfoam.org
    \\  /    A nd           | Version:  10
     \\/     M anipulation  |
\*---------------------------------------------------------------------------*/
FoamFile
{
    format      ascii;
    class       volScalarField;
    location    "55000";
    object      yPlus;
}
// * * * * * * * * * * * * * * * * * * * * * * * * * * * * * * * * * * * * * //

dimensions      [0 0 0 0 0 0 0];

internalField   uniform 0;

boundaryField
{
    right
    {
        type            cyclic;
    }
    left
    {
        type            cyclic;
    }
    outerWall
    {
        type            calculated;
        value           nonuniform List<scalar> 0();
    }
    stirrerWall
    {
        type            calculated;
        value           nonuniform List<scalar> 
398
(
0.349691
0.225493
0.156462
0.124103
0.108558
0.100344
0.095399
0.0923801
0.0908628
0.0907774
0.0920883
0.0947048
0.0985022
0.103459
0.109474
0.116414
0.124251
0.13289
0.142179
0.152269
0.162867
0.173995
0.18548
0.197173
0.208919
0.220525
0.231816
0.242604
0.252642
0.261673
0.269532
0.276034
0.281226
0.28512
0.2877
0.289232
0.289906
0.289609
0.288183
0.286161
0.283903
0.279301
0.272035
0.263844
0.254975
0.245283
0.235088
0.225093
0.215152
0.205372
0.195708
0.18631
0.177256
0.168542
0.16013
0.151962
0.143907
0.13603
0.128462
0.121253
0.114411
0.107912
0.101725
0.0958016
0.090183
0.0846565
0.0793552
0.0741352
0.0691074
0.0642448
0.0595989
0.0553845
0.0518612
0.0490804
0.0468418
0.0445607
0.041184
0.0353596
0.025749
0.00744917
0.00744917
0.0198694
0.00849577
0.0120613
0.015229
0.0198065
0.0243952
0.0284182
0.031352
0.0333311
0.0344753
0.0348986
0.0347304
0.0340933
0.0330919
0.0318132
0.0303275
0.0286589
0.0269685
0.0252567
0.0236748
0.0222318
0.0208795
0.0195937
0.0183807
0.017258
0.0162572
0.015419
0.0147985
0.0144704
0.014542
0.0152793
0.0169305
0.0194974
0.0229023
0.0268834
0.0311219
0.0354088
0.0395699
0.0437042
0.0477709
0.0517813
0.0557424
0.0598224
0.0639804
0.068578
0.0735033
0.0792145
0.0865963
0.0964737
0.108369
0.123318
0.1408
0.160858
0.184392
0.211865
0.24313
0.278199
0.317065
0.35973
0.40618
0.456575
0.511365
0.57128
0.637205
0.710017
0.790821
0.881214
0.983524
1.10082
1.23666
1.39466
1.57715
1.78522
2.01813
2.26497
2.5114
2.74995
2.97478
3.19014
3.38645
3.56278
3.71952
3.85819
3.98008
4.0887
4.1878
4.28067
4.37046
4.45928
4.54789
4.63609
4.72401
4.81092
4.88952
4.95314
5.00821
5.05582
5.09105
5.11272
5.1213
5.12169
5.11485
5.10068
5.07901
5.05135
5.01611
4.97262
4.92098
4.86128
4.79344
4.71731
4.63283
4.53983
4.43766
4.32543
4.20681
4.08692
3.96127
3.82871
3.68897
3.54253
3.3902
3.23297
3.07209
2.90931
2.74672
2.58675
0.0298126
0.039199
0.0249403
0.0234703
0.039838
0.0777394
0.145861
0.219259
0.28202
0.327238
0.354478
0.365743
0.362982
0.346258
0.319735
0.285832
0.262582
0.240214
0.216717
0.192504
0.168663
0.1461
0.125449
0.106966
0.0906411
0.0763695
0.0642776
0.0547061
0.0475896
0.0430938
0.0460311
0.0799667
0.174708
0.294673
0.377888
0.420525
0.431425
0.422015
0.423746
0.449192
0.496404
0.548874
0.594819
0.637695
0.678823
0.71899
0.767545
0.847348
0.999979
1.25548
2.07418
3.99276
6.74814
9.37044
10.7131
10.2529
10.0956
10.4402
10.8949
11.2387
11.7724
12.0349
12.5558
12.7327
11.2114
11.3573
11.6953
13.2767
13.562
13.4869
11.9581
13.4927
11.5436
11.7265
12.0065
12.2787
12.5392
12.7894
13.0304
13.263
13.4883
13.707
13.92
14.1279
14.3315
14.5318
14.7299
14.9277
15.1244
15.32
15.515
15.7096
15.9043
16.0993
16.2949
16.4914
16.689
16.8881
17.0888
17.2917
17.4973
17.7055
17.9164
18.1303
18.3476
18.5686
18.7937
19.0232
19.2574
19.4966
0.0298126
0.087474
0.133242
0.183577
0.188043
0.182264
0.177808
0.165539
0.189026
0.226143
0.274163
0.333304
0.404166
0.487098
0.581789
0.68754
0.802964
0.926882
1.05782
1.19405
1.33391
1.47595
1.61927
1.76388
1.91081
2.06288
2.22729
2.38518
2.53725
2.68334
2.82384
2.9599
3.09078
3.2203
3.34956
3.4829
3.62222
3.75817
3.9023
4.04996
4.15852
4.26049
4.37361
4.50504
4.65982
4.84214
5.05731
5.32656
5.67771
6.14715
6.79034
7.62179
8.51045
9.52831
10.7212
10.4468
10.2739
11.0141
11.8389
10.3943
11.0252
10.0168
11.7609
12.0747
10.3824
10.0101
9.86815
9.70534
9.46373
11.2329
11.6851
10.3322
10.9405
8.54818
4.41279
1.48845
0.791947
0.699161
0.645682
0.508978
)
;
    }
    top
    {
        type            empty;
    }
    bottom
    {
        type            empty;
    }
    procBoundary1to0
    {
        type            processor;
        value           uniform 0;
    }
}


// ************************************************************************* //
