/*--------------------------------*- C++ -*----------------------------------*\
  =========                 |
  \\      /  F ield         | OpenFOAM: The Open Source CFD Toolbox
   \\    /   O peration     | Website:  https://openfoam.org
    \\  /    A nd           | Version:  10
     \\/     M anipulation  |
\*---------------------------------------------------------------------------*/
FoamFile
{
    format      ascii;
    class       volScalarField;
    location    "7000";
    object      yPlus;
}
// * * * * * * * * * * * * * * * * * * * * * * * * * * * * * * * * * * * * * //

dimensions      [0 0 0 0 0 0 0];

internalField   uniform 0;

boundaryField
{
    right
    {
        type            cyclic;
    }
    left
    {
        type            cyclic;
    }
    outerWall
    {
        type            calculated;
        value           nonuniform List<scalar> 0();
    }
    stirrerWall
    {
        type            calculated;
        value           nonuniform List<scalar> 
398
(
0.00984186
0.01004
0.00999187
0.00999219
0.0100173
0.0100581
0.0101017
0.0101484
0.0101914
0.0102322
0.0102696
0.0103028
0.0103298
0.0103463
0.0103529
0.0103509
0.0103412
0.0103264
0.0103057
0.0102809
0.0102551
0.0102304
0.0102087
0.0101931
0.0101822
0.0101704
0.0101551
0.0101314
0.0100881
0.0100195
0.00992882
0.00981293
0.00963608
0.00937173
0.00900528
0.00855676
0.00809823
0.00765837
0.00722326
0.00679122
0.00640431
0.00605508
0.00572211
0.00541766
0.00514766
0.0049198
0.00471959
0.00454106
0.00438502
0.00425043
0.00413575
0.00404242
0.00397054
0.00392088
0.00389197
0.00388336
0.00390349
0.00395479
0.00403691
0.0041459
0.004284
0.0044487
0.00463362
0.00483429
0.00504602
0.0052603
0.00546771
0.0056582
0.00582163
0.00594773
0.00602494
0.00604031
0.00597991
0.00582803
0.00556732
0.00517921
0.00464221
0.00390698
0.00282963
0.000816786
0.000816786
0.00217617
0.000848554
0.00102517
0.000960792
0.000941674
0.000905621
0.000867605
0.000829597
0.000794467
0.000763671
0.000738058
0.000717933
0.000702993
0.000692309
0.000684669
0.000679241
0.000676101
0.000676147
0.000680634
0.000689649
0.000702226
0.000717741
0.000736136
0.000757539
0.000781485
0.00080715
0.000834373
0.000862734
0.000891664
0.000922768
0.000956138
0.000992264
0.00103429
0.00106413
0.00114529
0.00119426
0.00123707
0.00152951
0.00148788
0.00163709
0.00209014
0.00185648
0.00237928
0.00263795
0.00217698
0.0035284
0.00325205
0.00346111
0.00410994
0.00430689
0.00627287
0.00446763
0.00938093
0.00503963
0.00695484
0.00437339
0.00455815
0.00571001
0.00529139
0.00886936
0.00914622
0.0147729
0.0191625
0.022765
0.0208388
0.0152624
0.0127183
0.00810457
0.00910452
0.00517093
0.00821545
0.00594439
0.00762206
0.0143707
0.015152
0.0467793
0.0235774
0.0513332
0.0213638
0.0278311
0.0265341
0.0168477
0.0277279
0.0370135
0.0246811
0.0372155
0.0187299
0.0242731
0.0191784
0.0157442
0.0217217
0.0112098
0.0151274
0.00871554
0.0114116
0.0113926
0.0116089
0.0187388
0.01351
0.018794
0.0235002
0.0164945
0.0168327
0.0182569
0.0120284
0.0133827
0.0143408
0.011712
0.0131581
0.0139305
0.0142646
0.0158268
0.0136728
0.0112723
0.0099739
0.00954769
0.00914987
0.00827633
0.0072931
0.00657016
0.00614207
0.00591233
0.00590389
0.0060236
0.00623781
0.0064516
0.00662342
0.000251067
0.000557515
0.000365999
0.000264082
0.000214096
0.000182623
0.000158266
0.000139358
0.000125324
0.00011548
0.000108533
0.000102788
9.76584e-05
9.31589e-05
8.92748e-05
8.60532e-05
8.35937e-05
8.19369e-05
8.11041e-05
8.11177e-05
8.19636e-05
8.35692e-05
8.57631e-05
8.82703e-05
9.07858e-05
9.30013e-05
9.46273e-05
9.54244e-05
9.52286e-05
9.39466e-05
9.15534e-05
8.81404e-05
8.38472e-05
7.88124e-05
7.33154e-05
6.7215e-05
6.0966e-05
5.48829e-05
4.7533e-05
6.01237e-05
6.6249e-05
0.000165459
0.000212774
0.000477117
0.000580527
0.00116231
0.00185752
0.00176022
0.0029958
0.00188325
0.0028069
0.0031114
0.00388813
0.00506448
0.0032368
0.00360092
0.0022467
0.00270832
0.00335768
0.00231619
0.00333496
0.00279609
0.00487326
0.00570694
0.00852059
0.0120451
0.0185157
0.0407251
0.0223277
0.0313075
0.00982003
0.0118263
0.0127493
0.0227153
0.0589926
0.0286215
0.0459862
0.0185601
0.0326208
0.0226729
0.0141121
0.0153141
0.0201735
0.0189481
0.032354
0.0252273
0.0311813
0.025622
0.0327864
0.0327123
0.0397662
0.0386607
0.0441002
0.0491098
0.0534838
0.0574028
0.0612703
0.065376
0.0726657
0.0800798
0.0840686
0.0873015
0.0920157
0.0987043
0.105779
0.113145
0.120842
0.128928
0.137425
0.146401
0.000251067
0.000737491
0.00104433
0.00134686
0.00159192
0.00153947
0.00129228
0.00109801
0.00106005
0.00119378
0.00146834
0.00132894
0.00101355
0.000780386
0.000596544
0.000439493
0.000289704
0.000275118
0.00025032
0.000222756
0.000206165
0.000241921
0.000262072
0.000274504
0.000288168
0.000319586
0.000365379
0.000403354
0.000448943
0.000507811
0.000580659
0.000674468
0.000803772
0.000954537
0.00110416
0.001227
0.00132939
0.00142451
0.00150773
0.00157832
0.00164135
0.00169985
0.00175443
0.00180497
0.00185072
0.0018903
0.00192273
0.00194929
0.00197545
0.0020115
0.00206984
0.00216227
0.00229885
0.00247649
0.00269735
0.00294826
0.00322937
0.00352453
0.00383047
0.0041342
0.00442419
0.00469696
0.00493647
0.00514413
0.00531627
0.00545661
0.00557955
0.00569889
0.00583727
0.00601026
0.00622733
0.00649173
0.00678229
0.00706774
0.00741216
0.00762593
0.0080764
0.00842878
0.00899623
0.00947327
)
;
    }
    top
    {
        type            empty;
    }
    bottom
    {
        type            empty;
    }
    procBoundary1to0
    {
        type            processor;
        value           uniform 0;
    }
}


// ************************************************************************* //
