/*--------------------------------*- C++ -*----------------------------------*\
  =========                 |
  \\      /  F ield         | OpenFOAM: The Open Source CFD Toolbox
   \\    /   O peration     | Website:  https://openfoam.org
    \\  /    A nd           | Version:  10
     \\/     M anipulation  |
\*---------------------------------------------------------------------------*/
FoamFile
{
    format      ascii;
    class       volScalarField;
    location    "40000";
    object      yPlus;
}
// * * * * * * * * * * * * * * * * * * * * * * * * * * * * * * * * * * * * * //

dimensions      [0 0 0 0 0 0 0];

internalField   uniform 0;

boundaryField
{
    right
    {
        type            cyclic;
    }
    left
    {
        type            cyclic;
    }
    outerWall
    {
        type            calculated;
        value           nonuniform List<scalar> 0();
    }
    stirrerWall
    {
        type            calculated;
        value           nonuniform List<scalar> 
398
(
0.182167
0.131948
0.10145
0.0849564
0.0764173
0.0718815
0.0693364
0.0680289
0.0677188
0.0683874
0.0700488
0.0726951
0.0762723
0.0807784
0.0860894
0.0920238
0.0986155
0.105855
0.113719
0.122159
0.131182
0.14059
0.150271
0.160094
0.169936
0.179632
0.188995
0.197879
0.206229
0.213847
0.220559
0.226193
0.230572
0.23378
0.236144
0.237819
0.238865
0.239123
0.238159
0.236002
0.233269
0.228964
0.223338
0.217475
0.21056
0.202969
0.195073
0.186777
0.178676
0.170695
0.162789
0.155059
0.147556
0.140276
0.133197
0.126278
0.119413
0.112669
0.106185
0.100014
0.0941658
0.0886189
0.0833248
0.0783153
0.0734261
0.0687594
0.0641998
0.0598338
0.0556301
0.0516196
0.0479467
0.044813
0.0423215
0.0404439
0.03897
0.037332
0.0346213
0.0297722
0.0217138
0.00629192
0.00629192
0.0167879
0.00713616
0.0100555
0.0124603
0.0160219
0.0196478
0.0228868
0.0252569
0.0268392
0.0277349
0.0280377
0.027851
0.0272762
0.0264011
0.0253004
0.0240125
0.0226446
0.0211891
0.0197517
0.0184608
0.0172641
0.0161313
0.0150493
0.0140281
0.0130819
0.012234
0.0115139
0.0109598
0.010626
0.0105933
0.011062
0.012233
0.0141284
0.0166527
0.0195983
0.0227321
0.025854
0.0288556
0.0317082
0.0345947
0.0375017
0.0404106
0.0433473
0.0464044
0.0497406
0.0534204
0.0577869
0.0632145
0.0706489
0.0795208
0.0907724
0.104004
0.119026
0.136501
0.156604
0.179333
0.204813
0.23311
0.264279
0.298348
0.335396
0.375604
0.41931
0.467011
0.519315
0.576859
0.640343
0.710722
0.789121
0.877009
0.976372
1.08901
1.21741
1.36379
1.52355
1.68912
1.85614
2.02071
2.1824
2.33742
2.48053
2.6116
2.72978
2.83624
2.93242
3.02116
3.10547
3.18729
3.26794
3.34714
3.42462
3.49996
3.57318
3.6391
3.69262
3.73826
3.77641
3.80393
3.81829
3.82188
3.81734
3.8056
3.78774
3.76368
3.73244
3.69427
3.64962
3.59865
3.54153
3.47846
3.40935
3.33373
3.25027
3.16167
3.06837
2.97586
2.87858
2.77645
2.67004
2.56042
2.44857
2.33543
2.22208
2.1099
2.00051
1.89576
1.79751
0.0239796
0.0365551
0.0237543
0.019542
0.0250717
0.040213
0.0697913
0.112908
0.154646
0.188944
0.213636
0.228579
0.233425
0.229926
0.220268
0.203577
0.189431
0.176519
0.163096
0.149066
0.134794
0.120636
0.107021
0.0942227
0.0824167
0.0717262
0.0621665
0.0539057
0.0471066
0.0420359
0.0392594
0.0418899
0.064934
0.113787
0.17877
0.236719
0.279864
0.306564
0.32034
0.336838
0.360546
0.392103
0.426639
0.458448
0.490377
0.52461
0.558856
0.596174
0.638379
0.69966
0.811599
0.989344
1.43867
2.61701
4.67889
7.15754
9.30047
10.2931
9.33043
9.77422
10.1317
10.6056
10.1574
12.1015
11.4116
11.4967
11.5855
12.0868
12.5325
12.8698
12.9048
11.5161
12.9386
13.3536
13.6811
13.14
11.8011
13.2295
11.4243
11.5322
11.6515
11.8485
12.04
12.2268
12.4097
12.5897
12.7678
12.9456
13.1224
13.2983
13.4736
13.6487
13.8238
13.9993
14.1754
14.3524
14.5304
14.7096
14.8902
15.0725
15.2568
15.4436
15.6332
15.8252
16.0203
16.2187
16.4207
16.6266
16.8366
17.0501
0.0239796
0.0685566
0.10104
0.137746
0.140285
0.138724
0.141416
0.142564
0.155656
0.180792
0.212497
0.250845
0.296104
0.348162
0.407067
0.472848
0.54532
0.62394
0.708235
0.797538
0.891102
0.988122
1.08807
1.19082
1.29673
1.40743
1.52768
1.65302
1.77579
1.89589
2.01345
2.12727
2.23713
2.34306
2.44775
2.55809
2.66285
2.77545
2.89151
3.0119
3.12589
3.19243
3.25376
3.32113
3.38722
3.45847
3.5354
3.62384
3.73009
3.85302
4.00049
4.18297
4.41424
4.70978
5.09173
5.58731
6.20034
6.83796
7.53315
8.30746
9.17362
10.1309
11.1516
9.54205
9.18847
11.2932
11.4996
11.4069
11.0212
10.066
7.88531
4.83349
2.1437
0.893906
0.61562
0.604525
0.585076
0.495014
0.380077
0.264902
)
;
    }
    top
    {
        type            empty;
    }
    bottom
    {
        type            empty;
    }
    procBoundary1to0
    {
        type            processor;
        value           uniform 0;
    }
}


// ************************************************************************* //
