/*--------------------------------*- C++ -*----------------------------------*\
  =========                 |
  \\      /  F ield         | OpenFOAM: The Open Source CFD Toolbox
   \\    /   O peration     | Website:  https://openfoam.org
    \\  /    A nd           | Version:  10
     \\/     M anipulation  |
\*---------------------------------------------------------------------------*/
FoamFile
{
    format      ascii;
    class       volScalarField;
    location    "53000";
    object      yPlus;
}
// * * * * * * * * * * * * * * * * * * * * * * * * * * * * * * * * * * * * * //

dimensions      [0 0 0 0 0 0 0];

internalField   uniform 0;

boundaryField
{
    right
    {
        type            cyclic;
    }
    left
    {
        type            cyclic;
    }
    outerWall
    {
        type            calculated;
        value           nonuniform List<scalar> 0();
    }
    stirrerWall
    {
        type            calculated;
        value           nonuniform List<scalar> 
398
(
0.360652
0.232746
0.152158
0.116504
0.102692
0.0959867
0.0917182
0.0888931
0.087575
0.0877346
0.0893014
0.0921054
0.0960316
0.101002
0.106926
0.11367
0.121221
0.129584
0.138675
0.14851
0.158833
0.169612
0.180716
0.192015
0.203371
0.21459
0.225498
0.235897
0.245538
0.254239
0.261916
0.268182
0.273176
0.276921
0.279434
0.280938
0.281632
0.281413
0.27999
0.277903
0.275525
0.270901
0.263874
0.256104
0.247488
0.23814
0.228336
0.218605
0.208994
0.199516
0.190157
0.181054
0.172273
0.163807
0.155629
0.147682
0.139835
0.132147
0.124757
0.117718
0.111044
0.104707
0.0986677
0.0928944
0.0873799
0.0819775
0.0768003
0.0716889
0.0668008
0.0620753
0.0575894
0.053563
0.0502341
0.0476279
0.0455369
0.0433749
0.0401105
0.034444
0.0250871
0.00725942
0.00725942
0.0193638
0.00826843
0.0117138
0.01473
0.0191107
0.0235259
0.0274116
0.0302575
0.0321806
0.0332967
0.0337151
0.0335588
0.032946
0.0319781
0.0307398
0.0292996
0.0276868
0.0260428
0.0243816
0.0228476
0.0214474
0.0201362
0.018889
0.0177123
0.0166242
0.0156557
0.0148478
0.0142538
0.0139441
0.014027
0.0147732
0.0163981
0.0188885
0.0221617
0.0259747
0.0300018
0.0340461
0.0379265
0.0418081
0.0456578
0.0495098
0.0533502
0.05733
0.061415
0.0658395
0.0706036
0.076082
0.0831299
0.0926231
0.104056
0.118438
0.135303
0.154607
0.177233
0.203622
0.233653
0.267355
0.304739
0.345814
0.390567
0.439137
0.491914
0.549558
0.612901
0.682792
0.760244
0.846641
0.944044
1.05519
1.18331
1.33199
1.50368
1.69991
1.9205
2.15564
2.39192
2.62226
2.8411
3.05112
3.24455
3.41907
3.57477
3.71312
3.83488
3.94345
4.04249
4.13535
4.22492
4.31326
4.4012
4.48851
4.57518
4.66079
4.73887
4.80197
4.85608
4.90303
4.93773
4.95933
4.96743
4.96728
4.95991
4.94523
4.92309
4.89525
4.85967
4.81591
4.76421
4.70466
4.63723
4.56173
4.47823
4.38641
4.28572
4.17521
4.05935
3.94201
3.81911
3.6896
3.55327
3.41067
3.26271
3.11038
2.95504
2.79843
2.64259
2.48995
0.0293188
0.0391749
0.0248983
0.0230166
0.0381637
0.0735504
0.137231
0.207248
0.267824
0.311989
0.339071
0.350852
0.349009
0.333867
0.309355
0.276965
0.255109
0.233936
0.211653
0.188625
0.165849
0.144184
0.124251
0.106324
0.0904247
0.0764511
0.0645319
0.0549492
0.0477541
0.0429904
0.0441991
0.0704558
0.153027
0.267763
0.354983
0.402324
0.41852
0.413191
0.412716
0.43249
0.473659
0.523286
0.571759
0.618011
0.6617
0.700324
0.743527
0.809336
0.937651
1.15404
1.78138
3.39682
5.93893
8.63756
10.6116
11.3515
11.6333
10.5476
10.922
10.1316
10.486
11.746
12.3177
12.6097
11.4897
12.9549
11.6662
13.339
13.6644
13.2026
11.6921
12.4541
13.4532
11.547
11.8226
12.0916
12.3488
12.596
12.834
13.0638
13.2863
13.5024
13.7128
13.9182
14.1193
14.3173
14.513
14.7084
14.9028
15.0962
15.2888
15.4811
15.6735
15.8662
16.0595
16.2537
16.4491
16.6458
16.8441
17.0445
17.2476
17.4534
17.6617
17.873
18.0877
18.3061
18.5285
18.7552
18.9867
19.223
0.0293188
0.0857986
0.130307
0.179095
0.182862
0.177518
0.173869
0.162725
0.185511
0.221251
0.267392
0.32407
0.391833
0.471019
0.561371
0.662335
0.77264
0.891236
1.01676
1.14766
1.28236
1.41945
1.55805
1.69811
1.84065
1.98847
2.14861
2.30341
2.45263
2.59613
2.73388
2.86661
2.99595
3.12327
3.24986
3.37985
3.51547
3.64998
3.79115
3.93683
4.04354
4.13965
4.24803
4.36975
4.51166
4.67987
4.87518
5.11623
5.42754
5.83947
6.39728
7.17266
8.01117
8.95097
10.054
11.3493
10.7988
10.5143
11.158
11.4508
10.9456
11.5132
10.0663
9.75118
10.7978
10.7497
10.5911
10.6938
11.5809
11.3418
9.55494
11.4077
11.2818
8.45308
4.24054
1.37679
0.744335
0.664996
0.618101
0.498566
)
;
    }
    top
    {
        type            empty;
    }
    bottom
    {
        type            empty;
    }
    procBoundary1to0
    {
        type            processor;
        value           uniform 0;
    }
}


// ************************************************************************* //
