/*--------------------------------*- C++ -*----------------------------------*\
  =========                 |
  \\      /  F ield         | OpenFOAM: The Open Source CFD Toolbox
   \\    /   O peration     | Website:  https://openfoam.org
    \\  /    A nd           | Version:  10
     \\/     M anipulation  |
\*---------------------------------------------------------------------------*/
FoamFile
{
    format      ascii;
    class       volScalarField;
    location    "51000";
    object      yPlus;
}
// * * * * * * * * * * * * * * * * * * * * * * * * * * * * * * * * * * * * * //

dimensions      [0 0 0 0 0 0 0];

internalField   uniform 0;

boundaryField
{
    right
    {
        type            cyclic;
    }
    left
    {
        type            cyclic;
    }
    outerWall
    {
        type            calculated;
        value           nonuniform List<scalar> 0();
    }
    stirrerWall
    {
        type            calculated;
        value           nonuniform List<scalar> 
398
(
0.30018
0.199134
0.143429
0.116338
0.102726
0.094976
0.0899982
0.0868439
0.0852617
0.0851435
0.0864365
0.0890188
0.092747
0.0975938
0.10344
0.110131
0.117633
0.12591
0.134901
0.144609
0.154881
0.165593
0.176663
0.187912
0.199207
0.210361
0.221194
0.231517
0.241078
0.249715
0.257367
0.26361
0.268564
0.272285
0.274826
0.276385
0.277154
0.277014
0.27563
0.273565
0.271214
0.266631
0.259793
0.252294
0.243851
0.234717
0.22514
0.215591
0.206167
0.196861
0.187663
0.178712
0.170072
0.161733
0.153666
0.145818
0.138066
0.130471
0.123171
0.116218
0.10962
0.103352
0.0973776
0.0916731
0.0862253
0.0808953
0.0757882
0.0707425
0.0659179
0.0612523
0.0568262
0.0528585
0.0495823
0.0470215
0.0449703
0.0428475
0.0396331
0.0340437
0.024804
0.00717978
0.00717978
0.0191529
0.00817413
0.0115882
0.0145691
0.0188974
0.0232529
0.0270749
0.0298614
0.0317355
0.0328123
0.0332011
0.0330252
0.032402
0.031432
0.0301989
0.0287658
0.0271767
0.0255505
0.0239129
0.0224033
0.0210242
0.0197337
0.0185077
0.0173522
0.0162851
0.0153376
0.0145493
0.0139718
0.0136738
0.0137634
0.0145171
0.0161168
0.0185437
0.0217091
0.0253822
0.0292411
0.0330946
0.03678
0.0404815
0.0441691
0.0479159
0.0516889
0.0556173
0.059666
0.0639956
0.068702
0.0740772
0.0809098
0.090181
0.101331
0.115357
0.131818
0.150617
0.172619
0.198238
0.227364
0.260039
0.296281
0.336108
0.379514
0.426624
0.477797
0.533645
0.594958
0.66256
0.737402
0.820733
0.914424
1.02092
1.14314
1.28457
1.44745
1.6335
1.84308
2.06705
2.29299
2.51418
2.72502
2.92855
3.11671
3.28708
3.43961
3.57549
3.6955
3.80277
3.90091
3.9934
4.08274
4.17079
4.25824
4.34478
4.43042
4.51475
4.59053
4.65161
4.70446
4.74942
4.78248
4.80171
4.80848
4.80717
4.79858
4.78268
4.7599
4.73091
4.69416
4.64947
4.59708
4.53706
4.46935
4.39391
4.31068
4.21924
4.11912
4.00986
3.89732
3.78193
3.66115
3.53399
3.40044
3.26118
3.11714
2.9694
2.81941
2.66893
2.52004
2.37513
0.0286644
0.0390507
0.0248803
0.0225527
0.0362608
0.0687244
0.127337
0.193535
0.25165
0.294664
0.321641
0.334112
0.333436
0.320159
0.29795
0.268106
0.247059
0.227041
0.206074
0.184364
0.162783
0.142131
0.123005
0.105702
0.0902869
0.0766798
0.0649736
0.0553959
0.0481151
0.0432448
0.0429774
0.0628839
0.130763
0.235838
0.324656
0.376406
0.39706
0.395187
0.396779
0.417345
0.46019
0.514051
0.562506
0.601121
0.634948
0.669465
0.711305
0.769019
0.874975
1.06258
1.49511
2.76281
5.02916
7.63551
9.47732
9.74589
10.5567
11.1561
11.4952
10.8734
9.90203
10.5645
11.8858
12.4224
12.8727
13.2017
13.3542
13.2413
12.7216
11.1751
11.6897
13.2869
11.4212
11.6416
11.6253
11.8911
12.1455
12.3897
12.6248
12.8517
13.0714
13.2848
13.4925
13.6953
13.8939
14.0894
14.2827
14.4756
14.6676
14.8585
15.0487
15.2387
15.4286
15.6189
15.8098
16.0017
16.1946
16.3888
16.5847
16.7826
16.983
17.1862
17.3918
17.6005
17.8124
18.028
18.2475
18.4713
18.6997
18.933
0.0286644
0.0836239
0.126543
0.173412
0.176726
0.171977
0.169352
0.159547
0.181308
0.215398
0.259328
0.313144
0.377342
0.452237
0.537629
0.633113
0.737581
0.850105
0.969454
1.0943
1.22316
1.35471
1.48805
1.62312
1.76079
1.90386
2.05914
2.21082
2.35715
2.49803
2.63307
2.76256
2.88999
3.01477
3.1387
3.26494
3.39594
3.52805
3.66485
3.8081
3.9124
4.00176
4.10477
4.21639
4.34323
4.49214
4.66582
4.87671
5.1452
5.49554
5.96236
6.60286
7.39843
8.25597
9.24042
10.3918
10.9009
11.1865
11.4319
10.7864
10.6407
11.4623
10.9927
9.87095
10.7174
12.093
10.294
9.65052
11.6251
11.6945
9.56001
9.03487
10.5491
7.2612
3.27063
1.05525
0.689799
0.662617
0.59142
0.444912
)
;
    }
    top
    {
        type            empty;
    }
    bottom
    {
        type            empty;
    }
    procBoundary1to0
    {
        type            processor;
        value           uniform 0;
    }
}


// ************************************************************************* //
