/*--------------------------------*- C++ -*----------------------------------*\
  =========                 |
  \\      /  F ield         | OpenFOAM: The Open Source CFD Toolbox
   \\    /   O peration     | Website:  https://openfoam.org
    \\  /    A nd           | Version:  10
     \\/     M anipulation  |
\*---------------------------------------------------------------------------*/
FoamFile
{
    format      ascii;
    class       volScalarField;
    location    "58000";
    object      yPlus;
}
// * * * * * * * * * * * * * * * * * * * * * * * * * * * * * * * * * * * * * //

dimensions      [0 0 0 0 0 0 0];

internalField   uniform 0;

boundaryField
{
    right
    {
        type            cyclic;
    }
    left
    {
        type            cyclic;
    }
    outerWall
    {
        type            calculated;
        value           nonuniform List<scalar> 0();
    }
    stirrerWall
    {
        type            calculated;
        value           nonuniform List<scalar> 
398
(
0.403258
0.259008
0.176362
0.136833
0.116709
0.105724
0.099206
0.0954871
0.0938005
0.0938167
0.095326
0.0981286
0.10211
0.107202
0.113303
0.120314
0.128216
0.137003
0.146507
0.156786
0.167579
0.178891
0.190558
0.202423
0.214338
0.22611
0.237551
0.248474
0.258619
0.267751
0.275699
0.282261
0.287498
0.291387
0.293941
0.295376
0.295885
0.295407
0.293907
0.291855
0.289397
0.284437
0.27691
0.268448
0.259297
0.249381
0.238953
0.228807
0.218715
0.208762
0.198958
0.189432
0.180257
0.17143
0.162909
0.15463
0.146467
0.138499
0.130849
0.123564
0.116647
0.110073
0.103812
0.0978051
0.0921159
0.0865042
0.0811165
0.0758212
0.070701
0.0657506
0.0610095
0.0566905
0.0530591
0.0501819
0.0478611
0.0455075
0.0420476
0.036092
0.0262709
0.00759631
0.00759631
0.0202592
0.00867651
0.0123203
0.0155853
0.0202964
0.0250199
0.029169
0.0322055
0.0342641
0.0354678
0.035932
0.0357881
0.035161
0.0341577
0.0328665
0.0313601
0.0296563
0.0279389
0.0261859
0.0245544
0.0230652
0.0216723
0.0203532
0.0191117
0.0179635
0.0169416
0.0160885
0.0154604
0.0151369
0.0152371
0.0160586
0.0177975
0.0204687
0.0239787
0.0280397
0.0323307
0.0366299
0.0408005
0.0449664
0.0491299
0.0533409
0.0575676
0.0619713
0.0664567
0.0713348
0.0764948
0.0823376
0.0898406
0.099972
0.112157
0.127403
0.145453
0.16613
0.190361
0.218782
0.251203
0.287581
0.327911
0.372194
0.420409
0.472731
0.529655
0.591976
0.660645
0.736589
0.821023
0.915763
1.02344
1.14752
1.29194
1.4604
1.65528
1.87732
2.125
2.38633
2.64574
2.89531
3.12931
3.352
3.55383
3.7343
3.89423
4.03518
4.15889
4.26893
4.36898
4.46234
4.55255
4.64192
4.73138
4.82075
4.91027
4.99898
5.07959
5.14509
5.20174
5.25122
5.28813
5.31184
5.32199
5.32389
5.31862
5.30605
5.28593
5.25929
5.22544
5.1833
5.13274
5.07381
5.00645
4.93052
4.8458
4.75223
4.64931
4.53617
4.41401
4.29176
4.16347
4.02794
3.88479
3.73438
3.57739
3.41476
3.24765
3.07767
2.9069
2.73778
0.0306236
0.0394634
0.0252261
0.0245712
0.0432681
0.0860535
0.161428
0.239251
0.304326
0.350223
0.377057
0.387093
0.38264
0.3637
0.334326
0.29863
0.273661
0.249752
0.224713
0.19898
0.173743
0.149992
0.128363
0.109088
0.0921338
0.0773886
0.0649856
0.0553248
0.0481363
0.0439826
0.0492566
0.0923581
0.203994
0.331097
0.410601
0.448746
0.453986
0.439889
0.44064
0.466987
0.516436
0.573917
0.628305
0.676108
0.717546
0.756494
0.807539
0.899337
1.07965
1.4323
2.58606
4.89645
7.84757
10.4088
11.6104
11.5802
10.5435
10.1532
12.0168
10.4908
11.8685
12.4271
12.6437
11.1922
11.4656
12.4852
10.9993
11.5554
11.467
12.4495
13.4972
11.5098
11.6931
11.9776
12.2617
12.5382
12.8028
13.0572
13.3021
13.5386
13.7676
13.99
14.2065
14.4178
14.6248
14.8284
15.0298
15.2308
15.4307
15.6296
15.8277
16.0256
16.2234
16.4216
16.6205
16.8202
17.0211
17.2234
17.4275
17.6339
17.8431
18.0547
18.2691
18.4866
18.7076
18.9324
19.1612
19.3946
19.6328
19.8761
0.0306236
0.0902178
0.138121
0.190563
0.195022
0.188283
0.182471
0.169606
0.195593
0.235453
0.287001
0.350612
0.426942
0.516336
0.618303
0.73185
0.855404
0.987535
1.12657
1.27051
1.41763
1.5664
1.71607
1.8669
2.02011
2.17925
2.34745
2.50844
2.66295
2.81116
2.95415
3.09274
3.22548
3.35627
3.48818
3.62399
3.76503
3.90305
4.05472
4.20129
4.30555
4.41821
4.54497
4.6912
4.86625
5.07306
5.32423
5.64464
6.06849
6.64402
7.44657
8.33152
9.31937
10.469
11.2515
10.7872
11.7432
10.2311
10.8793
10.0319
9.95178
10.012
10.1078
10.2113
10.2981
10.309
11.5722
11.4621
11.1867
10.8097
12.0267
11.9305
11.023
10.499
6.70587
2.70218
1.00045
0.737016
0.686044
0.568504
)
;
    }
    top
    {
        type            empty;
    }
    bottom
    {
        type            empty;
    }
    procBoundary1to0
    {
        type            processor;
        value           uniform 0;
    }
}


// ************************************************************************* //
