/*--------------------------------*- C++ -*----------------------------------*\
  =========                 |
  \\      /  F ield         | OpenFOAM: The Open Source CFD Toolbox
   \\    /   O peration     | Website:  https://openfoam.org
    \\  /    A nd           | Version:  10
     \\/     M anipulation  |
\*---------------------------------------------------------------------------*/
FoamFile
{
    format      ascii;
    class       volVectorField;
    location    "600";
    object      U;
}
// * * * * * * * * * * * * * * * * * * * * * * * * * * * * * * * * * * * * * //

dimensions      [0 1 -1 0 0 0 0];

internalField   nonuniform List<vector> 
2000
(
(4.64249 40.068 2.34606e-17)
(0.165497 49.7476 2.45441e-17)
(0.546881 54.6943 -1.88894e-17)
(1.22769 59.0366 0)
(2.23811 63.3348 0)
(3.48595 67.5774 4.44461e-16)
(4.60368 71.5866 -4.96723e-16)
(5.27186 75.0188 -5.72633e-16)
(5.38596 77.6646 6.87403e-16)
(4.95503 79.5401 8.56519e-16)
(4.05982 80.811 1.10782e-15)
(2.66619 81.7701 0)
(0.585423 82.9297 2.04118e-15)
(-2.14599 84.9063 2.54378e-15)
(-4.64899 87.2153 2.9193e-15)
(-5.69686 88.633 2.54862e-15)
(-6.0675 88.4989 -2.07398e-15)
(-5.95367 87.6135 8.78627e-16)
(-5.64505 86.8675 7.74267e-16)
(-5.303 86.562 2.9397e-15)
(3.01623 40.8957 -1.39287e-16)
(-2.62224 49.8835 -1.14792e-17)
(-1.48989 54.0102 -2.64169e-16)
(-0.887235 58.0218 -9.89172e-16)
(-0.189862 62.1892 1.77401e-16)
(0.709954 66.4376 -1.95033e-15)
(1.52541 70.6558 1.00298e-15)
(1.9354 74.4784 1.78349e-15)
(1.79956 77.5478 6.86396e-16)
(1.13988 79.9546 8.57653e-16)
(-0.0510382 81.7342 -2.20493e-15)
(-1.88016 83.424 -1.47671e-15)
(-4.86156 85.5375 -2.31528e-15)
(-7.64818 88.3017 -2.64746e-15)
(-9.53015 89.4742 -7.46278e-15)
(-10.2065 88.7955 -2.66508e-15)
(-10.0106 88.0342 5.8902e-15)
(-9.70125 87.1312 -5.09303e-15)
(-9.19433 86.4445 0)
(-8.66901 86.1099 -4.29038e-15)
(1.43042 40.4413 8.73833e-17)
(-4.46396 49.663 -1.06038e-16)
(-2.89928 53.5865 2.71116e-16)
(-2.37655 57.569 9.57857e-16)
(-2.18177 61.749 1.72094e-15)
(-1.86407 65.9615 4.58949e-16)
(-1.51389 70.2139 1.13634e-15)
(-1.37949 74.2717 -1.85717e-15)
(-1.7458 77.7599 -1.49828e-15)
(-2.69107 80.6073 -1.83477e-15)
(-4.23603 82.9398 2.36491e-15)
(-6.61103 85.2336 0)
(-9.57666 88.4849 -7.41178e-15)
(-12.0236 90.74 0)
(-13.616 90.0981 0)
(-14.083 88.1577 0)
(-13.6921 87.3539 3.9188e-15)
(-13.1261 86.4328 -6.54429e-15)
(-12.4955 85.6593 0)
(-11.8548 85.2862 2.7968e-15)
(-0.17007 40.0744 6.79256e-17)
(-6.34949 48.9903 -8.77427e-17)
(-4.6587 52.8522 0)
(-4.12352 56.8166 1.70951e-15)
(-4.14831 61.0341 5.9912e-16)
(-4.26128 65.335 2.82717e-16)
(-4.41378 69.6771 -2.24693e-17)
(-4.67462 73.9335 3.94134e-15)
(-5.32873 77.8174 0)
(-6.53516 81.1699 1.74062e-15)
(-8.42151 84.0829 2.22193e-15)
(-11.0274 87.3056 5.63523e-15)
(-13.7864 90.7706 5.45684e-15)
(-16.073 91.8941 1.15636e-14)
(-17.2725 90.1407 -6.31025e-15)
(-17.434 87.5142 -2.00054e-16)
(-17.0796 86.5175 1.42837e-14)
(-16.361 85.4674 6.49685e-15)
(-15.6243 84.6092 5.90481e-15)
(-14.8993 84.2397 5.48823e-15)
(-1.75286 39.7048 0)
(-8.12247 48.1258 8.3429e-17)
(-6.51238 52.008 -5.49098e-16)
(-6.06558 55.9924 -2.15363e-15)
(-6.11964 60.2867 -2.86103e-15)
(-6.46827 64.6881 9.28134e-16)
(-6.99727 69.1546 -2.50291e-15)
(-7.69384 73.5928 -4.09814e-15)
(-8.69516 77.8254 -1.48135e-15)
(-10.1909 81.6873 3.37889e-16)
(-12.3925 85.2863 -4.18229e-15)
(-15.0831 89.18 -4.66227e-15)
(-17.7554 92.371 -4.67268e-15)
(-19.7028 92.5082 -5.00253e-15)
(-20.632 89.9217 0)
(-20.4821 87.1018 2.59988e-16)
(-20.1834 85.654 1.80937e-16)
(-19.347 84.38 -6.28758e-15)
(-18.5537 83.3857 -1.7436e-14)
(-17.7475 83.0148 5.185e-15)
(-3.30267 39.3034 0)
(-9.80534 47.1358 -8.71305e-17)
(-8.26816 51.0014 0)
(-8.13275 55.12 1.34625e-15)
(-8.1667 59.5 3.3734e-15)
(-8.69186 63.9701 0)
(-9.39653 68.5711 4.92072e-15)
(-10.4076 73.2208 8.50166e-15)
(-11.737 77.7856 0)
(-13.567 82.1196 -3.4778e-15)
(-15.9344 86.404 8.98351e-15)
(-18.6262 90.6969 5.99753e-16)
(-21.1684 93.3734 4.67342e-15)
(-22.713 92.8044 -4.5851e-15)
(-23.3975 89.81 0)
(-23.024 86.8337 -1.72159e-14)
(-22.9682 84.8776 -6.96714e-15)
(-22.0396 83.2394 0)
(-21.1995 82.0349 1.1422e-14)
(-20.3287 81.6406 -2.089e-14)
(-4.8168 38.8679 7.15291e-16)
(-11.4842 46.0933 -2.924e-16)
(-10.0458 49.8965 -4.04163e-16)
(-10.2024 54.1458 -4.22046e-16)
(-10.2643 58.6401 -2.27849e-16)
(-10.952 63.1678 -2.47287e-15)
(-11.7757 67.8704 4.79887e-15)
(-12.9288 72.7366 -8.05579e-15)
(-14.4873 77.6411 -9.76259e-15)
(-16.5721 82.4453 6.51858e-15)
(-19.0345 87.3187 -4.04548e-15)
(-21.7402 91.818 -4.03176e-15)
(-24.0386 94.0886 3.7222e-15)
(-25.3282 92.9994 -9.47355e-15)
(-25.7706 89.8927 0)
(-25.2523 86.9435 3.64559e-14)
(-25.4078 84.2341 -2.80239e-14)
(-24.3794 82.1295 1.19221e-14)
(-23.5014 80.654 1.12191e-14)
(-22.5911 80.1896 1.89042e-16)
(-6.30505 38.4116 2.03376e-16)
(-13.147 45.0233 -1.80083e-17)
(-11.8413 48.6985 4.53105e-16)
(-12.1272 52.9913 -1.67001e-15)
(-12.399 57.6613 -3.43972e-15)
(-13.1927 62.2775 0)
(-14.188 67.0427 -4.88759e-15)
(-15.3955 72.073 0)
(-17.0743 77.3021 6.04149e-15)
(-19.271 82.5891 0)
(-21.7878 87.9497 0)
(-24.5158 92.5626 -4.92534e-16)
(-26.4429 94.6102 1.5405e-14)
(-27.553 93.1406 9.93455e-15)
(-27.7956 90.095 4.76683e-16)
(-27.1746 87.3257 -1.89204e-14)
(-27.4126 83.7847 0)
(-26.2951 81.1617 0)
(-25.3897 79.3485 1.08921e-14)
(-24.475 78.7489 2.07833e-14)
(-7.77894 37.9465 -7.68288e-16)
(-14.802 43.933 1.03109e-15)
(-13.6266 47.4148 5.5304e-16)
(-13.9959 51.6804 -3.40772e-16)
(-14.5651 56.5261 -2.01253e-15)
(-15.3739 61.2836 1.6635e-15)
(-16.5887 66.0893 2.70441e-15)
(-17.8656 71.2057 -2.29858e-15)
(-19.5879 76.7094 0)
(-21.755 82.4471 -6.85804e-15)
(-24.2691 88.2346 6.09704e-15)
(-26.8509 92.9691 -6.96211e-15)
(-28.4647 94.8487 0)
(-29.2035 93.3522 2.71436e-16)
(-29.2162 90.5566 5.5525e-16)
(-28.43 88.1205 2.28022e-14)
(-28.7827 83.7411 -3.04768e-14)
(-27.6563 80.5136 1.21148e-14)
(-26.7624 78.286 -1.09773e-14)
(-25.9281 77.4621 -1.03499e-14)
(-9.25263 37.4878 0)
(-16.4569 42.8221 1.2118e-16)
(-15.42 46.0754 -2.07228e-16)
(-15.9496 50.2586 2.27889e-16)
(-16.8159 55.2489 0)
(-17.5233 60.1458 0)
(-18.9229 64.9947 -7.01763e-15)
(-20.3166 70.1368 2.20486e-15)
(-22.0405 75.8209 -1.14206e-14)
(-24.1002 81.9191 -1.14772e-15)
(-26.489 88.0726 1.23501e-14)
(-28.7962 93.0178 -6.32664e-15)
(-30.0383 94.9173 4.51352e-16)
(-30.4352 93.6224 7.99197e-16)
(-30.2559 91.1889 -1.49268e-14)
(-29.2319 89.0719 0)
(-29.4239 84.2436 -1.75386e-14)
(-28.4108 80.3438 5.24791e-14)
(-27.5721 77.6553 -2.20358e-14)
(-26.9236 76.5342 1.05178e-14)
(-10.7471 37.0513 -9.87638e-17)
(-18.1078 41.717 -4.48038e-16)
(-17.292 44.7217 2.0496e-16)
(-18.023 48.7257 4.31198e-16)
(-19.0161 53.7333 1.09201e-15)
(-19.7141 58.816 0)
(-21.1701 63.7075 1.92902e-15)
(-22.6862 68.8292 2.10384e-15)
(-24.407 74.589 -5.55346e-15)
(-26.3331 80.9191 1.06983e-14)
(-28.4885 87.3318 6.46526e-15)
(-30.4227 92.4579 -6.19633e-15)
(-31.3779 94.5723 1.42964e-14)
(-31.5293 93.6555 9.70018e-15)
(-31.2546 91.5964 1.57539e-14)
(-29.9589 90.2158 1.82196e-15)
(-29.4886 85.7383 -2.06262e-14)
(-28.6067 81.0021 -8.96105e-17)
(-27.8663 77.7951 -2.43953e-14)
(-27.5985 76.2727 -1.14937e-14)
(-12.2599 36.6445 0)
(-19.7724 40.6495 2.43471e-16)
(-19.2899 43.3717 -2.32694e-16)
(-20.2742 47.0705 -8.34052e-16)
(-21.2026 51.9124 2.62076e-15)
(-22.0848 57.2444 -1.48847e-15)
(-23.3873 62.1786 0)
(-24.9719 67.2738 0)
(-26.7083 72.9909 5.01118e-15)
(-28.4436 79.3847 0)
(-30.3335 85.9783 3.41285e-16)
(-31.9594 91.3518 -1.07568e-14)
(-32.6379 93.8371 6.33021e-15)
(-32.5285 93.4484 -8.43801e-15)
(-32.1009 91.4948 0)
(-30.8314 89.5805 1.83135e-14)
(-29.9248 86.1131 0)
(-29.1278 81.6459 -1.26618e-14)
(-28.4816 78.2341 -2.14315e-14)
(-28.5547 76.5166 1.87835e-14)
(-13.7963 36.2795 8.14811e-16)
(-21.5051 39.6575 1.06361e-15)
(-21.3551 42.0395 0)
(-22.6012 45.2924 -8.2342e-16)
(-23.6992 49.8128 -6.83116e-16)
(-24.777 55.3626 -1.54654e-15)
(-25.6626 60.2901 0)
(-27.2804 65.3438 0)
(-29.0131 70.9631 4.51916e-15)
(-30.5754 77.2987 0)
(-32.1891 83.9792 5.17087e-15)
(-33.497 89.6452 -4.65713e-15)
(-33.9299 92.5152 -5.46264e-15)
(-33.5638 92.9621 6.78359e-16)
(-33.015 91.477 -3.0003e-14)
(-32.075 89.6649 1.31005e-14)
(-30.8906 86.4253 -1.37727e-14)
(-29.918 82.2993 0)
(-29.367 78.9619 -9.31772e-15)
(-29.8555 77.2531 2.67514e-14)
(-15.3551 35.97 -5.95199e-16)
(-23.3222 38.7584 -2.22122e-15)
(-23.5463 40.8126 2.92154e-16)
(-25.0133 43.4794 7.5988e-16)
(-26.3429 47.4145 1.97269e-15)
(-27.7074 52.9746 -4.75612e-15)
(-28.1305 57.9668 8.6023e-15)
(-29.7311 62.9251 -9.06257e-15)
(-31.4021 68.4246 -7.24477e-16)
(-32.8522 74.5854 -5.00464e-15)
(-34.1984 81.2301 1.26636e-14)
(-35.1604 87.1297 -9.04531e-15)
(-35.3909 90.4213 5.45091e-15)
(-34.7822 91.7819 0)
(-34.013 90.9884 0)
(-33.1596 89.5289 0)
(-31.931 86.659 1.28335e-14)
(-30.8434 82.8754 4.00891e-16)
(-30.5605 79.8396 -8.31672e-15)
(-31.7758 78.3571 -8.34712e-15)
(-16.9344 35.7509 4.27286e-16)
(-25.1972 37.9748 2.37883e-15)
(-25.7861 39.715 -1.06116e-16)
(-27.5447 41.7937 1.01999e-16)
(-29.121 44.9167 1.02145e-15)
(-30.6745 49.8968 -1.29784e-15)
(-31.0909 55.3853 0)
(-32.3731 59.9999 0)
(-34.0186 65.2944 0)
(-35.3597 71.1837 0)
(-36.4719 77.6522 -9.08262e-15)
(-37.1221 83.7488 1.41363e-14)
(-37.1657 87.6308 -4.6136e-15)
(-36.3486 89.6149 0)
(-35.3459 89.7544 0)
(-34.4644 88.899 0)
(-33.2155 86.55 1.97739e-14)
(-32.2354 83.2668 3.03849e-16)
(-32.8417 80.7215 5.86307e-16)
(-35.1235 79.6111 0)
(-18.5551 35.5784 0)
(-27.0681 37.2906 -5.02362e-15)
(-27.96 38.844 -9.99602e-17)
(-30.0208 40.4207 1.27548e-15)
(-31.9613 42.7063 -2.74229e-15)
(-33.6872 46.3466 0)
(-34.6491 52.0562 0)
(-35.554 56.7946 1.02082e-14)
(-37.0469 61.635 0)
(-38.3041 66.9962 0)
(-39.1919 73.114 -8.49204e-15)
(-39.5911 79.1621 1.33186e-14)
(-39.4024 83.59 -4.44545e-15)
(-38.4976 86.2322 -2.219e-14)
(-37.3708 87.2667 -1.46734e-15)
(-36.4955 87.1774 -1.60782e-15)
(-35.4188 85.5286 3.25592e-14)
(-35.0856 83.1018 1.50762e-14)
(-36.875 81.3466 0)
(-40.3622 80.7139 -1.66065e-14)
(-20.2546 35.3987 0)
(-28.852 36.6567 2.66836e-15)
(-29.9147 38.2178 -4.74291e-16)
(-32.2161 39.5243 -7.08058e-16)
(-34.5663 41.1923 2.19941e-15)
(-36.8268 43.5269 0)
(-38.4598 47.6119 0)
(-39.3539 52.7729 -5.27943e-16)
(-40.7035 57.6765 -6.5411e-15)
(-41.7715 62.301 4.91982e-15)
(-42.4709 67.6349 1.03796e-14)
(-42.7701 73.3943 -1.00077e-14)
(-42.4829 78.1716 -2.03031e-14)
(-41.6013 81.4426 2.05809e-14)
(-40.5661 83.1982 1.21062e-14)
(-39.9375 83.8689 -1.64813e-14)
(-39.3922 83.1228 -1.11954e-15)
(-40.026 81.8549 -1.54371e-14)
(-43.379 81.0981 -1.68587e-14)
(-48.6133 81.1536 3.87128e-14)
(-22.0773 35.1556 0)
(-30.4394 35.9714 -2.69192e-15)
(-31.4972 37.7896 5.17168e-16)
(-33.8762 39.1974 8.33131e-16)
(-36.5238 40.5261 5.18882e-16)
(-39.2412 42.1848 0)
(-41.6671 44.4415 0)
(-43.397 48.3124 -5.0523e-15)
(-44.6251 52.77 -1.24774e-15)
(-45.6568 57.4371 6.03164e-15)
(-46.3377 61.965 0)
(-46.6595 66.7735 0)
(-46.5838 71.3588 1.08801e-14)
(-46.0879 74.9649 -1.36152e-15)
(-45.6319 77.3575 1.50602e-14)
(-45.7941 78.727 -1.5401e-14)
(-46.2144 79.104 0)
(-48.621 79.0219 0)
(-53.7485 79.3693 0)
(-59.6168 80.0849 0)
(-24.136 34.6828 -2.29582e-16)
(-31.7242 35.1608 6.27207e-15)
(-32.7008 37.4727 -3.87534e-16)
(-34.9648 39.3441 -1.77151e-15)
(-37.5347 40.9769 -2.2517e-15)
(-40.2842 42.5235 7.15691e-15)
(-43.0958 44.2717 0)
(-45.5665 46.5128 -8.22018e-15)
(-47.4698 49.8859 -6.0204e-15)
(-48.816 53.683 6.36546e-15)
(-50.0325 57.9003 2.59607e-14)
(-51.0887 61.7184 -2.62518e-14)
(-51.603 65.0885 3.20585e-14)
(-51.839 68.0598 -1.56248e-14)
(-52.3609 70.4176 1.99421e-14)
(-53.5477 72.2062 -3.93966e-14)
(-55.7488 73.3558 2.3333e-14)
(-59.7401 74.0428 -2.74029e-14)
(-64.5782 75.4354 0)
(-65.8382 76.4764 0)
(-26.8685 33.7549 0)
(-32.2168 34.4944 1.1185e-15)
(-33.2419 36.8798 -2.9809e-15)
(-35.3734 39.0507 0)
(-37.812 41.065 0)
(-40.5397 43.0447 -8.30452e-15)
(-43.541 45.0529 -5.51415e-15)
(-46.6607 47.1448 5.24411e-15)
(-49.5727 49.4412 0)
(-52.0762 51.902 0)
(-53.5433 54.7166 -1.93984e-14)
(-54.5375 57.9887 0)
(-55.343 61.515 -2.94389e-14)
(-56.3721 64.8085 -3.13048e-14)
(-57.9011 67.9825 6.37622e-14)
(-60.1388 71.0928 3.64546e-14)
(-62.641 74.5719 0)
(-64.1032 78.1221 5.42019e-14)
(-65.592 79.9277 5.74692e-14)
(-67.3827 79.1701 -6.4228e-14)
(-4.95286 86.67 -1.32714e-15)
(-4.60688 87.2036 -1.91087e-17)
(-4.31433 88.1069 1.1352e-15)
(-4.02153 89.3675 -1.10219e-15)
(-3.68578 91.0135 1.00352e-15)
(-3.37716 93.007 -9.8827e-16)
(-3.13397 95.1931 8.96928e-16)
(-2.94657 97.4795 8.86019e-16)
(-2.80002 99.8422 -8.00284e-16)
(-2.68056 102.326 -1.55546e-15)
(-2.5798 104.971 -2.99623e-15)
(-2.50696 107.81 1.37781e-15)
(-2.44622 110.823 0)
(-2.42279 114.066 0)
(-2.43915 117.49 -2.51888e-15)
(-2.32646 121.057 0)
(-2.94158 125.517 0)
(-0.806458 127.731 1.10748e-15)
(-8.39797 138.963 -1.07388e-15)
(12.7163 126.647 3.59152e-15)
(-8.21823 86.1915 -2.70641e-15)
(-7.84103 86.7036 -1.30912e-15)
(-7.54205 87.5905 -4.26634e-17)
(-7.27615 88.8411 -2.14759e-15)
(-7.0071 90.5079 -4.13544e-15)
(-6.77888 92.5537 3.77325e-15)
(-6.63017 94.7917 7.52283e-17)
(-6.53778 97.1122 -3.37493e-15)
(-6.4823 99.5014 -3.27154e-15)
(-6.45604 102.008 -1.62763e-15)
(-6.45478 104.676 4.35356e-15)
(-6.49276 107.536 2.75576e-15)
(-6.54328 110.568 8.06799e-15)
(-6.65147 113.825 0)
(-6.77742 117.263 7.55124e-15)
(-6.82044 120.84 -4.96162e-15)
(-7.56335 125.285 9.19904e-15)
(-5.56543 127.549 4.42878e-15)
(-13.4747 138.563 -4.30634e-15)
(7.94849 126.985 -3.64631e-19)
(-11.3331 85.3998 -5.32513e-15)
(-10.9236 85.9711 4.76166e-15)
(-10.6469 86.9189 1.1385e-14)
(-10.4171 88.1881 -2.05462e-15)
(-10.2062 89.8891 0)
(-10.0672 91.987 -7.49734e-17)
(-10.0239 94.2712 3.55065e-15)
(-10.0389 96.6244 0)
(-10.0895 99.0364 3.25839e-15)
(-10.1722 101.562 -6.34277e-15)
(-10.2839 104.245 5.7519e-15)
(-10.4419 107.118 -5.63687e-15)
(-10.6091 110.166 1.45882e-16)
(-10.8531 113.429 -5.08518e-15)
(-11.0925 116.884 -5.02911e-15)
(-11.2995 120.456 0)
(-12.1698 124.898 -4.66035e-15)
(-10.316 127.208 0)
(-18.593 137.922 -8.84464e-15)
(3.28642 127.194 0)
(-14.314 84.4372 8.51098e-17)
(-13.8916 85.1118 -4.70004e-15)
(-13.6459 86.1282 -8.95057e-15)
(-13.4768 87.4193 0)
(-13.3351 89.1583 -8.16966e-15)
(-13.2914 91.315 3.67067e-15)
(-13.3588 93.6467 3.62393e-15)
(-13.4842 96.0304 6.88762e-15)
(-13.6451 98.46 -6.52734e-15)
(-13.8404 100.997 6.33928e-15)
(-14.0686 103.69 2.91451e-16)
(-14.3496 106.568 -5.49802e-15)
(-14.6369 109.626 0)
(-15.0197 112.882 1.04515e-14)
(-15.3751 116.351 -1.03384e-14)
(-15.7496 119.901 -2.68692e-16)
(-16.7447 124.35 -9.60292e-15)
(-15.0394 126.697 8.5809e-15)
(-23.6348 137.032 9.46828e-15)
(-1.3373 127.283 3.22824e-16)
(-17.0951 83.3152 2.04624e-14)
(-16.6776 84.1384 -1.41931e-14)
(-16.501 85.2493 4.27895e-15)
(-16.4154 86.5664 0)
(-16.3605 88.3444 0)
(-16.4289 90.5613 -7.77618e-15)
(-16.621 92.9376 1.43555e-14)
(-16.8679 95.3463 -1.39101e-14)
(-17.1478 97.7859 6.06444e-15)
(-17.4623 100.326 1.20877e-14)
(-17.8115 103.019 1.20863e-14)
(-18.2181 105.892 -1.12763e-14)
(-18.629 108.953 1.05623e-14)
(-19.1517 112.188 1.49467e-17)
(-19.6265 115.672 1.03421e-14)
(-20.1681 119.176 2.57972e-16)
(-21.2896 123.645 -9.605e-15)
(-19.7359 126.007 1.69891e-14)
(-28.621 135.897 -1.76708e-14)
(-5.94739 127.278 -1.46341e-14)
(-19.6408 82.0624 5.18226e-15)
(-19.2603 83.0843 -4.37206e-15)
(-19.1945 84.3211 1.56272e-16)
(-19.2201 85.6628 0)
(-19.2735 87.4736 0)
(-19.4758 89.7444 -1.5549e-14)
(-19.8094 92.156 1.42185e-14)
(-20.1901 94.5796 2.78881e-14)
(-20.5978 97.0184 -1.92857e-14)
(-21.0373 99.5505 -1.26981e-14)
(-21.5114 102.236 2.36178e-14)
(-22.0458 105.094 -4.51758e-14)
(-22.5843 108.151 1.03013e-14)
(-23.2456 111.353 1.01939e-14)
(-23.8455 114.852 1.03498e-14)
(-24.5495 118.287 -9.39227e-15)
(-25.7988 122.785 0)
(-24.4034 125.142 1.76434e-14)
(-33.5051 134.526 1.88284e-14)
(-10.665 127.169 1.5308e-14)
(-21.9087 80.7357 -9.9433e-15)
(-21.6184 81.9991 0)
(-21.7164 83.3876 1.79811e-14)
(-21.8847 84.7442 -1.63695e-14)
(-22.0726 86.5725 0)
(-22.4347 88.8822 0)
(-22.9284 91.312 -7.27076e-15)
(-23.4553 93.7343 -2.76388e-14)
(-23.9979 96.1579 1.31115e-14)
(-24.5665 98.6705 0)
(-25.1681 101.337 0)
(-25.8314 104.172 1.12997e-14)
(-26.5018 107.219 -1.08563e-14)
(-27.2984 110.376 -1.04521e-14)
(-28.0314 113.89 -2.07213e-14)
(-28.8903 117.233 1.87884e-14)
(-30.2731 121.773 5.43457e-16)
(-29.0382 124.091 5.13223e-16)
(-38.2718 132.946 -1.75198e-14)
(-15.536 126.925 -1.46459e-14)
(-23.8589 79.4111 -9.75942e-15)
(-23.7376 80.955 -1.92228e-14)
(-24.0708 82.506 -6.58103e-16)
(-24.4188 83.8547 2.48123e-14)
(-24.7721 85.6752 0)
(-25.3212 88.0004 1.5347e-14)
(-25.9909 90.4248 -1.49527e-14)
(-26.6735 92.8253 1.32375e-14)
(-27.3552 95.2169 1.28713e-14)
(-28.0544 97.6956 -1.27668e-14)
(-28.7845 100.332 1.15723e-14)
(-29.5757 103.132 0)
(-30.3812 106.159 -2.2326e-14)
(-31.3078 109.259 4.18861e-14)
(-32.1834 112.786 -3.98951e-14)
(-33.1839 116.015 0)
(-34.7122 120.612 -1.42279e-17)
(-33.6317 122.859 -1.72016e-14)
(-42.9778 131.203 3.56486e-14)
(-20.4821 126.491 -4.31989e-14)
(-25.4838 78.2063 -3.59461e-16)
(-25.6423 80.0456 2.87969e-14)
(-26.2917 81.7473 -1.77021e-14)
(-26.8551 83.0514 -8.46737e-15)
(-27.4031 84.8285 1.61439e-14)
(-28.1631 87.1349 -3.12619e-14)
(-29.0192 89.5213 1.44156e-14)
(-29.8623 91.8737 0)
(-30.6832 94.2128 3.24273e-16)
(-31.512 96.6406 -1.2223e-14)
(-32.369 99.2324 -2.43839e-14)
(-33.2844 101.983 2.21599e-14)
(-34.226 104.98 -2.23703e-14)
(-35.2731 108.008 2.09571e-14)
(-36.3028 111.543 2.12991e-14)
(-37.4237 114.638 -1.87919e-14)
(-39.1153 119.303 5.67559e-14)
(-38.1721 121.453 -1.66892e-14)
(-47.6107 129.315 -3.47245e-14)
(-25.4519 125.854 1.29755e-19)
(-26.8056 77.3117 -1.02968e-14)
(-27.4008 79.4103 3.98988e-14)
(-28.4485 81.1905 7.14546e-16)
(-29.253 82.3831 -3.45056e-14)
(-30.0164 84.0639 -1.70462e-14)
(-31.0008 86.3018 3.10024e-14)
(-32.0425 88.6074 0)
(-33.0424 90.8796 1.44173e-14)
(-33.9968 93.1434 -2.63213e-14)
(-34.9498 95.5028 0)
(-35.9295 98.0354 -2.39186e-14)
(-36.9632 100.723 2.28064e-14)
(-38.0402 103.678 0)
(-39.1951 106.627 4.19805e-14)
(-40.3919 110.16 -2.02864e-14)
(-41.6044 113.106 0)
(-43.4856 117.848 -5.68478e-14)
(-42.6535 119.875 5.18394e-14)
(-52.1679 127.296 3.54019e-14)
(-30.4437 124.997 5.80678e-14)
(-28.051 76.94 1.98815e-14)
(-29.2478 79.1303 1.00838e-14)
(-30.7133 80.8286 -1.79689e-14)
(-31.7351 81.8266 -1.74681e-14)
(-32.6999 83.36 3.26036e-14)
(-33.8933 85.4778 -3.09473e-14)
(-35.0975 87.6603 1.49388e-14)
(-36.2351 89.8213 -2.89833e-14)
(-37.3068 91.9887 3.95464e-14)
(-38.3728 94.2647 2.5926e-14)
(-39.468 96.7265 -2.34642e-14)
(-40.6117 99.3431 5.84172e-16)
(-41.8227 102.247 -2.13725e-14)
(-43.0711 105.11 -6.35976e-14)
(-44.4482 108.633 4.06187e-14)
(-45.7169 111.428 1.02691e-15)
(-47.8235 116.223 3.80956e-14)
(-47.0698 118.123 0)
(-56.6572 125.162 -3.44548e-14)
(-35.4461 123.897 2.89177e-14)
(-29.5946 77.0861 0)
(-31.4479 79.2063 0)
(-33.2622 80.6044 -1.81578e-14)
(-34.4107 81.3162 -6.87492e-16)
(-35.5257 82.6705 4.82019e-14)
(-36.8908 84.6308 -1.51738e-14)
(-38.2182 86.6589 1.55467e-14)
(-39.464 88.6872 -2.76063e-14)
(-40.6298 90.7434 0)
(-41.7904 92.9232 2.53528e-14)
(-42.9876 95.3031 2.40329e-14)
(-44.2298 97.8403 0)
(-45.5707 100.682 -2.2526e-14)
(-46.8973 103.458 4.15442e-14)
(-48.4665 106.957 4.12311e-14)
(-49.7523 109.609 -1.77551e-14)
(-52.1269 114.445 -7.42661e-14)
(-51.4129 116.195 0)
(-61.0896 122.931 0)
(-40.4409 122.53 -3.84935e-19)
(-31.617 77.7834 -1.75388e-14)
(-34.1961 79.6482 0)
(-36.191 80.4537 3.83847e-16)
(-37.3198 80.7911 1.72637e-14)
(-38.5219 81.9558 -3.15989e-14)
(-40.0126 83.7322 0)
(-41.4152 85.5825 1.4854e-14)
(-42.7362 87.4612 0)
(-43.9716 89.3945 0)
(-45.2087 91.4684 -2.53385e-14)
(-46.4935 93.7579 0)
(-47.8202 96.2099 2.34907e-14)
(-49.2837 98.9804 -6.59989e-14)
(-50.6716 101.673 4.21135e-14)
(-52.4419 105.128 -1.98504e-14)
(-53.7053 107.651 7.70644e-14)
(-56.397 112.504 0)
(-55.6665 114.095 -3.42279e-14)
(-65.4851 120.621 0)
(-45.3598 120.885 5.75044e-14)
(-34.4597 78.9232 0)
(-37.6916 80.2822 4.38984e-16)
(-39.5019 80.204 7.99708e-16)
(-40.4502 80.1451 -4.96681e-14)
(-41.6834 81.136 1.56394e-14)
(-43.2505 82.7104 -1.55186e-14)
(-44.6797 84.3713 -1.48812e-14)
(-46.0454 86.0951 2.90083e-14)
(-47.3262 87.9054 -2.62191e-14)
(-48.621 89.8741 -5.14334e-14)
(-49.9788 92.0728 2.35374e-14)
(-51.3767 94.4401 2.2963e-14)
(-52.9548 97.1334 2.20101e-14)
(-54.3891 99.7502 2.10667e-14)
(-56.3674 103.139 0)
(-57.5712 105.548 1.02669e-15)
(-60.6356 110.408 -7.45334e-14)
(-59.8108 111.836 -8.14845e-16)
(-69.8652 118.219 3.36279e-14)
(-50.1051 118.997 -5.7528e-14)
(-38.7351 80.1668 1.76908e-14)
(-42.2016 80.6361 1.87603e-14)
(-43.1892 79.5517 1.76684e-14)
(-43.8473 79.234 -1.74043e-14)
(-45.0464 80.1166 1.53933e-14)
(-46.6199 81.501 3.19826e-14)
(-48.0115 82.9884 -1.42709e-14)
(-49.3839 84.5672 -5.76666e-14)
(-50.6835 86.2619 -1.26562e-15)
(-52.0173 88.1297 -1.22664e-15)
(-53.4341 90.2403 2.35965e-14)
(-54.8911 92.5262 -4.59854e-14)
(-56.5756 95.1379 0)
(-58.0449 97.69 2.21538e-14)
(-60.2364 100.982 -8.17076e-14)
(-61.3454 103.349 3.74621e-14)
(-64.8439 108.139 3.78361e-14)
(-63.8308 109.435 0)
(-74.1849 115.707 -3.45615e-14)
(-54.715 116.897 0)
(-44.9607 81.0515 3.90925e-16)
(-47.5191 80.1053 4.72182e-16)
(-47.0084 78.2318 1.79927e-14)
(-47.4607 77.9408 -5.166e-14)
(-48.5616 78.8098 4.83917e-14)
(-50.0826 80.0386 1.58313e-14)
(-51.391 81.3928 -1.51217e-14)
(-52.7424 82.8502 2.80444e-14)
(-54.0365 84.4479 2.64849e-14)
(-55.3914 86.2261 -1.70446e-17)
(-56.853 88.2549 0)
(-58.3571 90.4658 -5.65783e-16)
(-60.139 92.9927 2.15409e-14)
(-61.6368 95.4926 4.32602e-14)
(-64.0379 98.6551 2.12142e-15)
(-65.0308 101.02 -7.59102e-14)
(-69.0168 105.662 3.89817e-14)
(-67.7142 106.899 -6.70307e-14)
(-78.4669 113.07 3.46624e-14)
(-59.2667 114.556 0)
(-52.803 80.7753 0)
(-52.6179 77.9859 -2.15556e-14)
(-50.5606 76.1552 -1.86113e-14)
(-51.1546 76.1839 0)
(-52.1024 77.1413 5.1111e-14)
(-53.5494 78.2653 -4.75661e-14)
(-54.7543 79.5463 -6.20404e-14)
(-56.0756 80.9156 -6.80954e-16)
(-57.3531 82.4424 0)
(-58.7191 84.1482 -1.14376e-17)
(-60.2172 86.1052 2.43426e-14)
(-61.7607 88.2512 0)
(-63.6325 90.6922 4.53448e-14)
(-65.1574 93.1546 -8.44233e-14)
(-67.7564 96.156 3.9814e-14)
(-68.625 98.5841 4.27656e-18)
(-73.1343 102.964 -3.79327e-14)
(-71.4254 104.214 3.39122e-14)
(-82.7319 110.275 -3.63011e-14)
(-63.7445 111.946 5.62556e-14)
(-59.6292 78.0127 0)
(-56.2942 74.0731 0)
(-53.6172 73.5666 -3.94356e-14)
(-54.7826 73.9947 7.23543e-14)
(-55.544 75.1319 -6.81505e-14)
(-56.9578 76.1875 1.6457e-14)
(-58.0669 77.4474 6.23992e-14)
(-59.3574 78.7528 3.01405e-14)
(-60.6114 80.2324 -2.70386e-14)
(-61.9816 81.8836 2.59817e-14)
(-63.5097 83.7808 -4.95224e-14)
(-65.0876 85.8746 2.25966e-14)
(-67.043 88.23 4.53498e-14)
(-68.5995 90.6725 4.43099e-14)
(-71.3819 93.4838 -3.97709e-14)
(-72.14 96.0377 3.74107e-14)
(-77.1985 100.062 7.59682e-14)
(-74.9359 101.495 -3.28703e-14)
(-87.0169 107.368 0)
(-68.0911 108.995 0)
(-61.3096 73.5625 0)
(-58.5588 70.0715 2.42364e-14)
(-56.4715 71.2993 -1.93679e-14)
(-58.372 71.7449 -3.85076e-14)
(-58.9519 72.9988 1.60883e-14)
(-60.3588 73.9144 3.30351e-14)
(-61.3663 75.1438 1.8848e-17)
(-62.614 76.3799 0)
(-63.8383 77.8257 0)
(-65.2067 79.4412 5.30767e-14)
(-66.7578 81.2937 1.16188e-15)
(-68.3621 83.3528 -4.57315e-14)
(-70.3921 85.6264 0)
(-71.9831 88.0721 -8.43037e-14)
(-74.9292 90.6701 4.18094e-14)
(-75.6162 93.4231 -1.14191e-13)
(-81.2822 96.8331 3.78512e-14)
(-78.3007 98.8921 3.46939e-14)
(-91.468 104.28 -7.06502e-14)
(-72.2255 105.506 5.57561e-14)
(-60.6015 74.5925 -5.40495e-16)
(-61.4375 68.4644 -2.20564e-14)
(-59.8873 69.9962 -1.96401e-14)
(-61.9564 69.7029 1.90423e-14)
(-62.425 70.8281 3.65905e-14)
(-63.7097 71.4952 -3.26018e-14)
(-64.6008 72.6557 -3.11063e-14)
(-65.807 73.804 2.97556e-14)
(-67.005 75.1924 -2.65734e-14)
(-68.3893 76.784 -2.61128e-14)
(-69.9563 78.5863 4.79146e-14)
(-71.5931 80.6396 5.40251e-16)
(-73.6893 82.8348 -4.39823e-14)
(-75.3254 85.3266 4.00669e-14)
(-78.3889 87.6784 0)
(-79.1029 90.7655 3.76359e-14)
(-85.1003 93.2805 1.13394e-15)
(-81.6473 96.6068 -3.21805e-14)
(-96.2748 100.724 0)
(-76.23 101.329 -5.46219e-14)
(-58.9257 73.7855 2.15335e-14)
(-62.8986 66.919 3.70485e-17)
(-60.7584 68.3781 1.68658e-14)
(-63.2576 68.1096 -3.20265e-14)
(-63.522 69.3383 -4.78248e-16)
(-64.9744 70.0998 1.45273e-14)
(-65.9497 71.2491 4.23086e-16)
(-67.2908 72.3522 1.82706e-17)
(-68.5965 73.6567 -2.35703e-14)
(-70.0517 75.1718 -2.20789e-14)
(-71.6704 76.9136 6.36771e-16)
(-73.3499 78.9523 -1.93578e-14)
(-75.4583 81.0682 0)
(-77.1695 83.6452 7.06738e-14)
(-80.212 85.7878 0)
(-81.1221 89.2207 -3.27494e-14)
(-86.9655 91.0377 3.15745e-14)
(-83.6803 95.52 2.85348e-14)
(-98.2813 97.8524 -4.5476e-16)
(-78.6487 100.034 3.28798e-16)
(-59.1357 73.4403 0)
(-63.4426 66.9069 1.48926e-14)
(-61.1015 68.1793 0)
(-63.6202 67.9665 1.3075e-14)
(-63.8199 69.1413 0)
(-65.2726 69.9155 -2.34143e-14)
(-66.2367 71.043 3.53131e-16)
(-67.5873 72.136 -3.1626e-16)
(-68.8996 73.4157 1.94431e-14)
(-70.3657 74.911 1.81779e-14)
(-71.9921 76.6298 -1.73307e-14)
(-73.6882 78.6581 3.24583e-14)
(-75.8009 80.7494 0)
(-77.5422 83.3384 -3.02296e-14)
(-80.5651 85.4284 4.72615e-16)
(-81.5506 88.9317 2.45123e-17)
(-87.3474 90.575 -4.12272e-16)
(-84.1658 95.2932 -2.47546e-14)
(-98.6349 97.1737 -2.25244e-14)
(-79.1687 99.7729 -1.82714e-14)
(-59.4624 72.8256 2.57383e-16)
(-63.9341 66.8622 -2.24124e-16)
(-61.4004 67.9213 0)
(-63.9234 67.7905 1.34401e-14)
(-64.0609 68.9175 1.18683e-14)
(-65.5211 69.7167 2.30265e-14)
(-66.4835 70.8283 6.88535e-16)
(-67.851 71.9136 1.53588e-17)
(-69.1751 73.1677 -2.94349e-16)
(-70.6558 74.6415 -3.60438e-14)
(-72.2916 76.3357 8.81061e-18)
(-74.0062 78.3523 -3.24729e-14)
(-76.1231 80.4182 2.36624e-16)
(-77.8988 83.0178 -4.83784e-16)
(-80.8992 85.056 -2.89406e-14)
(-81.9772 88.6261 2.83114e-14)
(-87.6701 90.1104 4.35687e-16)
(-84.6567 95.0709 -3.69052e-16)
(-98.9268 96.4879 2.27932e-14)
(-79.7041 99.5615 3.6614e-14)
(-59.8103 72.1568 0)
(-64.3594 66.7903 0)
(-61.6655 67.6687 1.34099e-14)
(-64.181 67.6283 -1.30454e-14)
(-64.2682 68.715 -1.18656e-14)
(-65.7393 69.5397 -3.72938e-16)
(-66.7084 70.6347 -2.17049e-14)
(-68.0971 71.71 -6.46708e-16)
(-69.4376 72.9355 2.94456e-16)
(-70.9357 74.3845 1.8027e-14)
(-72.5831 76.0517 3.38868e-14)
(-74.3171 78.0539 8.10986e-18)
(-76.439 80.0939 1.55089e-14)
(-78.2518 82.7002 0)
(-81.2281 84.69 2.89061e-14)
(-82.4038 88.316 4.30037e-16)
(-87.9822 89.6613 2.69375e-14)
(-85.1487 94.8432 2.44669e-14)
(-99.2055 95.8222 3.71614e-16)
(-80.221 99.3499 -1.83143e-14)
(-60.1563 71.5034 1.51522e-14)
(-64.7357 66.7123 -1.40991e-17)
(-61.9106 67.4338 1.38583e-16)
(-64.4063 67.4833 -4.16532e-16)
(-64.4538 68.5319 -1.18462e-14)
(-65.9364 69.3803 -1.17363e-14)
(-66.9177 70.4577 2.17652e-14)
(-68.3294 71.5214 3.16235e-16)
(-69.6889 72.7164 1.93278e-14)
(-71.2059 74.138 0)
(-72.8663 75.7764 -1.69571e-14)
(-74.621 77.7619 3.22295e-14)
(-76.7482 79.7756 -1.55133e-14)
(-78.6004 82.3844 0)
(-81.5513 84.3295 -4.71706e-16)
(-82.8289 88.0034 -2.79209e-14)
(-88.2838 89.2204 -2.69031e-14)
(-85.6446 94.607 -2.4112e-14)
(-99.4755 95.1686 -3.45679e-16)
(-80.7234 99.1368 2.87036e-16)
(-60.4831 70.8749 -3.05538e-14)
(-65.0638 66.6337 1.47425e-14)
(-62.1351 67.2172 -7.72517e-17)
(-64.6006 67.3554 1.96709e-16)
(-64.6193 68.3674 2.44562e-14)
(-66.1147 69.2376 1.1363e-14)
(-67.1135 70.2964 -2.14538e-14)
(-68.5498 71.3472 -3.16922e-16)
(-69.9305 72.5102 -1.93732e-14)
(-71.4675 73.9022 -2.88807e-16)
(-73.1418 75.5101 2.58808e-16)
(-74.9183 77.4764 -1.61236e-14)
(-77.0513 79.4633 -1.52519e-14)
(-78.9448 82.0704 -2.29984e-16)
(-81.8694 83.9745 2.93201e-14)
(-83.2523 87.6879 2.83766e-14)
(-88.576 88.7862 2.72727e-14)
(-86.1457 94.3629 -3.70525e-16)
(-99.7356 94.5272 -2.2761e-14)
(-81.2137 98.9252 2.72703e-16)
(-60.7855 70.2701 1.49071e-14)
(-65.3444 66.5542 -1.48394e-14)
(-62.3387 67.0193 -2.65265e-14)
(-64.7642 67.2454 0)
(-64.7664 68.2214 -2.82188e-17)
(-66.2758 69.1112 -3.91153e-16)
(-67.2975 70.1501 2.25551e-14)
(-68.7596 71.1869 3.33419e-16)
(-70.1631 72.3168 -2.96013e-16)
(-71.7209 73.6771 0)
(-73.4101 75.2529 0)
(-75.2095 77.1974 1.61192e-14)
(-77.3487 79.1572 1.55065e-14)
(-79.2852 81.7585 3.02156e-14)
(-82.1831 83.6254 -5.909e-14)
(-83.6743 87.3691 4.3079e-16)
(-88.8596 88.3587 -2.68085e-14)
(-86.652 94.111 0)
(-99.986 93.8945 2.93833e-17)
(-81.6929 98.7167 -1.8415e-14)
(-61.0619 69.6838 1.4632e-14)
(-65.577 66.4761 1.52143e-14)
(-62.5215 66.8403 1.3243e-14)
(-64.8977 67.1536 1.2958e-14)
(-64.8966 68.0937 -2.48527e-14)
(-66.4217 69.0002 -1.10655e-14)
(-67.4716 70.0176 1.74239e-17)
(-68.9604 71.0393 -2.12211e-14)
(-70.3879 72.1355 0)
(-71.967 73.4624 1.81071e-14)
(-73.672 75.0046 -2.71672e-16)
(-75.4951 76.9249 -1.56292e-14)
(-77.6408 78.8572 -2.36351e-16)
(-79.622 81.4486 -1.79808e-17)
(-82.4929 83.2802 2.9301e-14)
(-84.0946 87.0467 0)
(-89.1348 87.9383 0)
(-87.1632 93.8515 -2.46412e-14)
(-100.227 93.2678 2.96493e-17)
(-82.1614 98.5129 -2.85333e-17)
(-61.3116 69.1093 -2.95108e-14)
(-65.7579 66.4036 -1.50458e-14)
(-62.6844 66.6801 -1.31254e-14)
(-65.0021 67.0804 -1.2993e-14)
(-65.0121 67.9837 2.44762e-14)
(-66.5547 68.9036 0)
(-67.6381 69.8973 0)
(-69.1541 70.9029 7.70845e-18)
(-70.6065 71.9652 0)
(-72.2069 73.2575 -1.8141e-14)
(-73.9281 74.7647 -1.67167e-14)
(-75.7756 76.6586 -1.63716e-14)
(-77.9283 78.5631 -1.57362e-14)
(-79.9553 81.1408 -6.02155e-14)
(-82.7988 82.941 0)
(-84.5134 86.7205 0)
(-89.4017 87.5249 0)
(-87.6797 93.5845 2.46827e-14)
(-100.46 92.6462 4.40612e-14)
(-82.619 98.3155 1.83932e-14)
(-61.5333 68.5417 1.46326e-14)
(-65.8882 66.3378 0)
(-62.8262 66.5394 1.31252e-14)
(-65.0785 67.0255 4.15923e-16)
(-65.1156 67.8903 -1.26295e-14)
(-66.6776 68.8198 0)
(-67.7996 69.7873 0)
(-69.3428 70.7757 2.10344e-14)
(-70.8205 71.8044 3.12173e-16)
(-72.4418 73.0613 -5.67431e-16)
(-74.1795 74.5329 1.72684e-14)
(-76.0519 76.398 1.61395e-14)
(-78.2119 78.2747 1.54954e-14)
(-80.2856 80.8347 2.9748e-14)
(-83.1011 82.6077 -2.47684e-17)
(-84.9315 86.3914 4.31537e-16)
(-89.6609 87.1189 0)
(-88.2017 93.3099 0)
(-100.684 92.0267 -2.19202e-14)
(-83.0644 98.1268 0)
(-61.7259 67.9766 1.43493e-14)
(-65.9687 66.2785 0)
(-62.9472 66.4195 1.30182e-14)
(-65.1295 66.9884 -4.15568e-16)
(-65.2098 67.8127 -1.18634e-14)
(-66.7936 68.7465 0)
(-67.9595 69.6849 0)
(-69.5294 70.6553 2.07488e-14)
(-71.0318 71.6513 -1.42151e-17)
(-72.6732 72.8726 5.6808e-16)
(-74.4271 74.3081 1.6741e-14)
(-76.3247 76.1425 1.61247e-14)
(-78.4922 77.9915 1.54744e-14)
(-80.6133 80.53 3.06829e-14)
(-83.4 82.28 -4.45653e-16)
(-85.3454 86.061 0)
(-89.9139 86.722 0)
(-88.7298 93.0272 0)
(-100.896 91.4106 -2.17597e-14)
(-83.4962 97.9533 0)
(-61.8878 67.4093 -2.84421e-14)
(-65.9999 66.2255 -1.48503e-14)
(-63.0464 66.3204 -1.30165e-14)
(-65.1602 66.9699 -1.29189e-14)
(-65.2971 67.7497 2.44861e-14)
(-66.907 68.6812 0)
(-68.121 69.587 0)
(-69.7166 70.5385 -1.12175e-17)
(-71.2425 71.5035 0)
(-72.9025 72.6897 -1.81869e-14)
(-74.6723 74.0893 -1.72913e-14)
(-76.5951 75.8913 -1.58916e-14)
(-78.7701 77.7128 -1.52342e-14)
(-80.9389 80.2263 -6.0637e-14)
(-83.6954 81.9579 0)
(-85.7525 85.7291 0)
(-90.1569 86.337 0)
(-89.2651 92.7361 2.48229e-14)
(-101.095 90.7966 4.32984e-14)
(-83.9144 97.7955 1.84005e-14)
(-62.0168 66.8368 1.43176e-14)
(-65.9824 66.1793 1.46354e-14)
(-63.1262 66.2415 1.29423e-14)
(-65.1662 66.9702 1.29279e-14)
(-65.3817 67.6993 -2.40948e-14)
(-67.0223 68.6207 -1.26377e-14)
(-68.2882 69.4901 -1.78341e-17)
(-69.9079 70.4218 -2.08396e-14)
(-71.4551 71.3581 0)
(-73.1316 72.5107 1.79214e-14)
(-74.9164 73.8751 5.31609e-16)
(-76.8641 75.6435 -1.66142e-14)
(-79.0465 77.4381 2.35843e-16)
(-81.2629 79.9229 3.6503e-17)
(-83.9875 81.6411 2.91837e-14)
(-86.1576 85.393 0)
(-90.3871 85.9644 0)
(-89.8089 92.4362 -2.48748e-14)
(-101.279 90.1837 -3.94062e-17)
(-84.3194 97.6567 7.13815e-18)
(-62.1103 66.2581 1.40643e-14)
(-65.9178 66.1395 -1.49663e-14)
(-63.1887 66.1813 -2.58552e-14)
(-65.1572 66.9869 0)
(-65.4692 67.6584 6.99453e-18)
(-67.1446 68.5614 7.70348e-18)
(-68.4651 69.3901 2.29029e-14)
(-70.1067 70.3012 -6.6093e-16)
(-71.6721 71.2117 2.99355e-16)
(-73.3624 72.3331 0)
(-75.1609 73.6637 2.71759e-16)
(-77.1329 75.398 1.58735e-14)
(-79.3225 77.1665 1.54379e-14)
(-81.5859 79.619 3.0191e-14)
(-84.2769 81.3295 -5.78817e-14)
(-86.5601 85.0492 -4.32018e-16)
(-90.6114 85.603 -2.64743e-14)
(-90.3621 92.1267 0)
(-101.447 89.5706 -4.17697e-17)
(-84.7106 97.5408 -1.83829e-14)
(-62.1654 65.6744 -2.74241e-14)
(-65.8088 66.1054 1.49599e-14)
(-63.2374 66.1378 1.90936e-17)
(-65.1389 67.0159 -1.9404e-16)
(-65.5652 67.6235 2.44974e-14)
(-67.2791 68.4986 1.22983e-14)
(-68.6565 69.2822 -2.32763e-14)
(-70.3166 70.1722 3.22618e-16)
(-71.8962 71.0609 -1.95769e-14)
(-73.597 72.1543 2.90304e-16)
(-75.4076 73.4534 -2.589e-16)
(-77.4028 75.1532 -1.60668e-14)
(-79.5992 76.897 -1.5685e-14)
(-81.9084 79.314 2.29282e-16)
(-84.565 81.0227 2.91652e-14)
(-86.9691 84.696 2.84948e-14)
(-90.8305 85.2531 2.60341e-14)
(-90.924 91.8054 3.75489e-16)
(-101.597 88.9569 -2.09318e-14)
(-85.0864 97.4512 -2.69613e-16)
(-62.1776 65.0866 1.38028e-14)
(-65.6598 66.0751 1.79587e-17)
(-63.2762 66.1066 -1.99142e-16)
(-65.1174 67.0514 4.14242e-16)
(-65.6753 67.5892 -1.26233e-14)
(-67.4311 68.4272 -1.18954e-14)
(-68.8664 69.1608 2.28811e-14)
(-70.5411 70.0294 -3.22342e-16)
(-72.1297 70.9011 1.9588e-14)
(-73.8371 71.971 0)
(-75.6579 73.2417 -1.69056e-14)
(-77.6749 74.9075 3.20977e-14)
(-79.8776 76.6281 -1.53873e-14)
(-82.2308 79.0066 0)
(-84.8528 80.7199 -4.68766e-16)
(-87.3744 84.3344 -2.809e-14)
(-91.0453 84.9149 -2.63927e-14)
(-91.4944 91.4701 -2.54354e-14)
(-101.729 88.3423 3.27298e-16)
(-85.4458 97.3917 -2.87334e-16)
(-62.1319 64.4895 0)
(-65.4861 66.0554 0)
(-63.3095 66.0801 1.28825e-14)
(-65.1065 67.0862 -1.28638e-14)
(-65.8064 67.551 -1.22286e-14)
(-67.6078 68.3432 2.79436e-17)
(-69.1004 69.0213 -2.25361e-14)
(-70.7846 69.8683 3.37123e-16)
(-72.3758 70.7285 -2.9795e-16)
(-74.0852 71.7804 1.80506e-14)
(-75.9134 73.0263 3.37567e-14)
(-77.9505 74.6594 2.2308e-16)
(-80.1585 76.3585 1.51505e-14)
(-82.5541 78.6967 0)
(-85.1406 80.4192 2.95323e-14)
(-87.7792 83.9673 -4.31702e-16)
(-91.2512 84.5804 2.63871e-14)
(-92.0788 91.1235 2.51066e-14)
(-101.834 87.721 -3.50377e-16)
(-85.7925 97.3708 -1.84215e-14)
(-61.9983 63.8749 -2.20484e-16)
(-65.3018 65.9903 2.14908e-16)
(-63.3396 66.0438 0)
(-65.1163 67.1076 1.24387e-14)
(-65.9591 67.4992 1.2601e-14)
(-67.812 68.2391 2.40887e-14)
(-69.3621 68.8566 -3.41797e-16)
(-71.0507 69.6832 -3.36026e-16)
(-72.6375 70.5383 2.96892e-16)
(-74.3441 71.5793 -3.60268e-14)
(-76.1766 72.8051 -4.45454e-17)
(-78.2319 74.4079 -3.1686e-14)
(-80.4435 76.0872 -2.33856e-16)
(-82.8803 78.3849 4.80754e-16)
(-85.4302 80.1159 -2.95118e-14)
(-88.1874 83.5976 2.84777e-14)
(-91.4619 84.2394 -4.28163e-16)
(-92.6974 90.7758 3.77774e-16)
(-101.892 87.076 2.08395e-14)
(-86.1395 97.4075 3.68672e-14)
(-61.8024 63.2728 0)
(-65.0651 65.9529 1.44973e-14)
(-63.3613 65.9879 0)
(-65.1143 67.0889 1.27895e-14)
(-66.1124 67.408 0)
(-68.0196 68.0796 -2.36467e-14)
(-69.6296 68.6308 -3.58444e-16)
(-71.3193 69.4406 3.20477e-16)
(-72.8991 70.3048 1.90898e-14)
(-74.6017 71.3482 1.82443e-14)
(-76.4396 72.5645 -1.652e-14)
(-78.5133 74.1432 3.16121e-14)
(-80.7309 75.8089 0)
(-83.2064 78.066 -2.99676e-14)
(-85.7252 79.8112 -4.67479e-16)
(-88.591 83.2177 -5.21063e-17)
(-91.6706 83.9033 4.02027e-16)
(-93.335 90.4194 -2.48553e-14)
(-101.901 86.4051 -2.10822e-14)
(-86.4828 97.4956 -1.84087e-14)
(-61.7409 62.8461 1.69892e-14)
(-64.8068 65.9329 -7.29572e-19)
(-63.4939 65.9656 1.586e-14)
(-65.2125 67.0271 -3.11426e-14)
(-66.3633 67.2741 4.70236e-16)
(-68.2941 67.85 1.3675e-14)
(-69.94 68.332 -4.24433e-16)
(-71.6075 69.1245 -1.8341e-17)
(-73.1693 70.0112 -2.26791e-14)
(-74.8627 71.0723 -2.08274e-14)
(-76.7075 72.2932 -6.18849e-16)
(-78.7982 73.8557 -1.85067e-14)
(-81.0283 75.5178 0)
(-83.5308 77.7297 6.99556e-14)
(-86.0403 79.5055 0)
(-88.9662 82.8039 -3.29767e-14)
(-91.9367 83.6195 3.05023e-14)
(-93.8687 89.9783 2.9779e-14)
(-101.99 85.8164 4.16613e-16)
(-86.759 97.4921 -3.2791e-16)
(-60.6807 61.8317 4.24685e-16)
(-64.8592 63.9451 -1.78519e-14)
(-65.6063 64.4946 -1.60368e-14)
(-67.6616 65.5294 1.59061e-14)
(-69.3192 66.2109 -3.13412e-14)
(-71.2129 67.1492 2.90808e-14)
(-72.7537 67.9029 -2.86747e-14)
(-74.1668 68.7196 -2.80973e-14)
(-75.5315 69.5045 2.52735e-14)
(-77.0248 70.3621 2.51426e-14)
(-78.7247 71.3905 -4.58642e-14)
(-80.6995 72.7305 4.29472e-14)
(-82.8679 74.2453 4.28385e-14)
(-85.3236 76.1885 -3.93807e-14)
(-87.8793 78.0319 3.99792e-14)
(-90.7153 80.8258 1.04563e-15)
(-93.9097 82.3763 -7.20241e-14)
(-95.4349 87.1132 3.26392e-14)
(-104.451 84.7511 0)
(-89.0515 95.2186 6.01725e-17)
(-68.8225 60.0645 0)
(-69.1156 59.9003 -2.03216e-14)
(-69.9567 60.1187 1.81849e-14)
(-71.1137 60.7096 3.64038e-14)
(-72.3591 61.4762 1.87351e-14)
(-73.623 62.3063 -3.15047e-14)
(-74.9012 63.2288 1.52494e-16)
(-76.2469 64.2872 0)
(-77.7239 65.399 0)
(-79.3544 66.5342 -6.01547e-16)
(-81.1893 67.7931 -1.21536e-15)
(-83.2558 69.2433 -5.98301e-16)
(-85.5562 70.8959 0)
(-88.0207 72.7334 -8.26766e-14)
(-90.7713 74.7644 -4.10096e-14)
(-93.3851 76.9486 -3.93468e-14)
(-97.3143 79.3792 3.70247e-14)
(-97.8831 82.258 -3.51242e-14)
(-109.564 82.6608 6.79591e-14)
(-90.4946 90.864 1.3592e-15)
(-72.0715 56.3345 0)
(-72.1461 56.802 0)
(-72.8578 57.343 3.9011e-14)
(-73.8681 58.0009 -7.19955e-14)
(-75.0406 58.7395 -9.48303e-16)
(-76.3061 59.5265 1.6303e-14)
(-77.6189 60.3973 6.16105e-14)
(-78.9845 61.4046 -2.96162e-14)
(-80.4578 62.4658 2.63896e-14)
(-82.0774 63.5583 2.53152e-14)
(-83.9071 64.7664 -2.37714e-14)
(-85.9768 66.152 0)
(-88.2944 67.7229 -4.41476e-14)
(-90.7822 69.4708 3.91615e-14)
(-93.5885 71.3882 3.88597e-14)
(-96.2434 73.4811 1.1594e-13)
(-100.294 75.7461 -7.43112e-14)
(-100.881 78.5363 3.33101e-14)
(-113.087 79.0183 0)
(-93.1442 87.3263 0)
(-74.2939 51.8501 0)
(-74.5971 52.7569 -2.08074e-14)
(-75.3166 53.583 -1.93846e-14)
(-76.288 54.389 0)
(-77.4103 55.2305 -1.83709e-14)
(-78.6491 56.0878 1.56352e-14)
(-79.9593 57.0235 7.05774e-16)
(-81.3449 58.0863 -5.73252e-14)
(-82.8553 59.1903 0)
(-84.5202 60.3078 -6.73517e-17)
(-86.3968 61.5168 2.38553e-14)
(-88.5094 62.8748 0)
(-90.8709 64.3933 -4.41986e-14)
(-93.4046 66.0698 8.28475e-14)
(-96.2695 67.8938 -3.888e-14)
(-98.9753 69.8888 -1.26327e-17)
(-103.131 72.0286 -3.71626e-14)
(-103.759 74.7732 -8.41528e-16)
(-116.151 75.069 6.9802e-14)
(-96.0224 83.7596 -5.50867e-14)
(-76.0124 47.8845 -4.34393e-14)
(-76.6204 48.9886 4.09588e-14)
(-77.4526 49.9662 1.96587e-14)
(-78.4544 50.8761 1.9663e-14)
(-79.5794 51.7742 -1.67404e-14)
(-80.8232 52.6678 1.66638e-14)
(-82.1496 53.635 -1.55937e-14)
(-83.5651 54.7254 8.81969e-14)
(-85.1147 55.8449 -2.65265e-14)
(-86.8254 56.9661 -6.15198e-17)
(-88.7485 58.16 0)
(-90.9041 59.4809 4.56126e-14)
(-93.3076 60.9404 -2.0962e-14)
(-95.8876 62.546 -4.2604e-14)
(-98.8062 64.2743 -2.22944e-15)
(-101.57 66.1875 -1.08771e-15)
(-105.777 68.1696 0)
(-106.496 70.9403 -3.44425e-14)
(-119.007 70.8504 3.47193e-14)
(-98.9096 80.1341 0)
(-77.4053 44.1664 2.03158e-14)
(-78.2584 45.3244 2.00582e-14)
(-79.2256 46.3536 1.95647e-14)
(-80.2865 47.3192 5.73024e-14)
(-81.4507 48.2565 -5.25071e-14)
(-82.7318 49.1793 -3.44127e-14)
(-84.1011 50.1765 4.62151e-14)
(-85.5681 51.2893 6.92941e-16)
(-87.1763 52.4166 1.38645e-15)
(-88.9483 53.5335 1.27236e-15)
(-90.9295 54.7072 -2.31951e-14)
(-93.1371 55.9884 -4.50581e-14)
(-95.5895 57.3882 0)
(-98.2196 58.9227 -6.33837e-14)
(-101.192 60.5567 8.0103e-14)
(-104.012 62.3865 -3.73002e-14)
(-108.28 64.2133 7.55565e-14)
(-109.074 66.9931 -3.34354e-14)
(-121.689 66.4687 -3.4837e-14)
(-101.718 76.4355 0)
(-78.6149 40.6955 0)
(-79.6575 41.8333 -3.95376e-14)
(-80.7499 42.8432 -1.12672e-15)
(-81.8809 43.8019 1.87208e-14)
(-83.0936 44.7389 -1.74103e-14)
(-84.4255 45.6701 -1.68445e-14)
(-85.8524 46.682 -1.56621e-14)
(-87.383 47.8004 -2.98826e-14)
(-89.0595 48.9208 2.64749e-14)
(-90.9008 50.0223 6.43793e-16)
(-92.9459 51.1679 -2.31393e-14)
(-95.21 52.404 2.25491e-14)
(-97.7141 53.7406 2.1568e-14)
(-100.397 55.2015 2.07723e-14)
(-103.422 56.7391 0)
(-106.297 58.4842 -7.78975e-14)
(-110.617 60.1509 -1.0607e-15)
(-111.491 62.944 6.98535e-14)
(-124.203 61.9462 -3.40692e-14)
(-104.407 72.6721 4.69165e-18)
(-79.7275 37.4343 -1.87022e-14)
(-80.9048 38.4722 0)
(-82.0812 39.418 -3.84967e-14)
(-83.2678 40.3325 1.74981e-14)
(-84.5291 41.2394 -4.93861e-16)
(-85.9183 42.1612 0)
(-87.4125 43.1709 1.56739e-14)
(-89.0163 44.2764 0)
(-90.7689 45.3744 0)
(-92.6854 46.449 -2.52359e-14)
(-94.7985 47.5574 0)
(-97.1218 48.742 -2.31536e-14)
(-99.6797 50.0109 2.15858e-14)
(-102.416 51.395 -4.1556e-14)
(-105.494 52.8335 1.94836e-14)
(-108.422 54.4907 7.68583e-14)
(-112.79 55.9961 0)
(-113.748 58.8 -3.45324e-14)
(-126.541 57.2971 0)
(-106.955 68.8632 4.70284e-18)
(-80.8091 34.2957 0)
(-82.0541 35.2072 0)
(-83.2646 36.0586 1.93687e-14)
(-84.4815 36.9036 1.02101e-15)
(-85.7853 37.7656 -1.76321e-14)
(-87.2351 38.6634 1.6294e-14)
(-88.8 39.6533 -4.76032e-14)
(-90.4819 40.728 2.82835e-14)
(-92.3139 41.7892 0)
(-94.3079 42.8253 2.51747e-14)
(-96.4903 43.8864 2.37052e-14)
(-98.8734 45.0129 0)
(-101.485 46.2085 2.22025e-14)
(-104.275 47.5116 5.74964e-16)
(-107.404 48.8471 -5.73316e-16)
(-110.386 50.4132 -5.93161e-14)
(-114.796 51.757 -1.06167e-15)
(-115.844 54.5638 0)
(-128.689 52.5196 0)
(-109.35 65.0584 -5.67668e-14)
(-81.856 31.2517 1.88113e-14)
(-83.1044 32.0185 -9.59649e-15)
(-84.3145 32.7548 0)
(-85.5434 33.5192 1.87602e-14)
(-86.8834 34.3233 -3.50069e-14)
(-88.3924 35.1817 -4.23268e-16)
(-90.0293 36.1357 1.55024e-14)
(-91.791 37.1642 2.96107e-14)
(-93.7032 38.1754 -1.27664e-14)
(-95.7736 39.1608 -2.58058e-14)
(-98.0236 40.1652 2.30773e-14)
(-100.466 41.2261 -4.57437e-14)
(-103.131 42.3422 2.10234e-14)
(-105.974 43.5599 -2.02236e-14)
(-109.15 44.7882 -4.01408e-14)
(-112.187 46.2603 -1.09783e-15)
(-116.636 47.4425 7.39786e-14)
(-117.779 50.2318 0)
(-130.619 47.6226 -3.51864e-14)
(-111.629 61.3054 2.85198e-14)
(-82.8541 28.268 -9.88156e-15)
(-84.0681 28.8806 -5.47538e-16)
(-85.25 29.4992 -1.06793e-15)
(-86.4743 30.1768 3.64773e-14)
(-87.8418 30.9128 -1.65736e-14)
(-89.4048 31.7182 3.89768e-16)
(-91.1121 32.6227 -1.57375e-14)
(-92.9525 33.5918 -7.00307e-16)
(-94.9434 34.5401 -3.3467e-16)
(-97.0875 35.4635 0)
(-99.4018 36.402 -2.37281e-14)
(-101.901 37.3896 2.25807e-14)
(-104.616 38.4206 0)
(-107.511 39.548 4.1642e-14)
(-110.73 40.6656 -2.00769e-14)
(-113.823 42.042 0)
(-118.313 43.0594 -1.80652e-14)
(-119.555 45.8017 -5.21793e-14)
(-132.31 42.6743 1.04963e-13)
(-113.825 57.3531 9.6097e-18)
(-83.8223 25.2853 4.09709e-14)
(-84.9597 25.7614 -4.91904e-14)
(-86.0833 26.2724 1.85305e-14)
(-87.287 26.8642 -9.16731e-15)
(-88.6729 27.5277 1.73202e-14)
(-90.2854 28.2724 3.52934e-16)
(-92.0601 29.1177 -1.49126e-14)
(-93.9766 30.0154 0)
(-96.0425 30.8889 -2.71281e-14)
(-98.2548 31.7399 1.22443e-14)
(-100.628 32.6037 0)
(-103.181 33.511 0)
(-105.943 34.452 0)
(-108.888 35.4842 -4.22593e-14)
(-112.146 36.4884 3.9622e-14)
(-115.295 37.7675 0)
(-119.827 38.6161 1.80727e-14)
(-121.163 41.2937 1.67692e-14)
(-133.781 37.7274 -1.68995e-14)
(-115.908 53.1806 -1.38309e-14)
(-84.7523 22.2854 -9.94545e-15)
(-85.7656 22.6397 2.06683e-14)
(-86.8107 23.0574 1.02411e-15)
(-87.9833 23.571 -8.71672e-15)
(-89.3846 24.1641 0)
(-91.0451 24.8454 1.6202e-14)
(-92.8847 25.6227 1.55396e-14)
(-94.8726 26.4376 1.49275e-14)
(-97.0069 27.226 -1.30427e-14)
(-99.2793 27.9948 1.28984e-14)
(-101.705 28.7762 -1.15722e-14)
(-104.307 29.5966 0)
(-107.111 30.4433 2.22843e-14)
(-110.105 31.3756 -4.17318e-14)
(-113.397 32.2652 -5.59143e-16)
(-116.602 33.4432 0)
(-121.167 34.1181 6.14e-18)
(-122.59 36.7281 -1.72936e-14)
(-135.043 32.767 -7.86963e-16)
(-117.851 49.0202 -1.52291e-14)
(-85.587 19.2473 -1.06281e-14)
(-86.4652 19.505 0)
(-87.424 19.8448 -1.99916e-14)
(-88.5639 20.2929 1.7938e-14)
(-89.9854 20.8221 0)
(-91.6946 21.4382 0)
(-93.5954 22.137 -7.57448e-15)
(-95.6475 22.8575 -2.83626e-14)
(-97.8405 23.5521 1.33061e-14)
(-100.164 24.2313 0)
(-102.634 24.9242 0)
(-105.281 25.6526 1.13463e-14)
(-108.123 26.4015 -1.08669e-14)
(-111.162 27.2292 -1.04527e-14)
(-114.482 28.0034 2.07001e-14)
(-117.744 29.0739 -1.87398e-14)
(-122.327 29.5697 -3.78758e-14)
(-123.837 32.12 1.63271e-14)
(-136.083 27.8201 -4.32821e-16)
(-119.703 44.5798 -1.46087e-14)
(-86.2991 16.1541 -1.70371e-14)
(-87.0485 16.3446 -5.82458e-15)
(-87.919 16.6315 1.95276e-14)
(-89.0318 17.0288 0)
(-90.4829 17.5003 0)
(-92.2419 18.0466 0)
(-94.1991 18.6561 -2.69848e-17)
(-96.3061 19.2732 -3.64442e-16)
(-98.5474 19.8681 6.31477e-15)
(-100.912 20.4532 1.28796e-14)
(-103.42 21.0534 -2.38106e-14)
(-106.106 21.6851 9.13719e-19)
(-108.982 22.3326 1.14639e-14)
(-112.061 23.0512 -1.01881e-14)
(-115.404 23.709 -1.03608e-14)
(-118.719 24.6631 9.38066e-15)
(-123.305 24.9787 0)
(-124.905 27.4886 -1.7696e-14)
(-136.969 22.821 1.64272e-14)
(-121.373 39.8014 4.28589e-14)
(-86.903 12.9848 -2.7355e-16)
(-87.5065 13.1427 2.67361e-14)
(-88.2867 13.4049 -2.4758e-14)
(-89.3914 13.7626 9.03758e-15)
(-90.8865 14.1859 0)
(-92.6907 14.6617 8.22011e-15)
(-94.6973 15.1749 1.51709e-16)
(-96.8495 15.6833 1.55622e-16)
(-99.1281 16.1748 6.81539e-15)
(-101.525 16.6623 0)
(-104.064 17.1668 -1.22224e-14)
(-106.783 17.6985 3.40622e-14)
(-109.687 18.2421 -1.05923e-14)
(-112.803 18.8465 -1.48491e-17)
(-116.163 19.3867 0)
(-119.528 20.2146 9.66951e-15)
(-124.105 20.355 9.62088e-15)
(-125.81 22.837 2.64306e-16)
(-137.682 17.648 -3.59402e-14)
(-122.825 35.4303 -6.21403e-16)
(-87.3416 9.66633 -1.18519e-14)
(-87.7805 9.85509 5.27884e-15)
(-88.5107 10.1274 -9.95807e-15)
(-89.634 10.4729 0)
(-91.1762 10.871 8.77592e-15)
(-93.0358 11.2807 -1.19014e-14)
(-95.0928 11.6838 3.77812e-15)
(-97.2794 12.0835 7.06153e-15)
(-99.5844 12.4696 -6.64456e-15)
(-102.003 12.8597 -6.44413e-15)
(-104.565 13.2674 -3.09263e-16)
(-107.31 13.6968 5.53272e-15)
(-110.237 14.1349 0)
(-113.384 14.6207 1.04728e-14)
(-116.757 15.0434 0)
(-120.169 15.7363 -9.66922e-15)
(-124.73 15.7058 0)
(-126.558 18.1427 -1.74834e-14)
(-138.163 12.5279 8.11324e-15)
(-124.138 30.6505 -3.10385e-16)
(-87.4865 6.1775 0)
(-87.8468 6.49623 0)
(-88.5904 6.84514 7.39625e-15)
(-89.7516 7.20395 2.30378e-15)
(-91.3662 7.56065 0)
(-93.307 7.87722 8.11221e-15)
(-95.4117 8.16475 -3.67146e-15)
(-97.6101 8.45025 0)
(-99.9256 8.73666 3.33864e-15)
(-102.35 9.03501 6.44805e-15)
(-104.925 9.35043 -5.81143e-15)
(-107.688 9.68008 -5.69236e-15)
(-110.632 10.0152 -5.45282e-15)
(-113.804 10.3819 0)
(-117.187 10.6896 -5.04852e-15)
(-120.641 11.2391 0)
(-125.181 11.045 -4.67336e-15)
(-127.109 13.4246 0)
(-138.577 7.32162 -1.78527e-14)
(-125.139 25.8529 6.77058e-15)
(-87.4773 2.83597 2.89353e-15)
(-87.8263 3.16989 -1.21486e-15)
(-88.6047 3.50312 -4.81442e-15)
(-89.8598 3.77967 -2.26799e-15)
(-91.5755 3.94349 0)
(-93.5426 4.18502 0)
(-95.6445 4.50022 -7.59758e-15)
(-97.8454 4.69683 3.45378e-15)
(-100.144 4.92073 -3.31959e-15)
(-102.563 5.14943 4.79213e-15)
(-105.143 5.39165 -1.41331e-15)
(-107.918 5.63574 8.59525e-15)
(-110.874 5.87733 2.79066e-15)
(-114.067 6.12841 0)
(-117.458 6.32515 7.56626e-15)
(-120.948 6.72495 4.97189e-15)
(-125.465 6.37233 1.29007e-16)
(-127.5 8.70514 -4.42492e-15)
(-138.792 1.92728 4.26353e-15)
(-125.988 21.3232 -7.1185e-15)
(-86.9674 -1.27036 -1.3506e-15)
(-87.4425 -1.11162 1.25833e-15)
(-88.3339 -0.907745 -2.38263e-15)
(-89.662 -0.689954 1.03324e-15)
(-91.365 -0.372345 -3.93029e-17)
(-93.326 -0.0264772 -1.0314e-15)
(-95.4631 0.308942 -7.91663e-17)
(-97.7142 0.608507 8.09403e-16)
(-100.038 0.866801 -3.8939e-17)
(-102.49 1.09749 -7.95698e-16)
(-105.107 1.31158 -1.48052e-15)
(-107.92 1.50233 0)
(-110.912 1.67748 -1.39521e-15)
(-114.139 1.83262 -1.4145e-15)
(-117.55 1.92565 -1.36229e-15)
(-121.096 2.18703 -6.69336e-17)
(-125.568 1.69846 -6.76685e-17)
(-127.713 3.98288 -1.16676e-15)
(-139.229 -3.40908 -1.57244e-16)
(-126.061 17.2589 5.28421e-15)
(-69.4867 66.6656 -3.45772e-14)
(-70.0114 61.094 0)
(-72.6031 55.4059 0)
(-74.0993 50.5368 4.60391e-14)
(-75.3251 46.4281 -2.12145e-14)
(-76.3971 42.722 0)
(-77.3596 39.2981 -9.48966e-15)
(-78.2865 36.1862 2.85625e-14)
(-79.2546 33.2234 1.82641e-14)
(-80.2877 30.3626 -1.05451e-14)
(-81.3299 27.5659 9.69743e-15)
(-82.4046 24.7695 -9.97951e-15)
(-83.51 21.9413 2.04218e-14)
(-84.5779 19.0406 3.53831e-16)
(-85.5472 16.0477 -2.1647e-14)
(-86.3886 12.9424 5.50367e-15)
(-87.0124 9.63301 6.16981e-15)
(-87.3768 6.02089 3.18788e-15)
(-87.4886 2.42338 -4.55933e-15)
(-86.9979 -1.54611 4.4208e-15)
(-72.6934 63.1584 -4.12216e-14)
(-71.7916 59.8155 0)
(-73.1039 53.4371 0)
(-73.967 48.7545 -2.31711e-14)
(-74.681 44.6928 0)
(-75.378 41.0706 4.05282e-16)
(-76.0396 37.7865 -9.3008e-15)
(-76.707 34.8375 -9.10765e-15)
(-77.4615 32.086 -1.88255e-14)
(-78.3743 29.4403 -1.92817e-14)
(-79.3725 26.861 -1.88516e-14)
(-80.4626 24.289 -9.71663e-15)
(-81.6799 21.6627 9.67331e-15)
(-82.9735 18.9358 1.02488e-14)
(-84.2852 16.0663 1.07143e-14)
(-85.5681 13.0091 -1.70836e-14)
(-86.6712 9.68066 6.08369e-15)
(-87.3265 5.92024 0)
(-87.7806 2.00831 0)
(-87.4467 -1.74382 -2.42188e-15)
(-74.7096 60.3391 -3.24969e-14)
(-73.3695 57.1193 -3.10035e-14)
(-73.5649 50.7736 0)
(-73.8927 46.5701 -2.1533e-14)
(-74.1622 42.7162 1.99233e-14)
(-74.494 39.2592 5.20826e-16)
(-74.8202 36.1637 4.81531e-16)
(-75.1607 33.3862 0)
(-75.6101 30.8739 -9.11805e-15)
(-76.2895 28.4672 -3.52759e-17)
(-77.1502 26.1304 3.93393e-14)
(-78.1399 23.8148 9.39621e-15)
(-79.3202 21.443 0)
(-80.6809 18.9563 9.49395e-15)
(-82.1713 16.2956 0)
(-83.7739 13.3904 -5.36245e-15)
(-85.4476 10.1221 5.69514e-15)
(-86.8212 6.22307 -6.43163e-15)
(-87.729 1.89724 -5.56672e-15)
(-88.2294 -1.98979 2.72585e-15)
(-75.216 58.1288 0)
(-74.2338 53.3928 2.78071e-14)
(-73.9607 47.8978 0)
(-73.8949 44.1632 -5.0912e-16)
(-73.8398 40.5983 3.79481e-14)
(-73.8647 37.3658 1.82885e-14)
(-73.8952 34.4587 9.33859e-15)
(-73.9346 31.8628 -8.9488e-15)
(-74.0681 29.5839 0)
(-74.4537 27.4408 -9.46366e-15)
(-75.1142 25.3776 -1.0343e-14)
(-75.9339 23.3323 -1.96423e-14)
(-76.958 21.248 0)
(-78.2354 19.051 -1.93507e-14)
(-79.706 16.6701 -4.9958e-15)
(-81.348 14.0235 8.28825e-17)
(-83.1634 10.9903 1.08528e-14)
(-85.0502 7.2253 3.26233e-15)
(-86.7476 2.46664 5.69033e-15)
(-88.3286 -1.82522 -2.12559e-15)
(-73.714 56.0115 2.61742e-14)
(-74.6123 49.8954 -4.56293e-14)
(-74.2834 45.0089 -1.9997e-14)
(-73.9859 41.7001 -2.01358e-14)
(-73.7225 38.4758 -1.06265e-15)
(-73.5403 35.4552 0)
(-73.374 32.7727 0)
(-73.1946 30.3665 8.62829e-15)
(-73.064 28.3212 9.42211e-15)
(-73.1512 26.4696 4.67487e-16)
(-73.575 24.7046 0)
(-74.2176 22.9239 1.05767e-14)
(-75.0474 21.1476 -9.73638e-15)
(-76.181 19.2693 2.00467e-14)
(-77.5592 17.1869 -9.91215e-15)
(-79.1267 14.809 9.23235e-17)
(-80.8458 12.0726 -1.95393e-16)
(-82.6308 8.7391 0)
(-84.456 4.25408 -5.11375e-15)
(-87.2091 -0.751494 3.33527e-15)
(-71.5606 53.7851 2.25895e-14)
(-74.5234 46.8256 2.09596e-14)
(-74.462 42.2835 1.9951e-14)
(-74.1226 39.3218 1.81733e-14)
(-73.7884 36.3812 -1.16072e-15)
(-73.5149 33.6158 0)
(-73.2551 31.1113 0)
(-72.9626 28.9085 -2.84364e-14)
(-72.652 27.1123 0)
(-72.4654 25.5928 1.12449e-14)
(-72.635 24.1776 -1.16253e-14)
(-73.1247 22.6486 3.45733e-16)
(-73.7582 21.1772 3.16766e-16)
(-74.7173 19.6174 0)
(-75.9743 17.8216 0)
(-77.4733 15.6661 0)
(-79.1367 13.116 -5.33573e-15)
(-80.7948 10.1277 0)
(-82.2731 6.33527 -1.57006e-15)
(-84.9496 1.56915 1.89033e-15)
(-68.9299 51.6345 -2.33057e-14)
(-74.0737 44.3964 -1.69122e-14)
(-74.5606 39.7929 -7.80287e-16)
(-74.3576 37.2536 3.54691e-14)
(-73.9914 34.5457 -3.78214e-14)
(-73.6908 32.0069 0)
(-73.3875 29.6785 0)
(-73.0333 27.6274 5.98515e-16)
(-72.596 25.9449 -1.09687e-14)
(-72.2214 24.5971 1.22485e-14)
(-72.268 23.5989 7.75921e-16)
(-72.7074 22.4303 3.07385e-16)
(-73.1565 21.2978 1.2418e-14)
(-73.9147 20.0629 -1.13042e-14)
(-74.9966 18.5539 -5.34267e-15)
(-76.3612 16.6264 -5.58298e-15)
(-77.9447 14.2251 1.16325e-14)
(-79.5961 11.377 0)
(-80.9846 8.0207 -1.56842e-15)
(-82.7577 3.76878 1.70861e-15)
(-65.921 49.6294 -2.14648e-14)
(-72.7163 42.454 3.17947e-14)
(-74.223 37.6991 1.40663e-14)
(-74.5636 35.2622 -3.2121e-14)
(-74.3678 32.9511 -8.3754e-15)
(-74.1384 30.8072 -9.35596e-15)
(-73.8874 28.8025 1.07179e-14)
(-73.5659 27.0288 -1.12487e-14)
(-73.0857 25.5891 1.30666e-14)
(-72.4199 24.4959 3.01344e-14)
(-71.8666 23.8057 6.14849e-16)
(-72.4942 22.656 0)
(-73.0863 21.6718 2.91981e-14)
(-73.7738 20.6751 6.33447e-15)
(-74.6963 19.3921 6.67897e-15)
(-75.848 17.6607 -6.02667e-15)
(-77.2001 15.4068 6.10767e-15)
(-78.6903 12.6209 -6.29067e-15)
(-80.1245 9.35657 -1.64292e-15)
(-81.3395 5.43028 1.70335e-15)
(-62.827 47.871 0)
(-70.3929 41.0104 -2.28871e-14)
(-73.6603 36.0801 0)
(-74.477 33.549 -1.30285e-14)
(-74.66 31.5066 2.10468e-14)
(-74.707 29.6082 2.3216e-14)
(-74.7442 27.862 -1.66694e-14)
(-74.7398 26.3423 -9.02096e-15)
(-74.6342 25.1167 -2.13993e-14)
(-74.3469 24.2437 -1.33033e-14)
(-73.7266 24.0347 -1.7111e-14)
(-73.6014 23.4049 -1.95905e-14)
(-74.0289 22.4158 -6.69526e-16)
(-74.534 21.493 -7.52488e-15)
(-75.2295 20.284 5.72051e-16)
(-76.1258 18.6346 -6.13445e-15)
(-77.1964 16.4815 5.86948e-15)
(-78.3918 13.7866 0)
(-79.641 10.619 -1.35723e-15)
(-80.7518 6.93094 -7.72596e-17)
(-59.738 46.3384 -3.9167e-14)
(-67.338 39.8883 2.22514e-14)
(-71.7144 35.033 0)
(-74.0672 32.3865 1.11015e-14)
(-74.7162 30.4982 -1.12309e-14)
(-75.0272 28.8972 -1.22322e-14)
(-75.3016 27.4355 2.58478e-14)
(-75.5649 26.1532 3.87796e-16)
(-75.784 25.107 3.29658e-16)
(-75.8985 24.3322 9.94424e-15)
(-75.781 23.9431 2.17485e-14)
(-75.6247 23.5144 1.16475e-14)
(-75.7636 22.8048 0)
(-76.0511 22.0001 -5.22202e-15)
(-76.4766 20.8913 9.7651e-15)
(-77.0372 19.3427 -4.1996e-15)
(-77.7187 17.3018 2.04299e-15)
(-78.4774 14.6901 2.13935e-15)
(-79.3137 11.6147 -2.10082e-15)
(-80.1567 8.05154 6.22142e-18)
(-56.6878 44.9658 0)
(-63.6735 38.9557 6.78498e-15)
(-68.8818 34.5456 5.18021e-15)
(-72.2298 31.7336 4.60098e-15)
(-74.2911 29.8717 0)
(-75.0529 28.4342 0)
(-75.5688 27.2407 -5.57683e-15)
(-76.0051 26.2024 0)
(-76.387 25.3477 0)
(-76.688 24.7002 1.36153e-14)
(-76.8312 24.2566 -8.54797e-16)
(-76.8531 23.8117 -9.15339e-15)
(-76.9306 23.1661 0)
(-77.0811 22.3378 6.94797e-15)
(-77.3035 21.197 -3.32079e-15)
(-77.5865 19.6374 2.16814e-16)
(-77.932 17.5978 1.57781e-15)
(-78.3215 14.9916 -1.65719e-15)
(-78.7648 12.0983 8.57576e-16)
(-79.2472 8.69259 9.23247e-16)
(-53.7139 43.6167 0)
(-59.7279 38.0998 -7.85811e-15)
(-65.0768 34.3084 -8.05391e-16)
(-69.2601 31.5255 -4.96108e-15)
(-72.1533 29.5953 0)
(-74.1587 28.1962 0)
(-75.1858 27.1197 -3.51169e-16)
(-75.9454 26.2526 4.5536e-15)
(-76.5029 25.5142 4.93481e-15)
(-76.9201 24.9027 -5.61086e-15)
(-77.1872 24.3812 -1.20039e-14)
(-77.3348 23.8391 0)
(-77.3998 23.1596 6.07511e-15)
(-77.4457 22.2702 -8.82915e-15)
(-77.4931 21.0713 0)
(-77.5325 19.4823 -1.24304e-15)
(-77.5637 17.5168 0)
(-77.6143 14.9835 -1.32242e-15)
(-77.6894 12.1249 6.92739e-16)
(-77.7692 8.86349 7.51517e-16)
(-50.8399 42.203 7.20975e-15)
(-55.7546 37.2229 -1.48062e-14)
(-60.6696 34.1261 -6.35393e-15)
(-65.0738 31.546 -2.64125e-16)
(-68.7276 29.5854 7.93126e-15)
(-71.4809 28.1217 0)
(-73.3622 27.0098 -7.56703e-15)
(-74.6028 26.1572 0)
(-75.5205 25.454 0)
(-76.1989 24.8139 1.96644e-15)
(-76.6058 24.1953 2.10571e-15)
(-76.8461 23.5298 -2.28032e-15)
(-76.91 22.7496 0)
(-76.8651 21.7637 -6.69403e-15)
(-76.7552 20.4797 6.69507e-15)
(-76.5828 18.8347 -3.18114e-15)
(-76.3472 16.7979 3.18041e-15)
(-76.0802 14.3699 -1.58222e-15)
(-75.8124 11.5966 1.67902e-15)
(-75.5228 8.50946 -5.24138e-16)
(-48.0676 40.6764 -7.49358e-15)
(-51.9158 36.2513 0)
(-56.1486 33.8076 0)
(-60.1418 31.5461 0)
(-63.9662 29.6711 0)
(-67.2695 28.1258 0)
(-69.8898 26.8889 6.84327e-15)
(-71.7255 25.9152 0)
(-72.9479 25.1217 0)
(-73.8582 24.3895 1.62326e-15)
(-74.5208 23.6464 -5.79967e-15)
(-74.9013 22.8279 2.1847e-15)
(-75.0396 21.8912 -3.93791e-15)
(-74.9817 20.7701 3.84371e-15)
(-74.781 19.376 3.71978e-15)
(-74.4559 17.662 -1.80398e-15)
(-74.0257 15.6113 1.48699e-17)
(-73.5201 13.2288 9.26515e-16)
(-72.9894 10.5652 8.95954e-16)
(-72.4106 7.64865 -3.33489e-16)
(-45.3768 39.0172 -1.15967e-14)
(-48.3003 35.1608 1.89813e-14)
(-51.8758 33.2814 0)
(-55.182 31.3308 0)
(-58.5844 29.6144 0)
(-61.8562 28.071 -1.60236e-15)
(-64.76 26.7021 -3.62763e-15)
(-67.1438 25.5226 -1.389e-15)
(-68.922 24.5166 -1.36327e-15)
(-70.1512 23.6063 0)
(-70.9777 22.6925 0)
(-71.4965 21.6965 1.45752e-15)
(-71.71 20.5741 0)
(-71.687 19.2942 -1.80227e-15)
(-71.4546 17.7755 0)
(-71.0618 15.9917 6.85327e-16)
(-70.5383 13.9405 1.94044e-16)
(-69.9165 11.634 3.42805e-16)
(-69.2677 9.09998 -1.72291e-15)
(-68.5397 6.35761 5.60213e-16)
(-42.7126 37.2347 0)
(-44.9282 34.0173 -6.49988e-15)
(-47.955 32.6145 2.30487e-15)
(-50.6697 30.9234 7.30821e-15)
(-53.4679 29.3136 -7.99476e-15)
(-56.2573 27.7743 2.00925e-15)
(-58.9057 26.309 3.23307e-15)
(-61.2664 24.9424 -1.27675e-15)
(-63.2166 23.6866 2.85996e-15)
(-64.7145 22.5117 1.20992e-15)
(-65.7868 21.3538 0)
(-66.4969 20.1449 -1.62782e-15)
(-66.8915 18.8374 -2.8525e-15)
(-66.9891 17.4116 4.96484e-17)
(-66.8684 15.8058 2.75246e-15)
(-66.5602 14.0061 -2.12936e-15)
(-66.1007 12.014 5.27585e-16)
(-65.5482 9.84331 1.42883e-15)
(-64.9725 7.48681 1.57272e-16)
(-64.2389 4.90548 0)
(-39.9755 35.407 0)
(-41.6878 32.9653 -1.14997e-14)
(-44.2117 31.9206 6.1281e-15)
(-46.5419 30.4342 -5.77576e-15)
(-48.9071 28.8505 8.70966e-15)
(-51.2062 27.2321 1.38799e-15)
(-53.3925 25.6435 3.02067e-15)
(-55.4124 24.1119 -2.78976e-15)
(-57.1914 22.6493 -1.54383e-15)
(-58.6725 21.2467 1.02674e-15)
(-59.8306 19.8677 -3.41205e-17)
(-60.679 18.4706 -1.0554e-15)
(-61.2555 17.0173 -1.98403e-15)
(-61.5475 15.5112 -4.85055e-16)
(-61.615 13.903 1.14871e-15)
(-61.4848 12.1716 -1.84242e-15)
(-61.1944 10.3144 1.5246e-15)
(-60.8227 8.33453 8.26879e-16)
(-60.4096 6.16505 -9.2885e-16)
(-59.7663 3.67981 2.23856e-30)
(-37.2173 33.5641 -4.49129e-15)
(-38.5897 31.9984 8.27821e-15)
(-40.7108 31.192 -6.10529e-15)
(-42.7427 29.7895 5.79954e-15)
(-44.7379 28.2036 -1.70188e-15)
(-46.6055 26.5144 -1.59752e-15)
(-48.3512 24.8274 -9.69241e-16)
(-49.9779 23.2003 0)
(-51.4598 21.6587 8.60635e-16)
(-52.7676 20.1584 2.0778e-15)
(-53.8682 18.6755 -2.04252e-15)
(-54.7432 17.2064 8.65384e-16)
(-55.4056 15.7048 1.6299e-15)
(-55.8411 14.1539 -1.27506e-15)
(-56.076 12.5269 0)
(-56.123 10.8259 -5.59355e-16)
(-56.013 9.06533 0)
(-55.808 7.22026 2.88131e-16)
(-55.5442 5.14695 -2.96893e-16)
(-55.0879 2.7762 -1.9187e-17)
(-34.3056 31.5088 2.658e-15)
(-35.234 30.4772 -8.59513e-15)
(-36.956 29.311 3.86613e-15)
(-38.8646 27.5007 -3.81489e-15)
(-40.7692 25.5986 7.62549e-15)
(-42.5003 23.85 -3.63846e-15)
(-44.0294 22.2358 3.40624e-15)
(-45.3805 20.7566 -1.62546e-15)
(-46.6071 19.3161 -1.04588e-15)
(-47.7091 17.8777 1.18247e-15)
(-48.6656 16.4081 -7.41719e-17)
(-49.455 14.885 -9.7525e-16)
(-50.0608 13.2828 -4.28676e-16)
(-50.4288 11.636 1.04112e-16)
(-50.5817 9.93536 4.69603e-16)
(-50.5336 8.20392 -9.18395e-16)
(-50.3419 6.48009 4.75636e-16)
(-50.0615 4.75531 -1.92855e-16)
(-49.8163 2.86017 9.22748e-18)
(-49.5074 1.14516 2.31609e-17)
(-29.5133 31.1752 0)
(-28.8972 31.3596 4.99242e-16)
(-29.4282 29.7584 -1.96745e-16)
(-30.1747 27.7492 0)
(-31.0223 26.0307 0)
(-31.9468 24.5713 1.31197e-16)
(-32.9398 23.2528 -1.11751e-16)
(-33.9402 22.0379 -2.3495e-16)
(-34.8858 20.87 0)
(-35.7722 19.7006 1.63718e-16)
(-36.5767 18.4991 0)
(-37.2932 17.2475 2.18603e-16)
(-37.9209 15.9358 -3.99622e-17)
(-38.4643 14.5644 -1.44567e-16)
(-38.9041 13.1547 0)
(-39.2316 11.7128 0)
(-39.4496 10.235 -6.16446e-17)
(-39.5573 8.70529 5.98788e-17)
(-39.5661 7.07254 -6.82479e-17)
(-39.1954 5.8403 2.00134e-17)
)
;

boundaryField
{
    right
    {
        type            cyclic;
    }
    left
    {
        type            cyclic;
    }
    outerWall
    {
        type            calculated;
        value           nonuniform List<vector> 
60
(
(-3.88268 209.368 0)
(-11.6427 209.081 0)
(-19.3868 208.506 0)
(-27.1041 207.644 0)
(-34.7842 206.496 0)
(-42.4165 205.065 0)
(-49.9903 203.351 0)
(-57.4954 201.357 0)
(-64.9213 199.087 0)
(-72.2579 196.542 0)
(-79.4951 193.727 0)
(-86.6228 190.645 0)
(-93.6313 187.301 0)
(-100.511 183.7 0)
(-107.252 179.845 0)
(-113.846 175.744 0)
(-120.283 171.4 0)
(-126.554 166.821 0)
(-132.651 162.012 0)
(-138.566 156.98 0)
(-141.814 154.101 0)
(-142.488 153.482 0)
(-143.159 152.86 0)
(-143.827 152.235 0)
(-144.492 151.607 0)
(-145.154 150.976 0)
(-145.813 150.341 0)
(-146.469 149.703 0)
(-147.122 149.063 0)
(-147.772 148.419 0)
(-148.419 147.772 0)
(-149.063 147.122 0)
(-149.703 146.469 0)
(-150.341 145.813 0)
(-150.976 145.154 0)
(-151.607 144.492 0)
(-152.235 143.827 0)
(-152.86 143.159 0)
(-153.482 142.488 0)
(-154.101 141.814 0)
(-156.98 138.566 0)
(-162.012 132.651 0)
(-166.821 126.554 0)
(-171.4 120.283 0)
(-175.744 113.846 0)
(-179.845 107.252 0)
(-183.7 100.511 0)
(-187.301 93.6313 0)
(-190.645 86.6228 0)
(-193.727 79.4951 0)
(-196.542 72.2579 0)
(-199.087 64.9213 0)
(-201.357 57.4954 0)
(-203.351 49.9903 0)
(-205.065 42.4165 0)
(-206.496 34.7842 0)
(-207.644 27.1041 0)
(-208.506 19.3868 0)
(-209.081 11.6427 0)
(-209.368 3.88268 0)
)
;
    }
    stirrerWall
    {
        type            calculated;
        value           nonuniform List<vector> 
100
(
(-0.775973 41.8739 0)
(-2.32686 41.817 0)
(-3.87457 41.7025 0)
(-5.41696 41.5307 0)
(-6.95191 41.3017 0)
(-8.4773 41.0159 0)
(-9.99103 40.6737 0)
(-11.491 40.2755 0)
(-12.9752 39.8219 0)
(-14.4415 39.3135 0)
(-15.8879 38.751 0)
(-17.3124 38.1352 0)
(-18.7131 37.4669 0)
(-20.088 36.7471 0)
(-21.4352 35.9768 0)
(-22.7529 35.1569 0)
(-24.0393 34.2887 0)
(-25.2925 33.3733 0)
(-26.5109 32.4121 0)
(-27.6927 31.4062 0)
(-29.3359 32.0508 0)
(-31.4591 34.3677 0)
(-33.5823 36.6846 0)
(-35.7055 39.0016 0)
(-37.8287 41.3185 0)
(-39.9519 43.6354 0)
(-42.0751 45.9523 0)
(-44.1983 48.2693 0)
(-46.3215 50.5862 0)
(-48.4447 52.9031 0)
(-50.5679 55.22 0)
(-52.6911 57.537 0)
(-54.8142 59.8539 0)
(-56.9374 62.1708 0)
(-59.0606 64.4877 0)
(-61.1838 66.8047 0)
(-63.307 69.1216 0)
(-65.4302 71.4385 0)
(-67.5534 73.7554 0)
(-69.6766 76.0724 0)
(-70.9005 77.0685 0)
(-71.2251 76.7439 0)
(-71.5498 76.4192 0)
(-71.8744 76.0946 0)
(-72.199 75.77 0)
(-72.5237 75.4453 0)
(-72.8483 75.1207 0)
(-73.1729 74.7961 0)
(-73.4976 74.4715 0)
(-73.8222 74.1468 0)
(-74.1468 73.8222 0)
(-74.4715 73.4976 0)
(-74.7961 73.1729 0)
(-75.1207 72.8483 0)
(-75.4453 72.5237 0)
(-75.77 72.199 0)
(-76.0946 71.8744 0)
(-76.4192 71.5498 0)
(-76.7439 71.2251 0)
(-77.0685 70.9005 0)
(-76.0724 69.6766 0)
(-73.7554 67.5534 0)
(-71.4385 65.4302 0)
(-69.1216 63.307 0)
(-66.8047 61.1838 0)
(-64.4877 59.0606 0)
(-62.1708 56.9374 0)
(-59.8539 54.8142 0)
(-57.537 52.6911 0)
(-55.22 50.5679 0)
(-52.9031 48.4447 0)
(-50.5862 46.3215 0)
(-48.2693 44.1983 0)
(-45.9523 42.0751 0)
(-43.6354 39.9519 0)
(-41.3185 37.8287 0)
(-39.0016 35.7055 0)
(-36.6846 33.5823 0)
(-34.3677 31.4591 0)
(-32.0508 29.3359 0)
(-31.4062 27.6927 0)
(-32.4121 26.5109 0)
(-33.3733 25.2925 0)
(-34.2887 24.0393 0)
(-35.1569 22.7529 0)
(-35.9768 21.4352 0)
(-36.7471 20.088 0)
(-37.4669 18.7131 0)
(-38.1352 17.3124 0)
(-38.751 15.8879 0)
(-39.3135 14.4415 0)
(-39.8219 12.9752 0)
(-40.2755 11.491 0)
(-40.6737 9.99103 0)
(-41.0159 8.4773 0)
(-41.3017 6.95191 0)
(-41.5307 5.41696 0)
(-41.7025 3.87457 0)
(-41.817 2.32686 0)
(-41.8739 0.775973 0)
)
;
    }
    top
    {
        type            empty;
    }
    bottom
    {
        type            empty;
    }
}


// ************************************************************************* //
