/*--------------------------------*- C++ -*----------------------------------*\
  =========                 |
  \\      /  F ield         | OpenFOAM: The Open Source CFD Toolbox
   \\    /   O peration     | Website:  https://openfoam.org
    \\  /    A nd           | Version:  10
     \\/     M anipulation  |
\*---------------------------------------------------------------------------*/
FoamFile
{
    format      ascii;
    class       volScalarField;
    location    "43000";
    object      yPlus;
}
// * * * * * * * * * * * * * * * * * * * * * * * * * * * * * * * * * * * * * //

dimensions      [0 0 0 0 0 0 0];

internalField   uniform 0;

boundaryField
{
    right
    {
        type            cyclic;
    }
    left
    {
        type            cyclic;
    }
    outerWall
    {
        type            calculated;
        value           nonuniform List<scalar> 0();
    }
    stirrerWall
    {
        type            calculated;
        value           nonuniform List<scalar> 
398
(
0.220948
0.148287
0.109346
0.0910235
0.0816608
0.0763259
0.0730686
0.0713013
0.0708351
0.0715978
0.0735158
0.0764886
0.0804962
0.0854344
0.0911
0.0974898
0.104542
0.112195
0.120445
0.129286
0.138783
0.148606
0.158748
0.169039
0.179355
0.189522
0.199382
0.208735
0.217406
0.225384
0.232404
0.238265
0.242762
0.246153
0.248589
0.250203
0.251174
0.251343
0.250298
0.248244
0.245659
0.241451
0.235455
0.22905
0.221728
0.213665
0.205267
0.196471
0.187943
0.179542
0.171199
0.163058
0.155171
0.147531
0.140114
0.13288
0.125715
0.118677
0.11191
0.105468
0.0993617
0.0935674
0.088024
0.082805
0.0776951
0.0728073
0.0680619
0.0634654
0.0590511
0.0548141
0.0508831
0.047467
0.0447117
0.0426051
0.0409427
0.0391491
0.0362738
0.0311791
0.0227304
0.00658382
0.00658382
0.0175653
0.00747724
0.010556
0.0131473
0.0169578
0.0208345
0.0242616
0.0267649
0.0284359
0.0293806
0.0296991
0.0295022
0.0288982
0.02798
0.0268266
0.025469
0.0240378
0.0225187
0.0210108
0.0196636
0.0184133
0.0172331
0.0161073
0.0150449
0.0140614
0.0131851
0.0124464
0.0118852
0.0115606
0.0115592
0.0120924
0.0133759
0.0154242
0.01812
0.021278
0.0246379
0.027986
0.0312008
0.0343011
0.0374202
0.040566
0.0437333
0.0469743
0.0503715
0.0539955
0.0580208
0.062661
0.0684943
0.0764407
0.0860033
0.0981055
0.112271
0.128396
0.147197
0.168893
0.193464
0.221025
0.251631
0.285323
0.322121
0.362109
0.405503
0.452711
0.504314
0.560993
0.623453
0.692492
0.769319
0.855329
0.952246
1.06265
1.18861
1.33242
1.49615
1.67393
1.85687
2.03995
2.21866
2.39336
2.559
2.71163
2.85034
2.97486
3.08673
3.18705
3.27945
3.36706
3.45204
3.53559
3.61782
3.69848
3.77718
3.85417
3.92357
3.97952
4.02755
4.06785
4.09724
4.11319
4.11739
4.11367
4.10271
4.08481
4.06142
4.03069
3.99255
3.94746
3.89566
3.83727
3.77229
3.70073
3.6224
3.5366
3.44309
3.34319
3.24568
3.14289
3.03461
2.92122
2.80351
2.68249
2.55919
2.43475
2.31056
2.1883
2.06991
1.95762
0.0254147
0.0374496
0.024168
0.0203112
0.0278845
0.0475693
0.0849022
0.134859
0.181849
0.219355
0.245359
0.260119
0.263716
0.257549
0.244427
0.223998
0.207483
0.192412
0.176759
0.160436
0.143948
0.127783
0.112436
0.0981839
0.0852239
0.073586
0.0632892
0.054498
0.0474107
0.0423067
0.0398579
0.0454268
0.0770119
0.140645
0.216575
0.276219
0.314288
0.332709
0.340711
0.354406
0.381112
0.418753
0.459106
0.495979
0.53138
0.563998
0.596848
0.636644
0.692219
0.786697
0.943237
1.25814
2.18902
4.10256
6.71
9.26552
11.0219
11.4622
11.4237
11.462
10.1207
12.0359
11.071
11.6128
11.744
11.843
12.3317
12.7413
13.0108
12.9617
11.6196
13.2873
13.6237
13.1797
11.7022
12.5767
13.9072
13.5039
11.6625
11.876
12.0836
12.2849
12.4809
12.6722
12.8596
13.0441
13.2266
13.4087
13.5899
13.7701
13.9497
14.1291
14.3085
14.4882
14.6686
14.8497
15.032
15.2154
15.4004
15.5871
15.7759
15.9674
16.1615
16.3584
16.5583
16.7616
16.9687
17.1797
17.3951
17.6145
0.0254147
0.0731198
0.108656
0.148153
0.150895
0.148559
0.149959
0.148705
0.162831
0.190127
0.22499
0.267358
0.317542
0.37558
0.441463
0.51516
0.596298
0.684248
0.7783
0.877634
0.981476
1.08872
1.19861
1.3111
1.42667
1.54723
1.678
1.81212
1.94284
2.07015
2.1941
2.31383
2.42938
2.54113
2.6517
2.76787
2.88148
3.0031
3.12334
3.25325
3.36706
3.43593
3.50807
3.58289
3.66625
3.75487
3.8552
3.9741
4.11273
4.28145
4.49426
4.7661
5.12032
5.58955
6.22232
6.91226
7.66527
8.52022
9.5047
10.6326
11.5658
11.8037
11.7255
11.8889
12.024
10.7215
10.0478
10.2863
10.7247
10.5123
10.1341
7.97567
4.60021
1.82174
0.809971
0.625216
0.612816
0.554868
0.443606
0.325958
)
;
    }
    top
    {
        type            empty;
    }
    bottom
    {
        type            empty;
    }
    procBoundary1to0
    {
        type            processor;
        value           uniform 0;
    }
}


// ************************************************************************* //
