/*--------------------------------*- C++ -*----------------------------------*\
  =========                 |
  \\      /  F ield         | OpenFOAM: The Open Source CFD Toolbox
   \\    /   O peration     | Website:  https://openfoam.org
    \\  /    A nd           | Version:  10
     \\/     M anipulation  |
\*---------------------------------------------------------------------------*/
FoamFile
{
    format      ascii;
    class       volScalarField;
    location    "30000";
    object      yPlus;
}
// * * * * * * * * * * * * * * * * * * * * * * * * * * * * * * * * * * * * * //

dimensions      [0 0 0 0 0 0 0];

internalField   uniform 0;

boundaryField
{
    right
    {
        type            cyclic;
    }
    left
    {
        type            cyclic;
    }
    outerWall
    {
        type            calculated;
        value           nonuniform List<scalar> 0();
    }
    stirrerWall
    {
        type            calculated;
        value           nonuniform List<scalar> 
398
(
0.214733
0.148856
0.103432
0.0776072
0.063928
0.0566666
0.0525387
0.0501367
0.0489048
0.0486033
0.0491081
0.0503479
0.0522529
0.0547709
0.0578738
0.0615367
0.0657388
0.0704478
0.0756121
0.0811645
0.0870376
0.0931763
0.0995692
0.106195
0.112901
0.119493
0.12591
0.132116
0.137996
0.143449
0.148363
0.152652
0.156266
0.159197
0.161421
0.162864
0.163725
0.163864
0.16255
0.159716
0.156367
0.153448
0.150466
0.146637
0.142334
0.137556
0.132375
0.127078
0.121699
0.116243
0.110828
0.10557
0.1004
0.0953174
0.0903328
0.0854256
0.0805193
0.0757021
0.0710921
0.0667231
0.0625915
0.0586894
0.0549541
0.0514112
0.0480057
0.044786
0.0417142
0.038815
0.0361635
0.0338628
0.0319585
0.0304808
0.029456
0.0288199
0.0283151
0.0274482
0.0255694
0.0220181
0.0160661
0.00465636
0.00465636
0.0124242
0.00525304
0.00727782
0.00864927
0.0107923
0.0129881
0.0150414
0.0166271
0.0176894
0.0183197
0.0185722
0.0185049
0.0181782
0.017647
0.0169584
0.0161524
0.0152612
0.0143166
0.0133485
0.0124453
0.0116214
0.0108418
0.0100994
0.00939735
0.00873811
0.00813302
0.00759958
0.00715924
0.00683984
0.00667941
0.00674559
0.00718718
0.0080651
0.00938748
0.0110747
0.0129687
0.014917
0.0168213
0.0186293
0.0203456
0.0219966
0.0236776
0.0253733
0.0271349
0.0290125
0.0312489
0.0337927
0.036928
0.0408503
0.0460972
0.0522643
0.0600166
0.0690049
0.0792135
0.0909294
0.104128
0.118832
0.135145
0.153154
0.172954
0.194648
0.218363
0.244246
0.272483
0.30332
0.337063
0.374087
0.414818
0.45966
0.509014
0.563468
0.623988
0.691542
0.767737
0.851997
0.941718
1.037
1.1367
1.23879
1.34024
1.44339
1.54501
1.6416
1.73103
1.81157
1.8868
1.95584
2.02075
2.08285
2.14266
2.20111
2.25839
2.31425
2.36883
2.42083
2.47036
2.51279
2.54849
2.58042
2.60527
2.62056
2.62485
2.62235
2.61421
2.59969
2.57816
2.55118
2.51969
2.4836
2.44291
2.39771
2.34788
2.29221
2.23281
2.17007
2.10224
2.03689
1.97029
1.90064
1.82891
1.75598
1.68275
1.61002
1.53856
1.46931
1.40308
1.34033
0.0180509
0.0315364
0.0203974
0.0162519
0.0170247
0.0216337
0.0297987
0.0441161
0.0649213
0.0835354
0.0987434
0.10984
0.116971
0.119794
0.118884
0.114764
0.110814
0.105839
0.100447
0.0947108
0.0886071
0.0821871
0.0756269
0.0690942
0.0627364
0.0567554
0.0512501
0.0463347
0.0422142
0.039159
0.0376253
0.040686
0.0518901
0.0724702
0.101115
0.134385
0.165581
0.192259
0.214657
0.235976
0.258989
0.284344
0.310434
0.337083
0.362888
0.388269
0.414742
0.442246
0.472277
0.505114
0.54495
0.595765
0.674213
0.781994
0.94579
1.27664
2.06381
3.48643
5.38136
7.39348
9.15965
10.3327
10.5959
10.4863
10.533
9.77887
9.97362
10.1872
10.436
10.6316
10.851
9.7687
10.2842
11.2604
11.5665
11.9874
12.3655
12.6627
12.6872
11.2684
11.4594
12.3262
11.0373
11.5015
11.4751
11.3413
12.0722
12.853
11.4827
11.6528
11.6257
11.5978
11.7597
11.9216
12.0841
12.2473
12.4113
12.5765
12.7431
12.9111
13.0809
13.2526
13.4266
13.6034
13.7832
13.9659
14.1516
14.3397
14.5284
14.7192
0.0180509
0.0519137
0.0756828
0.102869
0.109223
0.106557
0.108307
0.114295
0.128552
0.147684
0.170715
0.197575
0.228286
0.262888
0.301341
0.34362
0.389653
0.439341
0.492428
0.548716
0.607953
0.669879
0.734376
0.80157
0.872186
0.949292
1.0349
1.12049
1.20585
1.29029
1.37384
1.45685
1.53982
1.62118
1.69781
1.77101
1.84678
1.92571
2.00946
2.09559
2.20228
2.2703
2.28867
2.32173
2.3495
2.36473
2.38712
2.41349
2.43648
2.45858
2.48264
2.51062
2.5438
2.57939
2.61565
2.65098
2.68261
2.70972
2.72935
2.73612
2.72509
2.69601
2.62981
2.51271
2.33398
2.08474
1.77756
1.45849
1.18358
0.985915
0.852649
0.735649
0.691586
0.713608
0.692597
0.611249
0.524073
0.444346
0.367425
0.291305
)
;
    }
    top
    {
        type            empty;
    }
    bottom
    {
        type            empty;
    }
    procBoundary1to0
    {
        type            processor;
        value           uniform 0;
    }
}


// ************************************************************************* //
