/*--------------------------------*- C++ -*----------------------------------*\
  =========                 |
  \\      /  F ield         | OpenFOAM: The Open Source CFD Toolbox
   \\    /   O peration     | Website:  https://openfoam.org
    \\  /    A nd           | Version:  10
     \\/     M anipulation  |
\*---------------------------------------------------------------------------*/
FoamFile
{
    format      ascii;
    class       volScalarField;
    location    "13000";
    object      yPlus;
}
// * * * * * * * * * * * * * * * * * * * * * * * * * * * * * * * * * * * * * //

dimensions      [0 0 0 0 0 0 0];

internalField   uniform 0;

boundaryField
{
    right
    {
        type            cyclic;
    }
    left
    {
        type            cyclic;
    }
    outerWall
    {
        type            calculated;
        value           nonuniform List<scalar> 0();
    }
    stirrerWall
    {
        type            calculated;
        value           nonuniform List<scalar> 
398
(
0.0496553
0.0480831
0.0461071
0.0438768
0.0413409
0.038694
0.0359944
0.0332653
0.030505
0.0277222
0.024934
0.0221663
0.019461
0.016897
0.0145802
0.0126296
0.0111422
0.0101374
0.009554
0.00929229
0.0092619
0.0094014
0.00967525
0.0100646
0.0105603
0.0111587
0.011859
0.0126622
0.0135713
0.0145888
0.0157134
0.0169438
0.0182546
0.0196235
0.0210493
0.0225245
0.024028
0.0255291
0.0270305
0.0285627
0.0300658
0.0314838
0.0327767
0.0339581
0.0350116
0.0358953
0.0365715
0.0369608
0.0372557
0.0376467
0.038044
0.038306
0.0384027
0.038344
0.0380987
0.0376282
0.0368973
0.0359785
0.0348757
0.0336028
0.0321629
0.0305554
0.0288794
0.0271764
0.0254897
0.023853
0.0222908
0.0208246
0.0194728
0.018251
0.0171707
0.0162344
0.0154286
0.0147131
0.0140043
0.0131674
0.0120172
0.0102945
0.00755645
0.00220498
0.00220498
0.00588783
0.0023634
0.00313572
0.00319556
0.00334446
0.0032733
0.00303063
0.00269949
0.00234004
0.00198934
0.00167172
0.00141212
0.0012136
0.00107359
0.000994788
0.000978303
0.00101842
0.00110243
0.00121618
0.00134889
0.00149747
0.00166283
0.00184977
0.0020648
0.00231054
0.00259317
0.00291601
0.00328408
0.00370203
0.00417366
0.00470445
0.00530092
0.00596718
0.00670631
0.0075225
0.00841824
0.00939505
0.0104565
0.0116044
0.0128389
0.0141623
0.0155777
0.0170879
0.0186931
0.0203977
0.0222088
0.0241283
0.0261662
0.0283174
0.0305801
0.0329756
0.035492
0.0381291
0.0408876
0.04378
0.0468478
0.050127
0.0534709
0.0569146
0.0603914
0.0637977
0.0671246
0.0703841
0.0734925
0.0764552
0.0791801
0.0816282
0.0838166
0.0856592
0.0871168
0.088155
0.0884145
0.0884229
0.0888038
0.0889472
0.0885074
0.0876048
0.0863912
0.0849789
0.0833541
0.0816261
0.079935
0.078107
0.0765311
0.0750081
0.0728096
0.072401
0.074147
0.06925
0.0643737
0.0729785
0.0747741
0.06592
0.059236
0.0567093
0.0677116
0.0646331
0.0636985
0.0619391
0.0593386
0.0651054
0.0679377
0.0623684
0.0569408
0.0579685
0.0585514
0.0591353
0.0604678
0.0614593
0.0616281
0.0619616
0.0624585
0.0628347
0.0632311
0.0643174
0.0642097
0.0627757
0.0604235
0.0587569
0.0575451
0.0562461
0.0551294
0.0544641
0.0543375
0.0548946
0.0559325
0.0570009
0.00246857
0.00549058
0.00357907
0.00264357
0.00223578
0.00200859
0.00185065
0.00175164
0.00171314
0.00172987
0.00178915
0.00186838
0.00195037
0.00202664
0.00209634
0.00215219
0.00218483
0.00218845
0.00216228
0.00210679
0.00202228
0.00191166
0.00178084
0.00163631
0.0014854
0.00133623
0.00119767
0.00108366
0.00104662
0.00136859
0.0028283
0.0060492
0.0102933
0.0137575
0.0156617
0.01635
0.0166608
0.0171942
0.0181165
0.0193357
0.0206745
0.0221095
0.0236809
0.0254509
0.0275361
0.030094
0.0331093
0.0369004
0.0412197
0.0463
0.0522038
0.0587935
0.0662664
0.0746666
0.0839653
0.0941711
0.105311
0.117405
0.130481
0.144577
0.159746
0.176055
0.193588
0.212443
0.232732
0.254582
0.278136
0.303554
0.331009
0.360695
0.39282
0.427633
0.465488
0.506914
0.552221
0.600462
0.650673
0.702952
0.757352
0.813912
0.872737
0.933962
0.997669
1.06397
1.13305
1.20511
1.28043
1.35923
1.44179
1.52841
1.61931
1.71468
1.81458
1.91913
2.02838
2.14236
2.26126
2.38521
2.51404
2.64761
2.78531
2.92678
3.07159
3.21935
3.36973
3.52253
3.67762
3.83428
3.99167
4.1498
0.00246857
0.00724884
0.0102914
0.0132937
0.0156158
0.0148563
0.0131663
0.0128522
0.0143633
0.0174605
0.0186912
0.0206313
0.0249447
0.0267247
0.0294797
0.0353512
0.0376328
0.0407274
0.0479031
0.0506032
0.0536173
0.0608114
0.0644454
0.068325
0.0737404
0.0795673
0.085894
0.0926791
0.0997805
0.106929
0.113836
0.120385
0.126697
0.13275
0.138358
0.143287
0.147573
0.151403
0.155104
0.158516
0.161269
0.163657
0.165757
0.167576
0.169135
0.170458
0.171558
0.172441
0.173139
0.173668
0.173994
0.17401
0.173588
0.172549
0.170648
0.167956
0.165055
0.162016
0.158761
0.155414
0.151973
0.148427
0.14472
0.140909
0.137061
0.133247
0.129541
0.12601
0.122647
0.119256
0.115186
0.109387
0.102461
0.094645
0.0862213
0.0774849
0.0687888
0.060903
0.0554929
0.0519555
)
;
    }
    top
    {
        type            empty;
    }
    bottom
    {
        type            empty;
    }
    procBoundary1to0
    {
        type            processor;
        value           uniform 0;
    }
}


// ************************************************************************* //
