/*--------------------------------*- C++ -*----------------------------------*\
  =========                 |
  \\      /  F ield         | OpenFOAM: The Open Source CFD Toolbox
   \\    /   O peration     | Website:  https://openfoam.org
    \\  /    A nd           | Version:  10
     \\/     M anipulation  |
\*---------------------------------------------------------------------------*/
FoamFile
{
    format      ascii;
    class       volScalarField;
    location    "28000";
    object      yPlus;
}
// * * * * * * * * * * * * * * * * * * * * * * * * * * * * * * * * * * * * * //

dimensions      [0 0 0 0 0 0 0];

internalField   uniform 0;

boundaryField
{
    right
    {
        type            cyclic;
    }
    left
    {
        type            cyclic;
    }
    outerWall
    {
        type            calculated;
        value           nonuniform List<scalar> 0();
    }
    stirrerWall
    {
        type            calculated;
        value           nonuniform List<scalar> 
398
(
0.240222
0.174962
0.121838
0.0868018
0.0664194
0.0554685
0.049542
0.0462173
0.044405
0.0436378
0.0436951
0.0444588
0.0458342
0.0477688
0.0502277
0.0531838
0.0566162
0.0604987
0.0647924
0.0694479
0.0744117
0.0796289
0.0850639
0.0907039
0.0965186
0.102376
0.108108
0.11366
0.119037
0.12412
0.128833
0.133079
0.136786
0.139903
0.14238
0.14411
0.145144
0.145623
0.145078
0.143147
0.140378
0.137684
0.135297
0.132419
0.128906
0.125075
0.120839
0.116239
0.111534
0.106773
0.101964
0.0971411
0.09244
0.0878299
0.0832909
0.0788179
0.0743562
0.0699179
0.0656005
0.0614686
0.0575909
0.0539078
0.0504585
0.0471703
0.0440863
0.0411608
0.0383958
0.0358269
0.0335202
0.0315248
0.0298682
0.0285803
0.0276884
0.0271262
0.0266558
0.0258305
0.0240635
0.0207448
0.0151612
0.00440075
0.00440075
0.0117444
0.00494477
0.00685837
0.00806193
0.00993808
0.0118015
0.0134893
0.0147287
0.0155251
0.0159575
0.0160766
0.0159343
0.015582
0.0150657
0.0144247
0.0136925
0.0128973
0.0120627
0.0112271
0.0104724
0.00977106
0.00910772
0.0084829
0.00789706
0.00735539
0.00687195
0.00646438
0.00615473
0.0059722
0.00595969
0.00621642
0.00682074
0.00778187
0.00905324
0.0105245
0.0120715
0.013605
0.0150674
0.0164518
0.0177758
0.0190831
0.0204003
0.0217606
0.0232213
0.0249378
0.0269261
0.0293623
0.0324002
0.036326
0.0411353
0.0468904
0.0538057
0.0616355
0.0705982
0.0806981
0.0919141
0.104313
0.117938
0.132856
0.149151
0.166929
0.186319
0.207473
0.230569
0.255816
0.28346
0.313791
0.347136
0.383866
0.424302
0.468726
0.517902
0.572669
0.633843
0.701256
0.772667
0.848166
0.927899
1.0109
1.09605
1.17986
1.26725
1.35277
1.43459
1.5112
1.58038
1.6445
1.70432
1.76027
1.81412
1.86594
1.91638
1.96586
2.01421
2.06151
2.10741
2.15084
2.18846
2.22049
2.24948
2.27292
2.28815
2.29341
2.2926
2.28602
2.273
2.25459
2.23145
2.2037
2.17157
2.13524
2.09476
2.04928
1.99991
1.94735
1.89177
1.83136
1.77443
1.7164
1.65571
1.59357
1.53091
1.46851
1.407
1.34699
1.28905
1.23361
0.0168354
0.0304374
0.0195924
0.0154641
0.0154994
0.0184493
0.0240414
0.0334394
0.0479346
0.0624593
0.074438
0.0838807
0.0901495
0.0933097
0.0935501
0.0914424
0.0894185
0.0861105
0.0824027
0.0783387
0.0738896
0.0691137
0.0641514
0.0591455
0.0542467
0.0496196
0.0453792
0.0416715
0.0387316
0.0368545
0.0369832
0.0432758
0.0563644
0.076955
0.103627
0.130902
0.157164
0.17994
0.200016
0.220862
0.242947
0.266297
0.289974
0.313625
0.336536
0.361563
0.386465
0.412862
0.441713
0.473005
0.511237
0.556906
0.621482
0.70894
0.823286
0.982104
1.29928
2.00922
3.26255
4.962
6.85496
8.66136
10.102
10.884
10.9681
10.6737
10.2714
11.4373
9.43195
10.3869
9.58949
9.57307
9.84749
10.2698
11.6161
12.1647
11.3677
11.603
11.9322
12.2283
12.4803
12.6718
12.7667
12.6189
11.3438
11.614
12.3496
11.1057
11.5437
12.7443
11.6662
12.1013
12.2194
12.783
11.5506
11.708
11.8697
12.0324
12.1963
12.3617
12.5287
12.6975
12.8684
13.0419
13.2186
13.398
13.5798
13.7629
13.9469
14.1337
0.0168354
0.0485495
0.0705165
0.0951221
0.102068
0.0990726
0.100563
0.107692
0.122114
0.140458
0.162024
0.186952
0.215223
0.246866
0.281832
0.320068
0.361486
0.405982
0.453382
0.503418
0.555904
0.610663
0.667691
0.727369
0.791308
0.864692
0.939425
1.01474
1.08998
1.16492
1.24001
1.31569
1.38872
1.458
1.52285
1.58943
1.65727
1.72801
1.80112
1.8802
1.9809
2.04218
2.05419
2.08049
2.10162
2.10812
2.11623
2.13346
2.15192
2.16619
2.17953
2.19485
2.21227
2.22953
2.24441
2.25422
2.25855
2.25628
2.24553
2.22161
2.18984
2.14229
2.06897
1.95965
1.81076
1.62592
1.41996
1.21749
1.03678
0.895308
0.792388
0.706168
0.678286
0.701086
0.683664
0.602656
0.51596
0.441459
0.372699
0.307458
)
;
    }
    top
    {
        type            empty;
    }
    bottom
    {
        type            empty;
    }
    procBoundary1to0
    {
        type            processor;
        value           uniform 0;
    }
}


// ************************************************************************* //
