/*--------------------------------*- C++ -*----------------------------------*\
  =========                 |
  \\      /  F ield         | OpenFOAM: The Open Source CFD Toolbox
   \\    /   O peration     | Website:  https://openfoam.org
    \\  /    A nd           | Version:  10
     \\/     M anipulation  |
\*---------------------------------------------------------------------------*/
FoamFile
{
    format      ascii;
    class       volScalarField;
    location    "44000";
    object      yPlus;
}
// * * * * * * * * * * * * * * * * * * * * * * * * * * * * * * * * * * * * * //

dimensions      [0 0 0 0 0 0 0];

internalField   uniform 0;

boundaryField
{
    right
    {
        type            cyclic;
    }
    left
    {
        type            cyclic;
    }
    outerWall
    {
        type            calculated;
        value           nonuniform List<scalar> 0();
    }
    stirrerWall
    {
        type            calculated;
        value           nonuniform List<scalar> 
398
(
0.219655
0.154088
0.116773
0.0974293
0.0867541
0.0803782
0.0764074
0.0741617
0.073359
0.0738692
0.075599
0.0784357
0.0823168
0.0871858
0.0928507
0.0992278
0.106321
0.11405
0.122398
0.131357
0.140967
0.150911
0.16119
0.171619
0.18208
0.192405
0.20242
0.211918
0.220727
0.228812
0.235933
0.241851
0.246375
0.24982
0.252292
0.253903
0.254852
0.25498
0.253874
0.251828
0.24928
0.244998
0.238871
0.232327
0.224814
0.216598
0.208048
0.199109
0.190457
0.181932
0.173468
0.165208
0.15721
0.149468
0.141958
0.134639
0.127391
0.12027
0.11342
0.106899
0.100719
0.094857
0.0892542
0.0839637
0.0788037
0.0738494
0.0690509
0.0643867
0.0599148
0.0556183
0.051622
0.0481361
0.0453159
0.0431521
0.0414391
0.0396021
0.0366847
0.0315326
0.0229902
0.0066596
0.0066596
0.0177679
0.00756124
0.0106804
0.0133088
0.0171675
0.0210895
0.0245447
0.0270683
0.0287565
0.0297148
0.0300429
0.0298516
0.0292485
0.0283262
0.027164
0.0257931
0.0243422
0.0228035
0.0212746
0.019909
0.0186385
0.0174369
0.0162892
0.0152052
0.0142023
0.01331
0.012561
0.0119974
0.0116824
0.011714
0.0123383
0.0137445
0.0159435
0.0188057
0.0221256
0.0256114
0.0290663
0.03233
0.0355182
0.0386712
0.0418352
0.0449946
0.0482411
0.0516517
0.0553115
0.0594115
0.0642264
0.0703097
0.0785529
0.0884489
0.100979
0.115553
0.132164
0.151559
0.173933
0.199256
0.227646
0.259143
0.293781
0.331573
0.372614
0.417142
0.465597
0.518595
0.576839
0.641052
0.712067
0.79121
0.879988
0.980259
1.09472
1.22544
1.37469
1.54432
1.72803
1.91651
2.10448
2.28711
2.46569
2.63403
2.78896
2.92937
3.05536
3.16825
3.26951
3.36274
3.45113
3.53701
3.62135
3.70447
3.78603
3.8656
3.94349
4.01336
4.06946
4.11766
4.15777
4.18697
4.20249
4.20643
4.20253
4.19139
4.17322
4.14963
4.11868
4.08023
4.03473
3.98243
3.92335
3.85764
3.78518
3.70585
3.6191
3.52414
3.42266
3.32345
3.21894
3.10885
2.99349
2.87358
2.75012
2.62416
2.49684
2.36958
2.24406
2.12222
2.00633
0.0258508
0.037713
0.0242885
0.0205674
0.0288248
0.0499849
0.0897907
0.141798
0.190299
0.228653
0.254894
0.269449
0.27256
0.265492
0.251226
0.229564
0.212458
0.196742
0.1804
0.163375
0.146222
0.129469
0.113627
0.0989759
0.0857056
0.0738237
0.0633562
0.0544656
0.0473769
0.0423305
0.0401352
0.0475529
0.0828988
0.151874
0.230359
0.289589
0.324886
0.339586
0.345472
0.359602
0.389798
0.432036
0.475136
0.511711
0.546846
0.581486
0.617176
0.658504
0.717101
0.816486
0.985166
1.36874
2.47463
4.56848
7.23076
9.66978
11.151
11.3629
11.0562
11.2193
9.61575
10.3909
12.4418
12.3415
11.5932
12.1322
12.5877
12.7414
11.2284
11.4185
11.5655
11.767
12.988
11.379
12.3414
13.3513
11.4267
11.57
11.7944
12.0105
12.2194
12.4222
12.6196
12.8124
13.0013
13.1871
13.371
13.5545
13.7371
13.9186
14.0996
14.2803
14.4611
14.6422
14.8239
15.0065
15.19
15.3749
15.5613
15.7494
15.9397
16.1328
16.3284
16.5268
16.7283
16.9332
17.1419
17.3546
17.5716
17.7928
0.0258508
0.0745108
0.110993
0.151377
0.154182
0.151577
0.152585
0.150405
0.165158
0.193219
0.229149
0.272861
0.324689
0.384709
0.452891
0.52917
0.613097
0.704
0.801109
0.903568
1.01051
1.12079
1.23362
1.34896
1.46734
1.59076
1.72468
1.86115
1.99404
2.12326
2.24875
2.36993
2.4869
2.60026
2.71319
2.83068
2.94661
3.07001
3.19152
3.32505
3.43773
3.50686
3.58284
3.6602
3.74897
3.84493
3.9543
4.08316
4.23551
4.42229
4.6605
4.96779
5.372
5.9135
6.60912
7.3417
8.1607
9.10447
10.1984
11.4464
10.5564
10.6814
10.6436
11.7533
10.7702
10.8783
11.8211
9.63781
11.3872
11.6521
11.2424
9.21026
5.65212
2.37948
0.896153
0.627437
0.619222
0.56888
0.450545
0.321775
)
;
    }
    top
    {
        type            empty;
    }
    bottom
    {
        type            empty;
    }
    procBoundary1to0
    {
        type            processor;
        value           uniform 0;
    }
}


// ************************************************************************* //
