/*--------------------------------*- C++ -*----------------------------------*\
  =========                 |
  \\      /  F ield         | OpenFOAM: The Open Source CFD Toolbox
   \\    /   O peration     | Website:  https://openfoam.org
    \\  /    A nd           | Version:  10
     \\/     M anipulation  |
\*---------------------------------------------------------------------------*/
FoamFile
{
    format      ascii;
    class       volScalarField;
    location    "0";
    object      yPlus;
}
// * * * * * * * * * * * * * * * * * * * * * * * * * * * * * * * * * * * * * //

dimensions      [0 0 0 0 0 0 0];

internalField   uniform 0;

boundaryField
{
    right
    {
        type            cyclic;
    }
    left
    {
        type            cyclic;
    }
    outerWall
    {
        type            calculated;
        value           nonuniform List<scalar> 0();
    }
    stirrerWall
    {
        type            calculated;
        value           nonuniform List<scalar> 
398
(
0.656874
0.656869
0.656866
0.656863
0.656861
0.65686
0.65686
0.65686
0.656861
0.656862
0.656864
0.656866
0.656869
0.656872
0.656875
0.656878
0.656882
0.656886
0.656891
0.656895
0.6569
0.656905
0.65691
0.656915
0.65692
0.656925
0.65693
0.656935
0.656941
0.656946
0.656951
0.656956
0.656962
0.656967
0.656972
0.656977
0.656982
0.656987
0.656992
0.656997
0.657002
0.657007
0.657012
0.657017
0.657021
0.657026
0.65703
0.657035
0.657039
0.657044
0.657048
0.657052
0.657056
0.65706
0.657064
0.657068
0.657071
0.657075
0.657079
0.657082
0.657086
0.657089
0.657092
0.657095
0.657099
0.657102
0.657105
0.657107
0.65711
0.657113
0.657116
0.657118
0.657121
0.657124
0.657126
0.657128
0.657131
0.657133
0.657135
0.517409
0.517409
0.518981
0.520598
0.522263
0.523975
0.525737
0.52755
0.529415
0.531334
0.533308
0.53534
0.53743
0.539581
0.541793
0.54407
0.546413
0.548823
0.551303
0.553854
0.556479
0.559181
0.56196
0.564819
0.567761
0.570788
0.573903
0.577107
0.580404
0.583797
0.587287
0.590879
0.594574
0.598375
0.602287
0.606312
0.610453
0.614714
0.619097
0.623608
0.628249
0.633024
0.637936
0.642991
0.648192
0.653543
0.659049
0.664714
0.670543
0.67654
0.68271
0.689059
0.695591
0.702311
0.709226
0.716341
0.723662
0.731193
0.738943
0.746917
0.75512
0.763561
0.772246
0.781182
0.790376
0.799836
0.809569
0.819583
0.829887
0.840488
0.851396
0.862619
0.874166
0.886047
0.898271
0.910668
0.922891
0.93477
0.946316
0.957537
0.968444
0.979044
0.989347
0.99936
1.00909
1.01855
1.02774
1.03668
1.04536
1.0538
1.06201
1.06998
1.07773
1.08526
1.09258
1.09969
1.10661
1.11333
1.11986
1.12621
1.13238
1.13837
1.1442
1.14987
1.15537
1.16072
1.16592
1.17098
1.17589
1.18067
1.18531
1.18982
1.1942
1.19846
1.2026
1.20663
1.21054
1.21434
1.21803
1.22163
1.22512
1.22851
1.23181
1.23501
1.23812
1.24115
1.24409
1.24695
1.24973
0.517409
0.518981
0.520598
0.522263
0.523975
0.525737
0.52755
0.529415
0.531334
0.533308
0.53534
0.53743
0.539581
0.541793
0.54407
0.546413
0.548823
0.551303
0.553854
0.556479
0.559181
0.56196
0.564819
0.567761
0.570788
0.573903
0.577107
0.580404
0.583797
0.587287
0.590879
0.594574
0.598375
0.602287
0.606312
0.610453
0.614714
0.619097
0.623608
0.628249
0.633024
0.637936
0.642991
0.648192
0.653543
0.659049
0.664714
0.670543
0.67654
0.68271
0.689059
0.695591
0.702311
0.709226
0.716341
0.723662
0.731193
0.738943
0.746917
0.75512
0.763561
0.772246
0.781182
0.790376
0.799836
0.809569
0.819583
0.829887
0.840488
0.851396
0.862619
0.874166
0.886047
0.898271
0.910668
0.922891
0.93477
0.946316
0.957537
0.968444
0.979044
0.989347
0.99936
1.00909
1.01855
1.02774
1.03668
1.04536
1.0538
1.06201
1.06998
1.07773
1.08526
1.09258
1.09969
1.10661
1.11333
1.11986
1.12621
1.13238
1.13837
1.1442
1.14987
1.15537
1.16072
1.16592
1.17098
1.17589
1.18067
1.18531
0.517409
0.657135
0.657133
0.657131
0.657128
0.657126
0.657124
0.657121
0.657118
0.657116
0.657113
0.65711
0.657107
0.657105
0.657102
0.657099
0.657095
0.657092
0.657089
0.657086
0.657082
0.657079
0.657075
0.657071
0.657068
0.657064
0.65706
0.657056
0.657052
0.657048
0.657044
0.657039
0.657035
0.65703
0.657026
0.657021
0.657017
0.657012
0.657007
0.657002
0.656997
0.656992
0.656987
0.656982
0.656977
0.656972
0.656967
0.656962
0.656956
0.656951
0.656946
0.656941
0.656935
0.65693
0.656925
0.65692
0.656915
0.65691
0.656905
0.6569
0.656895
0.656891
0.656886
0.656882
0.656878
0.656875
0.656872
0.656869
0.656866
0.656864
0.656862
0.656861
0.65686
0.65686
0.65686
0.656861
0.656863
0.656866
0.656869
0.656874
)
;
    }
    top
    {
        type            empty;
    }
    bottom
    {
        type            empty;
    }
    procBoundary1to0
    {
        type            processor;
        value           uniform 0;
    }
}


// ************************************************************************* //
