/*--------------------------------*- C++ -*----------------------------------*\
  =========                 |
  \\      /  F ield         | OpenFOAM: The Open Source CFD Toolbox
   \\    /   O peration     | Website:  https://openfoam.org
    \\  /    A nd           | Version:  10
     \\/     M anipulation  |
\*---------------------------------------------------------------------------*/
FoamFile
{
    format      ascii;
    class       volScalarField;
    location    "10000";
    object      yPlus;
}
// * * * * * * * * * * * * * * * * * * * * * * * * * * * * * * * * * * * * * //

dimensions      [0 0 0 0 0 0 0];

internalField   uniform 0;

boundaryField
{
    right
    {
        type            cyclic;
    }
    left
    {
        type            cyclic;
    }
    outerWall
    {
        type            calculated;
        value           nonuniform List<scalar> 0();
    }
    stirrerWall
    {
        type            calculated;
        value           nonuniform List<scalar> 
398
(
0.0178223
0.0175996
0.0168087
0.0160643
0.015419
0.0148624
0.0143511
0.013866
0.0134044
0.0129664
0.0125515
0.0121611
0.0117967
0.0114561
0.0111365
0.010835
0.0105484
0.0102734
0.0100073
0.00974667
0.00948851
0.00923039
0.00897159
0.0087134
0.00845785
0.00820791
0.00796667
0.00773704
0.00752115
0.00732057
0.00713876
0.00697581
0.00682545
0.00668023
0.00653073
0.00638056
0.00619701
0.00594557
0.00565446
0.00541277
0.00527805
0.00521459
0.00519279
0.0052249
0.00531031
0.00544693
0.00562448
0.00582534
0.00604249
0.00627413
0.0065167
0.00676735
0.00702313
0.00728033
0.007533
0.0077712
0.00798389
0.00816824
0.00832796
0.00845433
0.0085323
0.00855496
0.00851699
0.00841672
0.00826715
0.00807262
0.00784402
0.00759023
0.0073176
0.00703093
0.0067335
0.00642519
0.00610113
0.0057513
0.00535997
0.00490534
0.00435736
0.00365486
0.00264674
0.000764169
0.000764169
0.002037
0.000781711
0.000932399
0.000850742
0.000801691
0.000730627
0.00065885
0.000594349
0.000543255
0.000508488
0.000491107
0.000491488
0.000506657
0.000531609
0.000564418
0.000604112
0.000650215
0.000702721
0.000762111
0.00082914
0.000904423
0.00098808
0.00107983
0.00117959
0.00128822
0.0014073
0.00153833
0.00168194
0.00183784
0.00200572
0.00218535
0.00237749
0.0025842
0.00280627
0.00304324
0.00329308
0.00355344
0.00382727
0.00411509
0.00441741
0.00474079
0.00508112
0.00544648
0.00583342
0.00621938
0.0066071
0.00699646
0.00736624
0.0077411
0.00811256
0.00845733
0.00877212
0.00909996
0.00913839
0.0098591
0.0106489
0.0112163
0.012553
0.0120855
0.0115073
0.0122615
0.0111689
0.0121555
0.0124038
0.0124573
0.0129452
0.013127
0.0128559
0.0140544
0.0126217
0.0151685
0.0125644
0.0173045
0.0130233
0.0201335
0.0135988
0.0214784
0.0142101
0.0197999
0.0214822
0.0174515
0.0230392
0.0155075
0.0174997
0.0209586
0.0204521
0.0193297
0.0289176
0.0157933
0.0203087
0.0229366
0.0133006
0.0143902
0.0239578
0.0132014
0.0192084
0.0139685
0.016283
0.0172653
0.0133956
0.021185
0.0117948
0.013952
0.013537
0.00921679
0.0099253
0.0122543
0.012949
0.0127107
0.0125027
0.0129218
0.013249
0.0140983
0.0146842
0.0147383
0.01431
0.0135375
0.0137946
0.0139571
0.0137184
0.0131355
0.0125708
0.0124324
0.0125259
0.0129748
0.0136606
0.0143467
0.00139878
0.00316974
0.00208585
0.00150798
0.00123528
0.00106888
0.00094259
0.000847882
0.000782673
0.000743526
0.000723416
0.000711335
0.000701949
0.000695028
0.000689914
0.000684723
0.000678395
0.000670102
0.000658712
0.000642985
0.000622396
0.00059671
0.000565795
0.000530015
0.000490147
0.000447214
0.000402574
0.000357613
0.000313567
0.000271016
0.000229944
0.000200015
0.000213408
0.0003994
0.000807893
0.00155654
0.00264266
0.00360021
0.00411099
0.00400752
0.0036865
0.00339026
0.00335348
0.00314945
0.00409809
0.00379781
0.00584657
0.0049731
0.00686953
0.00719561
0.00715862
0.00913226
0.0083988
0.0103763
0.0109627
0.0123788
0.0138885
0.0156431
0.017695
0.0199906
0.0225939
0.0254984
0.0287355
0.0323181
0.0362751
0.0406311
0.0454136
0.0506598
0.0564098
0.0627183
0.069647
0.0772748
0.0857194
0.0951302
0.105538
0.116688
0.128429
0.140818
0.153882
0.167657
0.182184
0.197505
0.213674
0.230725
0.248702
0.267652
0.287591
0.308557
0.330587
0.35372
0.378018
0.403504
0.430256
0.45832
0.487683
0.518417
0.550597
0.584231
0.619325
0.655956
0.694243
0.734312
0.776236
0.820063
0.865825
0.913686
0.963912
1.0168
1.07272
1.13188
0.00139878
0.00414345
0.00590528
0.00763825
0.00901163
0.00864454
0.00721619
0.00634514
0.00657821
0.00786483
0.00707385
0.00550615
0.00448207
0.00363827
0.00332457
0.0039176
0.00505209
0.00663435
0.00623158
0.0050586
0.00467323
0.00525076
0.00544976
0.00546015
0.00552335
0.00592212
0.00627903
0.00658588
0.00704144
0.00741303
0.00782133
0.00841313
0.00919771
0.0102974
0.0115116
0.0126112
0.013854
0.0151919
0.0165253
0.017792
0.0189842
0.0200758
0.0209801
0.0216756
0.0222061
0.0226056
0.0228542
0.0229359
0.0228496
0.0226048
0.0222257
0.0217462
0.0211493
0.0204685
0.0197189
0.0189168
0.018072
0.0171803
0.0162338
0.0152348
0.0141914
0.0131186
0.0120582
0.0110935
0.010214
0.00944149
0.00886443
0.00851614
0.00841671
0.00862495
0.00916024
0.00995996
0.0109457
0.012041
0.0131683
0.0142656
0.0152908
0.0162197
0.0170297
0.0176761
)
;
    }
    top
    {
        type            empty;
    }
    bottom
    {
        type            empty;
    }
    procBoundary1to0
    {
        type            processor;
        value           uniform 0;
    }
}


// ************************************************************************* //
