/*--------------------------------*- C++ -*----------------------------------*\
  =========                 |
  \\      /  F ield         | OpenFOAM: The Open Source CFD Toolbox
   \\    /   O peration     | Website:  https://openfoam.org
    \\  /    A nd           | Version:  10
     \\/     M anipulation  |
\*---------------------------------------------------------------------------*/
FoamFile
{
    format      ascii;
    class       volScalarField;
    location    "76000";
    object      yPlus;
}
// * * * * * * * * * * * * * * * * * * * * * * * * * * * * * * * * * * * * * //

dimensions      [0 0 0 0 0 0 0];

internalField   uniform 0;

boundaryField
{
    right
    {
        type            cyclic;
    }
    left
    {
        type            cyclic;
    }
    outerWall
    {
        type            calculated;
        value           nonuniform List<scalar> 0();
    }
    stirrerWall
    {
        type            calculated;
        value           nonuniform List<scalar> 
398
(
0.600804
0.391745
0.248888
0.178072
0.145263
0.129678
0.121502
0.116817
0.114221
0.113252
0.11381
0.115839
0.119273
0.124013
0.129981
0.137132
0.145458
0.154796
0.165022
0.175948
0.187544
0.199731
0.212317
0.225121
0.23802
0.250775
0.263179
0.275042
0.28612
0.296037
0.304445
0.311616
0.317374
0.321503
0.324102
0.325361
0.32546
0.324439
0.322776
0.320828
0.318026
0.312536
0.303879
0.293678
0.283297
0.271958
0.260573
0.249332
0.238058
0.227057
0.216248
0.2058
0.195768
0.186139
0.17688
0.167929
0.159139
0.150589
0.142387
0.134578
0.127164
0.120115
0.113399
0.106961
0.100837
0.0948682
0.0890472
0.0834305
0.0778383
0.0724935
0.0673241
0.0625137
0.0583515
0.0549879
0.0522509
0.0495457
0.0457137
0.0392022
0.0284938
0.00822554
0.00822554
0.0219302
0.00944341
0.0134401
0.0171266
0.0223826
0.0276433
0.0322634
0.0356567
0.0379835
0.0393756
0.0399578
0.0398724
0.0392545
0.0382198
0.0368634
0.0352641
0.0334391
0.0315943
0.0297028
0.0279111
0.02628
0.0247567
0.0233286
0.021994
0.020761
0.0196667
0.0187602
0.0181045
0.0177876
0.0179349
0.0188572
0.0208346
0.0238704
0.0278427
0.0324738
0.0374411
0.042477
0.0475137
0.0525084
0.0575454
0.0625783
0.0676868
0.0728653
0.0784036
0.0841396
0.0900773
0.0967385
0.105483
0.116995
0.13092
0.148358
0.169064
0.192911
0.220959
0.254212
0.292305
0.335067
0.382443
0.434396
0.490931
0.552381
0.619525
0.693503
0.775575
0.867073
0.970073
1.08814
1.226
1.38954
1.58428
1.81456
2.08227
2.38549
2.71723
3.0575
3.38352
3.68585
3.95918
4.20868
4.42638
4.6147
4.77724
4.91714
5.03829
5.14449
5.23916
5.32686
5.4119
5.49722
5.58425
5.67329
5.76488
5.85752
5.94528
6.01892
6.08248
6.13897
6.18475
6.22001
6.23678
6.24565
6.24784
6.24299
6.23064
6.21049
6.18284
6.1479
6.104
6.05057
5.98743
5.91439
5.83116
5.73741
5.63277
5.51695
5.38958
5.25217
5.11141
4.96367
4.80727
4.64153
4.46661
4.283
4.09144
3.89303
3.6894
3.48253
0.033716
0.039706
0.0259584
0.0293338
0.0584425
0.128631
0.229765
0.326073
0.400531
0.448884
0.473677
0.478268
0.465884
0.436745
0.394576
0.351186
0.318643
0.28707
0.254409
0.221526
0.190102
0.161352
0.135832
0.113598
0.0943748
0.0780974
0.0652676
0.0555987
0.0487927
0.0508865
0.0858064
0.199817
0.3777
0.495616
0.545254
0.55032
0.525545
0.508583
0.526141
0.575193
0.640204
0.702169
0.754765
0.800614
0.845551
0.905406
1.02416
1.2516
1.76759
3.33928
6.02439
8.97608
10.8074
9.33571
9.62103
9.74928
10.2843
11.6323
12.1727
12.6795
12.9716
12.947
12.4909
11.2105
12.226
13.8905
14.213
14.171
13.6982
11.822
12.1197
12.4193
12.7203
13.0233
13.3264
13.6216
13.9045
14.1765
14.4385
14.6916
14.9365
15.1744
15.406
15.6319
15.8533
16.0709
16.2863
16.5012
16.715
16.9276
17.1394
17.3509
17.5624
17.7743
17.9868
18.2003
18.4151
18.6315
18.85
19.0712
19.295
19.5214
19.7509
19.9837
20.2203
20.4608
20.7058
20.9556
21.2107
21.4714
0.033716
0.100953
0.157579
0.220082
0.225687
0.213565
0.200374
0.189208
0.225061
0.27762
0.346168
0.431583
0.534667
0.655468
0.792236
0.942419
1.10375
1.27353
1.44872
1.62673
1.80559
1.9841
2.16151
2.33823
2.51637
2.70169
2.88409
3.05725
3.2229
3.38329
3.53641
3.68419
3.8279
3.96907
4.11445
4.26705
4.41713
4.5751
4.75113
4.8966
5.03264
5.19368
5.3855
5.61929
5.89907
6.25433
6.72354
7.36287
8.26224
9.26319
10.3625
10.354
10.4206
10.5644
11.4482
10.4225
10.3782
10.481
11.6264
10.492
11.5218
10.489
11.6545
11.8227
10.6172
11.8193
11.8953
11.7645
11.5514
10.2107
12.3666
11.6812
11.9305
9.65345
8.92325
7.25539
2.99136
1.129
0.843897
0.764199
)
;
    }
    top
    {
        type            empty;
    }
    bottom
    {
        type            empty;
    }
    procBoundary1to0
    {
        type            processor;
        value           uniform 0;
    }
}


// ************************************************************************* //
