/*--------------------------------*- C++ -*----------------------------------*\
  =========                 |
  \\      /  F ield         | OpenFOAM: The Open Source CFD Toolbox
   \\    /   O peration     | Website:  https://openfoam.org
    \\  /    A nd           | Version:  10
     \\/     M anipulation  |
\*---------------------------------------------------------------------------*/
FoamFile
{
    format      ascii;
    class       volScalarField;
    location    "18000";
    object      yPlus;
}
// * * * * * * * * * * * * * * * * * * * * * * * * * * * * * * * * * * * * * //

dimensions      [0 0 0 0 0 0 0];

internalField   uniform 0;

boundaryField
{
    right
    {
        type            cyclic;
    }
    left
    {
        type            cyclic;
    }
    outerWall
    {
        type            calculated;
        value           nonuniform List<scalar> 0();
    }
    stirrerWall
    {
        type            calculated;
        value           nonuniform List<scalar> 
398
(
0.26615
0.229133
0.197153
0.172397
0.153103
0.136865
0.122332
0.108623
0.0952112
0.0820808
0.0693995
0.057442
0.0465774
0.0373262
0.0302972
0.0256928
0.0231568
0.0220658
0.0219065
0.0223848
0.0233587
0.0247533
0.0265033
0.0285347
0.0307964
0.033261
0.035894
0.0387145
0.0417346
0.0449565
0.0483749
0.0520028
0.0558212
0.059732
0.0637013
0.0677044
0.0717804
0.0758961
0.0799936
0.0840425
0.0879919
0.0917656
0.095277
0.0985622
0.101554
0.10417
0.106416
0.108222
0.109021
0.108562
0.10713
0.105156
0.103374
0.101904
0.100005
0.0974071
0.0944176
0.0910803
0.0874146
0.083633
0.079727
0.0756053
0.0713453
0.0670675
0.0628466
0.0587321
0.0547613
0.0509641
0.047373
0.0440274
0.0409705
0.0382334
0.0358322
0.0337527
0.0319051
0.0300408
0.0276594
0.0239665
0.0177699
0.005237
0.005237
0.014004
0.00567455
0.00822406
0.00911001
0.0102125
0.0104537
0.0101427
0.00948193
0.00860871
0.00763303
0.00664254
0.00576992
0.00503383
0.00439892
0.00386083
0.00343254
0.00313697
0.0030048
0.00306165
0.00330862
0.00369759
0.00414225
0.00459006
0.00503026
0.00549122
0.0060063
0.00662733
0.00735758
0.00824217
0.0092741
0.0104974
0.0119095
0.0135415
0.0153995
0.0175033
0.0198668
0.0225022
0.0254162
0.0286113
0.0320858
0.0358358
0.0398562
0.0441433
0.0486954
0.0535149
0.0586077
0.0639826
0.0696514
0.0756253
0.0819263
0.0885772
0.0955994
0.103008
0.110776
0.1189
0.127428
0.13633
0.145579
0.155187
0.16511
0.175376
0.185953
0.196732
0.207376
0.218142
0.228484
0.238363
0.247711
0.256381
0.264384
0.271666
0.277946
0.283004
0.287168
0.290424
0.29245
0.293234
0.292949
0.291704
0.289678
0.287074
0.284006
0.28064
0.276896
0.273247
0.270404
0.26794
0.265325
0.262671
0.26012
0.257706
0.255494
0.253497
0.251672
0.250058
0.248665
0.247472
0.24648
0.245689
0.245085
0.244663
0.244416
0.244332
0.244406
0.244628
0.244989
0.245478
0.246084
0.246791
0.247581
0.248439
0.249349
0.2503
0.251272
0.252243
0.2532
0.254128
0.255014
0.255847
0.256619
0.257321
0.257954
0.258523
0.259036
0.259507
0.25996
0.260421
0.00814186
0.017172
0.0108013
0.00780792
0.00647917
0.00585871
0.00558636
0.00562034
0.00594963
0.00651808
0.00726012
0.00809081
0.00892526
0.00971264
0.0104184
0.0110096
0.0114693
0.0117996
0.0119999
0.0120729
0.0120334
0.0119061
0.0117313
0.0115641
0.0114785
0.0115846
0.0120864
0.0135612
0.0169678
0.0226588
0.0301641
0.0383612
0.0463463
0.0540333
0.0612041
0.0679816
0.0744376
0.0807756
0.0863944
0.0915596
0.0969035
0.102278
0.108511
0.116495
0.126585
0.138539
0.153159
0.170862
0.19034
0.21272
0.238885
0.269014
0.302703
0.339866
0.38043
0.424272
0.471262
0.521357
0.574675
0.631581
0.692576
0.758139
0.828773
0.905076
0.987755
1.0776
1.17555
1.2828
1.40093
1.53211
1.67915
1.84554
2.03638
2.25849
2.51863
2.81736
3.15199
3.52193
3.92362
4.35084
4.79563
5.24915
5.70223
6.1469
6.57634
6.9856
7.37145
7.73199
8.06621
8.37456
8.65791
8.91768
9.15564
9.37354
9.57362
9.75892
9.93089
10.0912
10.2413
10.3825
10.5159
10.6423
10.7621
10.8759
10.9835
11.0845
11.177
11.2576
11.3208
11.3609
0.00814186
0.0240097
0.0343366
0.0449084
0.0538397
0.0520178
0.0482817
0.0491516
0.0558858
0.067412
0.0741647
0.0835724
0.0966053
0.108323
0.122839
0.138165
0.154238
0.171096
0.188516
0.206858
0.226816
0.248389
0.27144
0.29547
0.320592
0.346221
0.371992
0.397234
0.421194
0.444677
0.467354
0.48845
0.507071
0.525096
0.542674
0.558493
0.571061
0.582615
0.593752
0.604302
0.614496
0.624063
0.632935
0.64115
0.648682
0.655585
0.662117
0.668379
0.674403
0.67983
0.683207
0.684599
0.685402
0.685856
0.685508
0.684496
0.683038
0.682067
0.680624
0.678715
0.675129
0.66951
0.66261
0.654502
0.645146
0.63429
0.621706
0.607247
0.590685
0.570951
0.547317
0.519461
0.489158
0.459299
0.434489
0.416307
0.398683
0.374642
0.343078
0.30568
)
;
    }
    top
    {
        type            empty;
    }
    bottom
    {
        type            empty;
    }
    procBoundary1to0
    {
        type            processor;
        value           uniform 0;
    }
}


// ************************************************************************* //
