/*--------------------------------*- C++ -*----------------------------------*\
  =========                 |
  \\      /  F ield         | OpenFOAM: The Open Source CFD Toolbox
   \\    /   O peration     | Website:  https://openfoam.org
    \\  /    A nd           | Version:  10
     \\/     M anipulation  |
\*---------------------------------------------------------------------------*/
FoamFile
{
    format      ascii;
    class       volScalarField;
    location    "37000";
    object      yPlus;
}
// * * * * * * * * * * * * * * * * * * * * * * * * * * * * * * * * * * * * * //

dimensions      [0 0 0 0 0 0 0];

internalField   uniform 0;

boundaryField
{
    right
    {
        type            cyclic;
    }
    left
    {
        type            cyclic;
    }
    outerWall
    {
        type            calculated;
        value           nonuniform List<scalar> 0();
    }
    stirrerWall
    {
        type            calculated;
        value           nonuniform List<scalar> 
398
(
0.161948
0.115477
0.0909015
0.0785474
0.0714524
0.0669882
0.0641123
0.0624977
0.0620301
0.0626642
0.0643574
0.067041
0.0706436
0.0751253
0.0802569
0.0860253
0.0923847
0.0993311
0.106847
0.114902
0.123478
0.132537
0.141808
0.151206
0.16059
0.16982
0.178729
0.187236
0.195223
0.202489
0.208908
0.214327
0.218599
0.221649
0.223927
0.225625
0.226731
0.227076
0.226204
0.22396
0.221066
0.216824
0.211606
0.206228
0.199791
0.192638
0.185216
0.17745
0.169746
0.162169
0.154675
0.147341
0.140204
0.13326
0.126499
0.119884
0.113308
0.10684
0.100628
0.0947232
0.0891307
0.0838215
0.0787711
0.0739599
0.0692924
0.0648432
0.0604807
0.0563346
0.0523439
0.0485619
0.0451442
0.0422834
0.0400421
0.0383825
0.0370849
0.0355904
0.0330328
0.0284158
0.0207298
0.00600832
0.00600832
0.0160321
0.00680758
0.00957369
0.0118023
0.0151257
0.0185081
0.0215581
0.0237882
0.0252712
0.0261037
0.0263741
0.0261797
0.0256166
0.0247684
0.0237059
0.0224758
0.0211576
0.0197617
0.018401
0.0171661
0.0160242
0.0149405
0.0139049
0.0129276
0.0120214
0.0112061
0.0105115
0.00997346
0.00964203
0.00959352
0.0100235
0.0111105
0.0128847
0.0152615
0.0180173
0.0209235
0.0237976
0.0265372
0.029108
0.0316778
0.0342645
0.0368421
0.039463
0.0421931
0.0452668
0.0486465
0.0527421
0.0577931
0.0646715
0.0728451
0.0831955
0.0953906
0.10921
0.125248
0.143614
0.164319
0.187501
0.213236
0.241592
0.272612
0.306377
0.343037
0.382867
0.426282
0.473807
0.526013
0.583498
0.64699
0.717438
0.795985
0.884172
0.983403
1.09619
1.22481
1.36583
1.51314
1.66298
1.8124
1.95928
2.10299
2.23646
2.35869
2.47003
2.57038
2.66195
2.74629
2.82643
2.90425
2.98049
3.05573
3.12924
3.20058
3.26934
3.33253
3.38474
3.42829
3.46562
3.49283
3.50762
3.5114
3.50752
3.4966
3.47985
3.45646
3.42609
3.38927
3.34629
3.29755
3.2434
3.18379
3.11851
3.04683
2.96814
2.88536
2.79898
2.71309
2.62279
2.52833
2.43029
2.3298
2.22796
2.12567
2.02393
1.92399
1.82731
1.7356
1.64998
0.0224815
0.0355163
0.0232479
0.0188217
0.0224549
0.0336905
0.0556696
0.0915613
0.12777
0.158536
0.181649
0.196223
0.202514
0.201763
0.195081
0.182421
0.170676
0.159975
0.148863
0.137223
0.12528
0.113268
0.101538
0.0903478
0.0798486
0.0702412
0.0615822
0.0539621
0.0475754
0.0426671
0.0396582
0.0403779
0.0559187
0.0886384
0.137683
0.188938
0.232827
0.262239
0.27995
0.297242
0.319334
0.350597
0.38701
0.423517
0.456661
0.489886
0.522406
0.553703
0.589009
0.634809
0.706628
0.82985
1.03821
1.59148
2.91641
5.03324
7.45418
9.57753
10.9058
11.0788
9.97124
9.31165
9.36171
9.44986
9.78747
10.2449
11.4897
11.6361
11.7084
12.1909
12.5989
12.7158
11.1322
11.1043
10.6604
10.9291
11.1418
11.5682
12.937
11.2194
11.3449
11.4406
11.5505
11.7333
11.9119
12.0875
12.2612
12.4345
12.6069
12.7784
12.9494
13.1201
13.2909
13.4621
13.6339
13.8065
13.9801
14.1549
14.3311
14.5089
14.6885
14.8704
15.0553
15.2426
15.4329
15.6265
15.8235
16.0243
16.2288
16.436
0.0224815
0.0638219
0.0931648
0.127378
0.129692
0.128756
0.132552
0.135466
0.148079
0.170888
0.199513
0.234071
0.274596
0.320943
0.373191
0.431376
0.495411
0.564907
0.639557
0.718825
0.802005
0.888595
0.978277
1.07087
1.16656
1.26684
1.37621
1.49175
1.60548
1.71718
1.82686
1.93345
2.03614
2.1354
2.23613
2.33813
2.43446
2.53702
2.64595
2.75632
2.87294
2.94048
2.98709
3.04362
3.09234
3.15136
3.21114
3.27447
3.34544
3.42762
3.52296
3.63627
3.77572
3.94753
4.15878
4.41512
4.72805
5.11133
5.58075
6.0899
6.60579
7.13291
7.66102
8.1571
8.56996
8.82648
8.82499
8.12804
6.58579
4.3998
2.30588
1.11025
0.749492
0.647776
0.667516
0.629109
0.540737
0.441757
0.337038
0.237729
)
;
    }
    top
    {
        type            empty;
    }
    bottom
    {
        type            empty;
    }
    procBoundary1to0
    {
        type            processor;
        value           uniform 0;
    }
}


// ************************************************************************* //
