/*--------------------------------*- C++ -*----------------------------------*\
  =========                 |
  \\      /  F ield         | OpenFOAM: The Open Source CFD Toolbox
   \\    /   O peration     | Website:  https://openfoam.org
    \\  /    A nd           | Version:  10
     \\/     M anipulation  |
\*---------------------------------------------------------------------------*/
FoamFile
{
    format      ascii;
    class       volScalarField;
    location    "16000";
    object      yPlus;
}
// * * * * * * * * * * * * * * * * * * * * * * * * * * * * * * * * * * * * * //

dimensions      [0 0 0 0 0 0 0];

internalField   uniform 0;

boundaryField
{
    right
    {
        type            cyclic;
    }
    left
    {
        type            cyclic;
    }
    outerWall
    {
        type            calculated;
        value           nonuniform List<scalar> 0();
    }
    stirrerWall
    {
        type            calculated;
        value           nonuniform List<scalar> 
398
(
0.189394
0.163575
0.142057
0.125102
0.112029
0.101455
0.092185
0.0836757
0.0755616
0.0675865
0.0596769
0.0518836
0.0443163
0.0371171
0.0305649
0.0250721
0.0209797
0.0183556
0.0169531
0.0164082
0.0164351
0.01687
0.0176289
0.0186651
0.0199462
0.0214497
0.0231361
0.0249766
0.0269625
0.0291334
0.0314598
0.0339568
0.0366571
0.0395213
0.0424705
0.0454878
0.0485436
0.0516891
0.0548966
0.0581238
0.0613259
0.0644572
0.067463
0.070353
0.0730974
0.0756247
0.0779096
0.0799097
0.0811546
0.0814252
0.0808675
0.0798941
0.0790486
0.078476
0.0777456
0.0764405
0.0746281
0.0724905
0.0700265
0.0672584
0.0643142
0.0612018
0.0578805
0.0544786
0.051081
0.047746
0.0445181
0.0414326
0.0385202
0.0358122
0.0333394
0.0311284
0.029189
0.0274992
0.0259685
0.0243873
0.0223689
0.0193131
0.0142844
0.00419951
0.00419951
0.0112261
0.00452356
0.00636782
0.00680725
0.00741346
0.00738124
0.00694978
0.00629501
0.0055332
0.00475133
0.00403301
0.00344937
0.00295956
0.00256138
0.00226677
0.00209546
0.00206661
0.00218073
0.00240946
0.00270461
0.00302325
0.00335371
0.0037061
0.0041068
0.00457373
0.00513032
0.00577485
0.00653527
0.00740786
0.00841769
0.00957182
0.0108836
0.0123642
0.0140255
0.0158759
0.0179208
0.0201634
0.0226062
0.0252492
0.0280915
0.0311338
0.034377
0.0378223
0.0414731
0.0453351
0.0494144
0.0537293
0.0582987
0.0631257
0.0682222
0.0735631
0.0791669
0.0850539
0.0912144
0.0976336
0.104342
0.111323
0.118769
0.126478
0.134056
0.141758
0.149386
0.156735
0.16383
0.170514
0.176766
0.182657
0.187738
0.192177
0.195934
0.199003
0.201396
0.202966
0.203517
0.202776
0.201012
0.199342
0.197576
0.195009
0.191951
0.188642
0.185239
0.181861
0.178492
0.175165
0.171966
0.168875
0.166058
0.16332
0.160765
0.159002
0.155813
0.154643
0.158995
0.156399
0.15007
0.149236
0.154487
0.151761
0.143728
0.13776
0.136107
0.135444
0.135574
0.136308
0.13751
0.14044
0.142638
0.144114
0.148917
0.151771
0.152808
0.152266
0.150457
0.148138
0.145293
0.141885
0.138218
0.135276
0.134943
0.135534
0.136438
0.13766
0.139044
0.14054
0.142249
0.144398
0.00550482
0.0119212
0.00762621
0.00556364
0.00463443
0.00414143
0.00385083
0.00373917
0.00380102
0.00400879
0.00432482
0.00469615
0.00508407
0.00545802
0.00579962
0.0060989
0.00634255
0.00651493
0.00660816
0.0066212
0.00656044
0.00643946
0.00627299
0.00608049
0.00589131
0.00574852
0.00572551
0.00598891
0.00714185
0.0100369
0.0149652
0.0210364
0.027133
0.0324609
0.0371817
0.0415235
0.045606
0.0494974
0.0531452
0.0566459
0.060083
0.0636413
0.0677259
0.0727024
0.079174
0.0870737
0.0963978
0.107898
0.120888
0.135372
0.151991
0.170993
0.192221
0.215679
0.24142
0.269415
0.299632
0.332049
0.366674
0.403558
0.442812
0.484647
0.529328
0.577146
0.628408
0.683452
0.742713
0.80672
0.875982
0.950924
1.03204
1.12011
1.21634
1.32271
1.44099
1.56957
1.70624
1.85144
2.00519
2.16766
2.33923
2.51988
2.70947
2.90792
3.11424
3.32715
3.54538
3.76741
3.99202
4.21815
4.44471
4.67056
4.89484
5.11683
5.33593
5.55157
5.76351
5.97112
6.17425
6.37343
6.57014
6.7644
6.95561
7.14415
7.33032
7.51445
7.69688
7.87797
8.05808
8.23756
0.00550482
0.016187
0.0230601
0.0299716
0.0355755
0.0342327
0.0315637
0.0323031
0.0375787
0.046558
0.0503076
0.0554345
0.0661524
0.0717033
0.0794303
0.0912545
0.0996507
0.109868
0.122324
0.133836
0.14633
0.160195
0.175175
0.191371
0.208402
0.226318
0.244523
0.262347
0.279212
0.295535
0.310283
0.32393
0.336459
0.348859
0.360402
0.371498
0.379944
0.387228
0.394805
0.401409
0.407668
0.413549
0.419075
0.424215
0.428958
0.433311
0.437333
0.440986
0.444244
0.446964
0.448884
0.449963
0.450392
0.450248
0.449677
0.448838
0.447853
0.447027
0.445232
0.442011
0.437781
0.433029
0.427635
0.42171
0.415253
0.408165
0.400265
0.391396
0.381426
0.370268
0.357935
0.344657
0.331031
0.317888
0.305677
0.293839
0.278854
0.261038
0.240024
0.215949
)
;
    }
    top
    {
        type            empty;
    }
    bottom
    {
        type            empty;
    }
    procBoundary1to0
    {
        type            processor;
        value           uniform 0;
    }
}


// ************************************************************************* //
