/*--------------------------------*- C++ -*----------------------------------*\
  =========                 |
  \\      /  F ield         | OpenFOAM: The Open Source CFD Toolbox
   \\    /   O peration     | Website:  https://openfoam.org
    \\  /    A nd           | Version:  10
     \\/     M anipulation  |
\*---------------------------------------------------------------------------*/
FoamFile
{
    format      ascii;
    class       volScalarField;
    location    "54000";
    object      yPlus;
}
// * * * * * * * * * * * * * * * * * * * * * * * * * * * * * * * * * * * * * //

dimensions      [0 0 0 0 0 0 0];

internalField   uniform 0;

boundaryField
{
    right
    {
        type            cyclic;
    }
    left
    {
        type            cyclic;
    }
    outerWall
    {
        type            calculated;
        value           nonuniform List<scalar> 0();
    }
    stirrerWall
    {
        type            calculated;
        value           nonuniform List<scalar> 
398
(
0.34116
0.227964
0.162975
0.129965
0.111578
0.0999254
0.0926067
0.0886159
0.0871087
0.0875473
0.0894894
0.0926786
0.0969687
0.102245
0.108385
0.115342
0.123122
0.131659
0.140873
0.150865
0.161332
0.172291
0.183573
0.195048
0.206582
0.217968
0.229043
0.239593
0.249385
0.258228
0.265998
0.272342
0.277402
0.281198
0.283723
0.285221
0.285886
0.285579
0.284099
0.28201
0.279672
0.274951
0.267769
0.259803
0.251013
0.241475
0.231475
0.221633
0.211883
0.202243
0.192738
0.183517
0.17463
0.166056
0.157766
0.149712
0.141769
0.134005
0.126548
0.119444
0.112697
0.106286
0.100182
0.0943438
0.0887891
0.0833317
0.0780962
0.0729312
0.0679738
0.063178
0.058606
0.0544784
0.0510525
0.0483637
0.0462065
0.0439925
0.0406744
0.0349228
0.0254271
0.00735475
0.00735475
0.0196165
0.00839158
0.0119002
0.0150062
0.0195067
0.0240374
0.0280211
0.0309335
0.0328968
0.0340322
0.0344534
0.0342884
0.0336595
0.0326715
0.0314107
0.0299483
0.0283086
0.0266469
0.0249647
0.0234035
0.0219805
0.0206511
0.01939
0.0182022
0.0171038
0.0161258
0.0153086
0.0147049
0.0143867
0.0144592
0.0151904
0.0167998
0.0192825
0.022558
0.0263867
0.0304407
0.0345099
0.038416
0.0423349
0.0462478
0.0502388
0.0542701
0.0584656
0.0627791
0.0673908
0.0723475
0.0778977
0.0849544
0.0945424
0.106099
0.120601
0.137737
0.157332
0.180284
0.207128
0.237725
0.272074
0.310185
0.352071
0.397712
0.447248
0.501086
0.559915
0.624599
0.696009
0.775215
0.863691
0.963639
1.07796
1.21006
1.36357
1.54085
1.74323
1.97023
2.21144
2.45298
2.68754
2.9094
3.12217
3.31698
3.49231
3.64842
3.7868
3.90851
4.01704
4.11612
4.20905
4.29887
4.38762
4.47605
4.56395
4.6514
4.73779
4.81595
4.87916
4.93378
4.98091
5.01574
5.03702
5.04522
5.04523
5.038
5.02343
5.00138
4.97352
4.93794
4.89413
4.84226
4.78243
4.7146
4.63856
4.55436
4.46172
4.36006
4.24846
4.13126
4.01244
3.88798
3.75677
3.61856
3.47389
3.32362
3.16874
3.01057
2.85088
2.69174
2.5356
0.0295796
0.03939
0.0250819
0.02342
0.0392437
0.0759521
0.141545
0.212399
0.27325
0.317308
0.344078
0.355393
0.353005
0.337233
0.312011
0.279371
0.257152
0.235677
0.213079
0.189743
0.166689
0.144794
0.12468
0.106609
0.0906011
0.0765493
0.0645885
0.0550258
0.0478919
0.0432508
0.0452346
0.0752858
0.163832
0.280915
0.36597
0.411695
0.426449
0.419648
0.419134
0.439943
0.482739
0.534412
0.58383
0.629671
0.671805
0.710478
0.755574
0.829391
0.973175
1.21139
1.96025
3.78402
6.50321
9.20931
10.7597
10.339
11.6042
10.3222
10.7605
11.1136
11.5985
11.8176
12.3843
12.8667
13.2209
13.3577
13.0184
11.136
12.0531
13.3403
11.7986
12.569
13.5792
11.6389
11.9163
12.187
12.4458
12.6946
12.9341
13.1653
13.3892
13.6066
13.8183
14.025
14.2274
14.4265
14.6235
14.8201
15.0157
15.2102
15.404
15.5975
15.791
15.9849
16.1794
16.3748
16.5713
16.7692
16.9688
17.1705
17.3748
17.5818
17.7914
18.0041
18.2201
18.4398
18.6636
18.8917
19.1246
19.3625
0.0295796
0.086648
0.131795
0.181004
0.184431
0.178778
0.174784
0.163601
0.187653
0.224291
0.271498
0.329469
0.398766
0.47973
0.572058
0.67512
0.787608
0.908413
1.03613
1.16913
1.30582
1.44479
1.58515
1.72692
1.87122
2.02099
2.18317
2.33883
2.48886
2.63302
2.77149
2.90524
3.03493
3.16291
3.29041
3.42182
3.55917
3.69383
3.83644
3.98168
4.08764
4.18694
4.29695
4.42413
4.57302
4.74874
4.95432
5.20981
5.54122
5.98172
6.58141
7.39897
8.25953
9.23677
10.3825
11.4081
10.8146
11.2237
11.9168
10.2208
11.555
11.1302
10.9099
10.8424
11.7272
11.9434
11.8842
11.6891
10.0498
9.64683
11.1153
11.4891
11.3466
8.6066
4.35099
1.43385
0.783175
0.68499
0.622889
0.488178
)
;
    }
    top
    {
        type            empty;
    }
    bottom
    {
        type            empty;
    }
    procBoundary1to0
    {
        type            processor;
        value           uniform 0;
    }
}


// ************************************************************************* //
