/*--------------------------------*- C++ -*----------------------------------*\
  =========                 |
  \\      /  F ield         | OpenFOAM: The Open Source CFD Toolbox
   \\    /   O peration     | Website:  https://openfoam.org
    \\  /    A nd           | Version:  10
     \\/     M anipulation  |
\*---------------------------------------------------------------------------*/
FoamFile
{
    format      ascii;
    class       volScalarField;
    location    "50000";
    object      yPlus;
}
// * * * * * * * * * * * * * * * * * * * * * * * * * * * * * * * * * * * * * //

dimensions      [0 0 0 0 0 0 0];

internalField   uniform 0;

boundaryField
{
    right
    {
        type            cyclic;
    }
    left
    {
        type            cyclic;
    }
    outerWall
    {
        type            calculated;
        value           nonuniform List<scalar> 0();
    }
    stirrerWall
    {
        type            calculated;
        value           nonuniform List<scalar> 
398
(
0.285719
0.184206
0.135957
0.114475
0.102544
0.094458
0.0887459
0.0850875
0.0832634
0.0831305
0.0845069
0.0871936
0.0910698
0.0960634
0.102017
0.108796
0.116394
0.124684
0.133627
0.143272
0.153499
0.164169
0.175204
0.186419
0.197665
0.20878
0.21958
0.229857
0.239383
0.247981
0.255591
0.261806
0.266717
0.27041
0.272935
0.274488
0.275277
0.275182
0.273836
0.27179
0.269406
0.264898
0.258123
0.250668
0.24229
0.23322
0.223719
0.214208
0.20483
0.195567
0.186404
0.177491
0.168892
0.160593
0.152562
0.144749
0.137031
0.12947
0.122203
0.115282
0.108715
0.102478
0.0965326
0.0908609
0.0854327
0.0801314
0.0750544
0.0700361
0.0652456
0.0606141
0.0562307
0.0523159
0.0490929
0.0465809
0.0445731
0.0424864
0.0393062
0.0337643
0.0246004
0.00712076
0.00712076
0.0189951
0.00810502
0.0114793
0.014413
0.0186816
0.0229891
0.0267772
0.0295444
0.0314057
0.0324749
0.0328596
0.032681
0.0320555
0.0310828
0.0298473
0.0284052
0.0268213
0.0251889
0.0235495
0.0220579
0.0206823
0.0193912
0.0181623
0.0170027
0.0159312
0.014979
0.0141857
0.0136006
0.0132926
0.0133695
0.0141023
0.0156967
0.0181215
0.0212872
0.0249603
0.0288083
0.0326392
0.0362901
0.039949
0.0435961
0.0472873
0.0509957
0.0548277
0.0587442
0.0629429
0.0675017
0.0727878
0.0795907
0.0887591
0.0998067
0.113744
0.129989
0.148577
0.170354
0.195652
0.224381
0.256605
0.29234
0.331598
0.374376
0.420798
0.471212
0.526212
0.586566
0.653073
0.72665
0.808495
0.900404
1.0047
1.12409
1.26206
1.42076
1.60198
1.80634
2.025
2.246
2.4628
2.66978
2.8701
3.05562
3.22388
3.37474
3.50927
3.62828
3.73473
3.83222
3.92432
4.01332
4.10099
4.18795
4.27393
4.35887
4.44237
4.51722
4.5776
4.62985
4.67404
4.70647
4.7249
4.73115
4.72937
4.7203
4.70392
4.6809
4.65146
4.61429
4.56929
4.51669
4.45659
4.38887
4.31362
4.23063
4.13951
4.03959
3.93132
3.82036
3.70616
3.58649
3.46056
3.32847
3.19095
3.04891
2.90352
2.75624
2.60882
2.46335
2.3222
0.0282781
0.0390807
0.0249839
0.0224122
0.0353137
0.0661167
0.121648
0.185187
0.241388
0.283307
0.309902
0.322534
0.322344
0.31007
0.289222
0.260887
0.24071
0.221547
0.201491
0.180707
0.16
0.140118
0.12163
0.104834
0.089821
0.0765336
0.0650266
0.0555113
0.0482237
0.0432933
0.0424383
0.0593633
0.120829
0.219837
0.308116
0.362878
0.388832
0.392744
0.396712
0.414123
0.449279
0.495073
0.540317
0.582113
0.619259
0.653791
0.695133
0.751417
0.855597
1.03732
1.43881
2.63779
4.87148
7.60819
9.89775
10.8944
10.8627
11.1826
9.62711
10.3901
12.4785
12.4118
11.6831
12.2175
12.6595
12.9246
12.7398
10.9338
11.7874
12.7878
11.0135
11.2633
11.9136
12.5217
12.3438
11.7889
12.0402
12.2828
12.5164
12.7419
12.9602
13.1721
13.3785
13.58
13.7773
13.9715
14.1636
14.3553
14.546
14.7357
14.9247
15.1135
15.3022
15.4913
15.681
15.8716
16.0633
16.2563
16.451
16.6476
16.8467
17.0485
17.2528
17.4601
17.6706
17.8847
18.1028
18.3251
18.552
18.7836
0.0282781
0.0823316
0.124306
0.169896
0.172851
0.16846
0.166424
0.157308
0.179312
0.21267
0.255498
0.307849
0.370191
0.442774
0.525457
0.617886
0.719066
0.82812
0.943899
1.0652
1.1906
1.31882
1.44899
1.58106
1.71588
1.85621
2.00889
2.15835
2.30272
2.44182
2.57534
2.70364
2.82953
2.95322
3.07616
3.20199
3.3311
3.4626
3.59813
3.74072
3.84439
3.93058
4.03079
4.13845
4.25855
4.3984
4.56198
4.75893
5.00793
5.33077
5.75766
6.34023
7.11519
7.934
8.86368
9.9528
11.2307
11.5758
11.5889
11.6044
11.7072
10.9407
10.7386
10.5857
10.3946
10.4644
11.3692
11.4411
11.1537
10.2411
9.70218
9.09422
9.20287
5.82623
2.36112
0.921898
0.68448
0.655225
0.569781
0.428203
)
;
    }
    top
    {
        type            empty;
    }
    bottom
    {
        type            empty;
    }
    procBoundary1to0
    {
        type            processor;
        value           uniform 0;
    }
}


// ************************************************************************* //
