/*--------------------------------*- C++ -*----------------------------------*\
  =========                 |
  \\      /  F ield         | OpenFOAM: The Open Source CFD Toolbox
   \\    /   O peration     | Website:  https://openfoam.org
    \\  /    A nd           | Version:  10
     \\/     M anipulation  |
\*---------------------------------------------------------------------------*/
FoamFile
{
    format      ascii;
    class       volScalarField;
    location    "29000";
    object      yPlus;
}
// * * * * * * * * * * * * * * * * * * * * * * * * * * * * * * * * * * * * * //

dimensions      [0 0 0 0 0 0 0];

internalField   uniform 0;

boundaryField
{
    right
    {
        type            cyclic;
    }
    left
    {
        type            cyclic;
    }
    outerWall
    {
        type            calculated;
        value           nonuniform List<scalar> 0();
    }
    stirrerWall
    {
        type            calculated;
        value           nonuniform List<scalar> 
398
(
0.227308
0.160601
0.110815
0.0806819
0.0643049
0.0556654
0.0508463
0.0480937
0.0466316
0.0461299
0.0464296
0.0474422
0.0490893
0.0513209
0.0541064
0.0574207
0.0612425
0.0655425
0.0702739
0.0753796
0.0807991
0.0864745
0.092382
0.098523
0.10478
0.11102
0.117052
0.122945
0.128547
0.133803
0.138592
0.142831
0.146459
0.14945
0.151776
0.153348
0.154246
0.15449
0.153457
0.150984
0.147864
0.145118
0.142444
0.139028
0.135123
0.130807
0.126045
0.121088
0.116059
0.110962
0.10583
0.100806
0.0958929
0.0910592
0.0863108
0.0816336
0.0769611
0.072347
0.0678996
0.0636777
0.0597056
0.0559386
0.0523746
0.0489738
0.0457544
0.042697
0.0397931
0.037075
0.0346143
0.0324864
0.0307262
0.0293642
0.0284278
0.0278497
0.0273798
0.0265465
0.0247327
0.0213076
0.0155575
0.0045116
0.0045116
0.0120388
0.00508116
0.00703995
0.00831935
0.0103202
0.0123461
0.0142217
0.0156461
0.0165867
0.0171297
0.0173267
0.0172324
0.0169023
0.0163868
0.0157291
0.0149658
0.0141268
0.0132403
0.0123337
0.0115068
0.0107429
0.0100185
0.00933225
0.00868502
0.00807991
0.00752937
0.00705049
0.00666449
0.00639858
0.00629106
0.00641752
0.00690978
0.0078013
0.00908134
0.0106585
0.0123859
0.0141352
0.0158311
0.017439
0.0189703
0.0204497
0.0219587
0.0234842
0.0251034
0.0268733
0.0289533
0.0313886
0.0344077
0.0382253
0.0432444
0.0490747
0.0564203
0.0647787
0.0743076
0.0851755
0.0973556
0.11088
0.125822
0.142263
0.160292
0.180015
0.20156
0.225081
0.250757
0.278812
0.30952
0.34321
0.380259
0.421057
0.465962
0.515363
0.570148
0.631256
0.699895
0.775609
0.856042
0.941427
1.03134
1.12417
1.21805
1.31119
1.40701
1.49856
1.58495
1.66395
1.736
1.80321
1.86552
1.92488
1.98185
2.03697
2.091
2.14387
2.19551
2.24583
2.29341
2.33687
2.37393
2.4058
2.43325
2.45348
2.46254
2.46391
2.45926
2.4485
2.431
2.40808
2.38056
2.34844
2.31183
2.27086
2.2255
2.17471
2.12012
2.06224
2.00044
1.93653
1.87542
1.81102
1.74473
1.6771
1.60906
1.5414
1.47478
1.41001
1.3478
1.28859
0.0174696
0.0310251
0.0200262
0.0158858
0.016266
0.019995
0.0267497
0.0384411
0.0561077
0.0726194
0.0861976
0.0965512
0.1033
0.106366
0.106104
0.103036
0.100166
0.0960351
0.0914872
0.086597
0.0813287
0.075734
0.0699704
0.0641927
0.0585512
0.0532274
0.0483292
0.0439872
0.0404151
0.0378915
0.0370577
0.0415802
0.0537401
0.0741667
0.102104
0.132862
0.161869
0.187186
0.209272
0.231242
0.254481
0.278452
0.301795
0.325012
0.347576
0.372341
0.398526
0.426314
0.456403
0.488304
0.526571
0.574255
0.645205
0.741759
0.876265
1.10055
1.62256
2.69633
4.3238
6.25033
8.1576
9.77206
10.8453
11.2561
11.1796
10.3651
11.722
10.7922
11.2007
11.4774
10.894
9.97091
11.0072
9.75214
10.0119
10.4113
11.8236
12.1717
12.4465
12.4738
11.15
11.3086
11.4561
11.6342
12.48
11.3047
11.9573
12.7868
11.4434
11.7638
12.7387
11.428
11.5522
11.658
11.8201
11.9821
12.1451
12.3091
12.4744
12.6411
12.8095
12.9798
13.1523
13.3276
13.5059
13.6871
13.871
14.057
14.243
14.432
0.0174696
0.0502988
0.0731899
0.0991088
0.105745
0.102845
0.104382
0.110827
0.125286
0.144043
0.166298
0.192148
0.221579
0.254641
0.291281
0.331464
0.375111
0.422124
0.472288
0.525374
0.581168
0.639453
0.700174
0.763595
0.83086
0.906032
0.986206
1.06666
1.14697
1.22661
1.30575
1.3852
1.4643
1.53969
1.61029
1.68042
1.75234
1.82722
1.90547
1.98831
2.09203
2.15768
2.17378
2.20298
2.22723
2.23779
2.25284
2.27442
2.29492
2.31282
2.33105
2.35254
2.37686
2.40216
2.42654
2.44766
2.46379
2.47396
2.47573
2.46405
2.43897
2.39718
2.32479
2.21203
2.04843
1.83263
1.57987
1.32569
1.10544
0.939069
0.821783
0.719506
0.683941
0.706933
0.688277
0.608007
0.52051
0.443498
0.370545
0.299638
)
;
    }
    top
    {
        type            empty;
    }
    bottom
    {
        type            empty;
    }
    procBoundary1to0
    {
        type            processor;
        value           uniform 0;
    }
}


// ************************************************************************* //
